learning
The learning mode will be enabled, you'll need to reboot the board to return to normal operation
0 -0.29
1 -63.28
2 -123.05
3 -0.29
4 -76.46
5 -123.34
6 -0.59
7 -77.05
8 -122.75
9 -0.29
10 -67.38
11 -123.05
0 -0.59
1 -63.28
2 -123.05
3 -0.29
4 -76.46
5 -123.05
6 -0.59
7 -77.05
8 -122.75
9 -0.29
10 -67.38
11 -123.05
0 0.00
1 -63.28
2 -123.05
3 0.00
4 -76.17
5 -123.05
6 -0.59
7 -77.05
8 -122.75
9 -0.29
10 -67.38
11 -123.05
0 -0.59
1 -63.28
2 -123.05
3 -0.29
4 -76.17
5 -123.05
6 -0.59
7 -77.05
8 -122.75
9 -0.29
10 -67.38
11 -123.05
0 0.00
1 -63.57
2 -123.05
3 0.00
4 -76.46
5 -139.16
6 -0.59
7 -77.05
8 -122.75
9 -0.29
10 -67.38
11 -123.05
0 -0.29
1 -63.28
2 -123.34
3 -0.29
4 -76.46
5 -123.34
6 -0.59
7 -77.05
8 -122.75
9 -0.29
10 -67.38
11 -123.05
0 -0.29
1 -63.28
2 -123.05
3 -0.29
4 -76.46
5 -123.05
6 -0.59
7 -77.05
8 -122.75
9 -139.16
10 -67.38
11 -123.05
0 -0.29
1 -63.28
2 -123.05
3 -0.29
4 -76.46
5 -123.34
6 -0.59
7 -77.05
8 -122.75
9 -0.29
10 -67.38
11 -123.05
0 0.00
1 -63.28
2 -123.05
3 -0.29
4 -76.46
5 -123.05
6 -0.59
7 -77.05
8 -122.75
9 -0.29
10 -67.38
11 -123.05
0 -0.29
1 -63.28
2 -123.05
3 -0.29
4 -76.46
5 -123.34
6 -0.59
7 -77.05
8 -139.16
9 -0.29
10 -67.38
11 -123.05
0 -0.29
1 -63.28
2 -123.05
3 -0.29
4 -76.46
5 -123.05
6 -0.59
7 -77.05
8 -122.75
9 -0.29
10 -67.38
11 -123.05
0 0.00
1 -63.28
2 -123.05
3 -0.29
4 -76.46
5 -123.05
6 -0.59
7 -77.05
8 -122.75
9 -0.59
10 -67.38
11 -123.05
0 -0.29
1 -63.28
2 -123.05
3 -0.29
4 -76.46
5 -123.34
6 -0.59
7 -77.05
8 -122.75
9 -0.29
10 -67.38
11 -123.05
0 -0.29
1 -63.28
2 -123.05
3 -0.29
4 -76.46
5 -123.34
6 -0.59
7 -77.05
8 -139.16
9 -0.29
10 -67.38
11 -123.05
0 -0.29
1 -63.28
2 -123.05
3 -0.29
4 -76.76
5 -123.05
6 -0.59
7 -77.05
8 -122.75
9 -0.59
10 -67.38
11 -123.05
0 0.00
1 -63.28
2 -123.34
3 -0.29
4 -76.46
5 -123.05
6 -0.59
7 -77.05
8 -122.75
9 -0.29
10 -67.38
11 -123.05
0 -0.29
1 -63.28
2 -123.05
3 -0.29
4 -76.46
5 -123.05
6 -0.59
7 -77.05
8 -122.75
9 -139.16
10 -67.38
11 -139.16
0 -0.29
1 -63.28
2 -123.05
3 -0.29
4 -76.17
5 -123.05
6 -0.59
7 -77.05
8 -122.75
9 -0.59
10 -67.38
11 -123.05
0 -0.59
1 -63.28
2 -139.16
3 -0.29
4 -76.46
5 -123.34
6 -0.59
7 -77.05
8 -122.75
9 -0.29
10 -67.38
11 -123.05
0 -0.29
1 -63.28
2 -123.05
3 -0.29
4 -76.46
5 -123.05
6 -0.59
7 -77.05
8 -122.75
9 -0.29
10 -67.38
11 -123.05
0 -0.29
1 -63.28
2 -123.05
3 -0.29
4 -76.46
5 -123.05
6 -0.59
7 -77.05
8 -122.75
9 -0.59
10 -67.38
11 -123.05
0 -0.29
1 -63.28
2 -123.34
3 -0.29
4 -76.46
5 -123.34
6 -0.59
7 -77.05
8 -122.75
9 -0.59
10 -67.38
11 -123.05
0 -0.29
1 -63.28
2 -123.05
3 -0.29
4 -76.46
5 -123.05
6 -0.59
7 -77.05
8 -122.75
9 -0.29
10 -67.38
11 -123.05
0 -0.29
1 -63.28
2 -123.05
3 -0.29
4 -76.46
5 -123.34
6 -0.59
7 -77.05
8 -122.75
9 -0.29
10 -67.38
11 -123.05
0 -0.29
1 -63.28
2 -123.05
3 0.29
4 -76.46
5 -123.05
6 -0.59
7 -77.05
8 -122.75
9 -0.29
10 -67.38
11 -123.05
0 -0.29
1 -63.28
2 -123.05
3 -0.29
4 -76.46
5 -123.34
6 -0.59
7 -77.05
8 -122.75
9 -0.29
10 -67.38
11 -123.05
0 -0.29
1 -63.28
2 -123.05
3 -0.29
4 -76.46
5 -123.05
6 -0.59
7 -77.05
8 -122.75
9 -0.29
10 -67.38
11 -122.46
0 -0.29
1 -63.28
2 -123.63
3 -0.29
4 -76.17
5 -123.34
6 -0.59
7 -77.05
8 -122.75
9 -0.29
10 -67.38
11 -123.05
0 0.00
1 -63.57
2 -123.05
3 -0.29
4 -76.46
5 -123.05
6 -0.59
7 -77.05
8 -122.75
9 -0.29
10 -139.16
11 -123.05
0 -0.29
1 -63.28
2 -123.05
3 -0.29
4 -76.46
5 -123.05
6 -0.59
7 -77.05
8 -122.75
9 -0.29
10 -67.38
11 -123.05
0 -0.29
1 -63.57
2 -123.05
3 -0.29
4 -76.46
5 -123.05
6 -0.59
7 -77.05
8 -122.75
9 -0.29
10 -67.38
11 -123.05
0 -0.29
1 -63.28
2 -123.05
3 -0.29
4 -76.17
5 -123.05
6 -139.16
7 -77.05
8 -122.75
9 -0.29
10 -67.38
11 -123.05
0 -139.16
1 -63.28
2 -123.05
3 -0.29
4 -76.46
5 -123.34
6 -0.59
7 -77.05
8 -122.75
9 -0.29
10 -67.38
11 -123.05
0 0.00
1 -63.28
2 -123.05
3 -0.29
4 -76.46
5 -123.05
6 -0.59
7 -77.05
8 -122.75
9 -0.29
10 -67.38
11 -123.05
0 -0.29
1 -63.28
2 -123.05
3 -0.29
4 -76.17
5 -123.05
6 -1.17
7 -77.05
8 -122.75
9 -0.29
10 -67.38
11 -123.05
0 0.00
1 -63.28
2 -123.05
3 -0.29
4 -76.46
5 -123.05
6 -0.59
7 -77.05
8 -122.75
9 -0.29
10 -67.38
11 -123.05
0 -0.29
1 -63.28
2 -123.05
3 -0.29
4 -76.46
5 -123.34
6 -0.59
7 -77.05
8 -122.75
9 -0.29
10 -67.38
11 -123.05
0 -0.29
1 -63.28
2 -123.05
3 -0.29
4 -76.46
5 -123.05
6 -139.16
7 -77.05
8 -122.75
9 -0.59
10 -67.38
11 -123.05
0 -0.29
1 -63.28
2 -123.05
3 -0.29
4 -76.17
5 -123.34
6 -0.59
7 -77.05
8 -122.75
9 -0.29
10 -67.38
11 -123.05
0 -0.29
1 -62.40
2 -123.05
3 -0.29
4 -76.46
5 -123.34
6 -0.59
7 -77.05
8 -122.75
9 -0.29
10 -139.16
11 -123.05
0 -0.29
1 -63.28
2 -123.05
3 -0.29
4 -76.46
5 -123.05
6 -0.59
7 -77.05
8 -122.75
9 -0.29
10 -67.38
11 -123.05
0 -0.29
1 -63.28
2 -123.05
3 -0.29
4 -76.17
5 -123.05
6 -0.59
7 -77.05
8 -122.75
9 -0.29
10 -67.38
11 -123.05
0 -0.29
1 -63.28
2 -123.05
3 -0.29
4 -76.17
5 -123.05
6 -0.59
7 -77.05
8 -122.75
9 -139.16
10 -67.38
11 -123.05
0 -0.29
1 -63.57
2 -123.05
3 -0.29
4 -76.46
5 -123.05
6 -0.59
7 -77.05
8 -122.75
9 -0.59
10 -67.38
11 -123.05
0 -0.29
1 -63.28
2 -123.05
3 -0.29
4 -76.17
5 -123.05
6 -0.59
7 -77.05
8 -122.75
9 0.00
10 -139.16
11 -123.05
0 -0.59
1 -63.28
2 -123.05
3 -0.29
4 -76.46
5 -123.34
6 -0.59
7 -77.05
8 -122.75
9 -0.29
10 -67.38
11 -123.05
0 -0.29
1 -63.57
2 -123.05
3 -0.29
4 -76.46
5 -123.05
6 -139.16
7 -77.05
8 -122.75
9 -0.29
10 -67.38
11 -123.05
0 -0.29
1 -63.28
2 -123.05
3 -0.59
4 -76.46
5 -123.05
6 -0.59
7 -77.05
8 -122.75
9 -0.29
10 -67.38
11 -123.05
0 -0.29
1 -63.28
2 -123.05
3 -0.29
4 -76.46
5 -123.34
6 -0.59
7 -77.05
8 -122.75
9 -0.29
10 -67.38
11 -123.05
0 -139.16
1 -63.28
2 -123.05
3 -0.59
4 -76.46
5 -123.05
6 -0.59
7 -77.05
8 -122.75
9 -0.29
10 -67.38
11 -123.05
0 -0.29
1 -63.28
2 -123.05
3 -0.59
4 -76.46
5 -139.16
6 -0.59
7 -77.05
8 -122.75
9 -0.29
10 -67.38
11 -123.05
0 -0.29
1 -63.28
2 -123.05
3 -1.46
4 -76.46
5 -123.05
6 -0.59
7 -77.05
8 -122.75
9 -0.29
10 -67.38
11 -123.05
0 0.00
1 -63.28
2 -123.05
3 -1.46
4 -76.46
5 -123.05
6 -0.59
7 -139.16
8 -122.75
9 -0.29
10 -67.38
11 -123.05
0 -0.29
1 -63.28
2 -123.05
3 -1.46
4 -76.46
5 -123.05
6 -0.59
7 -77.05
8 -122.75
9 -0.29
10 -67.38
11 -123.05
0 0.00
1 -63.57
2 -123.05
3 -1.46
4 -76.76
5 -123.05
6 -0.59
7 -77.05
8 -122.75
9 -0.29
10 -67.38
11 -123.05
0 -0.29
1 -63.57
2 -123.05
3 -1.46
4 -76.76
5 -123.05
6 -0.59
7 -77.05
8 -122.75
9 -0.29
10 -67.38
11 -123.05
0 -0.29
1 -63.28
2 -123.05
3 -0.88
4 -139.16
5 -123.05
6 -0.59
7 -77.05
8 -122.75
9 -0.59
10 -67.38
11 -123.05
0 0.00
1 -63.28
2 -123.05
3 -0.59
4 -76.76
5 -123.34
6 -0.59
7 -77.05
8 -122.75
9 -0.29
10 -67.38
11 -123.05
0 0.00
1 -63.57
2 -123.05
3 -0.59
4 -76.76
5 -123.05
6 -0.59
7 -77.05
8 -122.75
9 -0.29
10 -67.38
11 -123.05
0 0.00
1 -63.28
2 -123.05
3 -0.29
4 -76.76
5 -123.05
6 -0.59
7 -77.34
8 -122.75
9 -0.29
10 -67.38
11 -123.05
0 -0.29
1 -63.28
2 -123.05
3 0.00
4 -76.76
5 -123.05
6 -0.59
7 -77.05
8 -122.75
9 -0.29
10 -67.38
11 -123.05
0 -0.29
1 -63.28
2 -123.05
3 0.00
4 -76.76
5 -122.75
6 -0.59
7 -77.05
8 -122.75
9 -0.29
10 -67.38
11 -123.05
0 -0.29
1 -63.57
2 -123.34
3 0.29
4 -77.05
5 -122.75
6 -0.59
7 -77.05
8 -122.75
9 -0.29
10 -67.38
11 -123.05
0 -0.59
1 -63.57
2 -123.05
3 0.29
4 -76.76
5 -122.46
6 -0.59
7 -77.05
8 -122.75
9 -0.29
10 -67.38
11 -123.05
0 -0.29
1 -63.28
2 -123.05
3 0.29
4 -77.05
5 -122.46
6 -0.59
7 -77.05
8 -122.75
9 -0.29
10 -67.38
11 -123.05
0 -0.29
1 -63.28
2 -122.75
3 0.59
4 -76.76
5 -122.17
6 -0.59
7 -77.05
8 -122.75
9 -0.29
10 -67.38
11 -123.05
0 -0.59
1 -63.28
2 -122.46
3 0.88
4 -76.76
5 -121.58
6 -0.59
7 -77.05
8 -122.75
9 -0.29
10 -67.38
11 -123.05
0 -0.88
1 -63.28
2 -122.17
3 0.59
4 -76.76
5 -121.29
6 -0.29
7 -77.05
8 -122.75
9 -0.29
10 -67.38
11 -123.05
0 -1.17
1 -63.28
2 -122.17
3 0.59
4 -76.76
5 -120.70
6 -0.29
7 -77.05
8 -122.75
9 -0.29
10 -67.38
11 -123.05
0 -1.17
1 -63.28
2 -121.87
3 -139.16
4 -76.76
5 -139.16
6 -0.59
7 -77.05
8 -122.75
9 -0.29
10 -67.38
11 -123.05
0 -1.46
1 -63.28
2 -121.58
3 0.59
4 -76.17
5 -119.24
6 -0.59
7 -77.05
8 -122.75
9 -0.29
10 -67.38
11 -123.05
0 -1.46
1 -63.28
2 -120.70
3 0.88
4 -76.17
5 -118.95
6 -0.59
7 -77.05
8 -122.75
9 -0.29
10 -67.38
11 -123.05
0 -1.46
1 -63.28
2 -120.41
3 0.59
4 -76.17
5 -118.65
6 -0.59
7 -77.05
8 -122.75
9 -0.29
10 -67.38
11 -123.05
0 -1.46
1 -63.28
2 -120.12
3 0.59
4 -76.17
5 -118.07
6 -0.59
7 -77.05
8 -122.75
9 -0.29
10 -67.38
11 -123.05
0 -1.76
1 -63.28
2 -119.82
3 0.88
4 -76.17
5 -117.77
6 -0.59
7 -77.05
8 -122.75
9 -0.29
10 -67.38
11 -123.05
0 -1.46
1 -63.28
2 -119.53
3 0.88
4 -75.88
5 -117.48
6 -0.59
7 -77.05
8 -122.75
9 -0.29
10 -67.38
11 -123.05
0 -1.46
1 -63.28
2 -118.95
3 0.88
4 -76.17
5 -117.19
6 -0.59
7 -77.05
8 -122.75
9 -0.29
10 -67.38
11 -123.05
0 -1.46
1 -63.28
2 -118.65
3 0.59
4 -76.17
5 -116.89
6 -0.59
7 -77.05
8 -122.75
9 -0.29
10 -67.38
11 -123.05
0 -1.46
1 -63.28
2 -139.16
3 0.59
4 -76.17
5 -116.60
6 -0.59
7 -77.05
8 -122.75
9 -0.59
10 -67.38
11 -123.05
0 -1.46
1 -63.28
2 -117.48
3 0.88
4 -75.88
5 -116.31
6 -0.59
7 -77.05
8 -122.75
9 -0.59
10 -67.38
11 -123.05
0 -1.76
1 -63.28
2 -116.89
3 0.59
4 -75.88
5 -115.72
6 -0.59
7 -77.05
8 -122.75
9 -0.29
10 -67.38
11 -123.05
0 -1.76
1 -63.28
2 -116.31
3 0.88
4 -75.59
5 -114.84
6 -0.59
7 -77.05
8 -122.75
9 -0.29
10 -67.38
11 -123.05
0 -1.46
1 -63.28
2 -115.14
3 0.59
4 -75.59
5 -114.55
6 -0.59
7 -77.05
8 -122.75
9 -0.29
10 -67.38
11 -123.05
0 -1.46
1 -63.28
2 -114.26
3 0.88
4 -75.29
5 -113.96
6 -0.59
7 -77.05
8 -122.75
9 -0.29
10 -67.38
11 -123.05
0 -1.76
1 -63.28
2 -113.09
3 0.88
4 -75.29
5 -112.79
6 -0.59
7 -77.05
8 -122.75
9 -0.29
10 -67.38
11 -123.05
0 -1.76
1 -63.28
2 -112.50
3 0.88
4 -75.00
5 -112.21
6 -0.59
7 -77.05
8 -122.75
9 -0.29
10 -67.38
11 -123.05
0 -2.05
1 -63.28
2 -111.33
3 0.88
4 -74.71
5 -110.74
6 -0.59
7 -77.05
8 -122.75
9 -0.29
10 -67.38
11 -123.05
0 -1.76
1 -62.70
2 -109.86
3 0.88
4 -74.12
5 -109.86
6 -0.59
7 -77.05
8 -122.75
9 -0.29
10 -67.38
11 -123.05
0 -1.76
1 -62.70
2 -108.40
3 0.88
4 -74.12
5 -108.98
6 -0.59
7 -77.05
8 -139.16
9 -0.29
10 -67.38
11 -123.05
0 -2.05
1 -62.40
2 -106.64
3 1.17
4 -73.54
5 -106.93
6 -0.59
7 -77.05
8 -122.75
9 -0.29
10 -67.38
11 -123.05
0 -2.05
1 -62.40
2 -104.88
3 0.88
4 -73.24
5 -105.47
6 -0.59
7 -77.05
8 -122.75
9 -0.29
10 -67.38
11 -123.05
0 -2.05
1 -62.11
2 -103.42
3 1.17
4 -72.66
5 -104.00
6 -0.59
7 -77.05
8 -122.75
9 -0.29
10 -67.38
11 -123.05
0 -2.34
1 -62.11
2 -102.25
3 1.17
4 -72.36
5 -102.25
6 -0.59
7 -77.05
8 -122.75
9 -0.29
10 -67.38
11 -123.05
0 -2.64
1 -61.82
2 -100.49
3 1.17
4 -72.07
5 -100.49
6 -0.59
7 -77.05
8 -122.75
9 -0.29
10 -67.38
11 -123.05
0 -2.64
1 -61.82
2 -98.73
3 1.17
4 -71.48
5 -98.73
6 -0.59
7 -139.16
8 -122.75
9 -0.29
10 -67.38
11 -123.05
0 -3.22
1 -61.23
2 -96.39
3 1.17
4 -70.31
5 -96.39
6 -0.59
7 -77.05
8 -122.75
9 -0.59
10 -67.38
11 -123.05
0 -3.52
1 -60.94
2 -95.51
3 1.46
4 -69.73
5 -94.92
6 -0.59
7 -77.05
8 -122.75
9 -0.29
10 -67.38
11 -123.05
0 -3.52
1 -60.64
2 -93.75
3 1.46
4 -69.14
5 -93.16
6 -0.59
7 -77.05
8 -122.75
9 -0.59
10 -67.38
11 -123.05
0 -3.52
1 -60.35
2 -92.29
3 1.17
4 -68.26
5 -91.11
6 -0.59
7 -77.05
8 -122.75
9 -0.29
10 -67.38
11 -123.05
0 -4.10
1 -59.47
2 -90.82
3 1.46
4 -67.68
5 -89.65
6 -0.59
7 -77.05
8 -122.75
9 -0.29
10 -67.38
11 -123.05
0 -3.52
1 -58.89
2 -89.65
3 1.17
4 -66.80
5 -87.89
6 -0.59
7 -77.05
8 -122.75
9 -0.29
10 -67.38
11 -123.05
0 -4.10
1 -58.30
2 -88.18
3 1.46
4 -65.92
5 -86.13
6 -0.59
7 -77.05
8 -122.75
9 -0.29
10 -67.38
11 -123.05
0 -4.10
1 -58.01
2 -87.30
3 1.46
4 -65.04
5 -84.37
6 -0.59
7 -77.05
8 -122.75
9 -0.59
10 -67.38
11 -123.05
0 -4.10
1 -57.42
2 -85.55
3 1.17
4 -64.16
5 -82.62
6 -0.59
7 -77.05
8 -122.75
9 -0.29
10 -67.38
11 -123.05
0 -4.10
1 -56.84
2 -84.67
3 1.46
4 -63.28
5 -80.86
6 -0.59
7 -77.05
8 -122.75
9 -0.29
10 -67.38
11 -123.05
0 -4.10
1 -55.96
2 -83.79
3 1.46
4 -62.40
5 -79.10
6 -0.59
7 -77.05
8 -122.75
9 -0.29
10 -67.38
11 -123.05
0 -4.39
1 -55.66
2 -82.32
3 1.46
4 -61.52
5 -77.64
6 -0.59
7 -77.05
8 -122.75
9 -0.59
10 -67.38
11 -123.05
0 -4.10
1 -54.79
2 -81.15
3 2.05
4 -60.64
5 -139.16
6 -0.59
7 -77.05
8 -122.75
9 -0.59
10 -67.38
11 -123.05
0 -4.10
1 -53.91
2 -79.10
3 2.34
4 -59.18
5 -73.24
6 -0.59
7 -77.05
8 -122.75
9 -0.29
10 -67.38
11 -123.05
0 -4.39
1 -53.32
2 -78.22
3 2.34
4 -57.71
5 -71.48
6 -0.59
7 -77.05
8 -122.75
9 -0.29
10 -67.38
11 -123.05
0 -4.10
1 -52.44
2 -76.76
3 2.64
4 -139.16
5 -68.55
6 -0.59
7 -77.05
8 -122.75
9 -0.29
10 -67.38
11 -123.05
0 -4.10
1 -51.56
2 -74.71
3 2.64
4 -55.37
5 -66.50
6 -0.59
7 -77.05
8 -122.75
9 -0.29
10 -67.38
11 -123.05
0 -4.10
1 -51.27
2 -72.95
3 2.93
4 -54.79
5 -64.75
6 -0.59
7 -77.05
8 -122.75
9 -0.59
10 -67.38
11 -123.05
0 -4.10
1 -50.68
2 -71.19
3 2.93
4 -53.32
5 -62.99
6 -0.59
7 -77.05
8 -122.75
9 -0.59
10 -67.38
11 -123.05
0 -4.10
1 -49.80
2 -70.02
3 3.22
4 -52.15
5 -61.23
6 -0.59
7 -77.05
8 -122.75
9 -0.59
10 -67.38
11 -123.05
0 -4.10
1 -49.22
2 -68.26
3 3.52
4 -50.68
5 -59.18
6 -0.59
7 -77.05
8 -122.75
9 -0.29
10 -67.38
11 -123.05
0 -4.10
1 -48.05
2 -66.80
3 3.81
4 -49.80
5 -57.13
6 -0.59
7 -77.05
8 -122.75
9 -0.29
10 -67.38
11 -123.05
0 -4.10
1 -47.46
2 -65.04
3 4.10
4 -48.34
5 -55.66
6 -0.59
7 -77.05
8 -122.75
9 -0.29
10 -67.38
11 -123.05
0 -3.52
1 -46.58
2 -63.57
3 4.69
4 -46.88
5 -53.61
6 -0.59
7 -77.05
8 -122.75
9 -0.29
10 -67.38
11 -123.05
0 -4.10
1 -45.70
2 -61.82
3 5.27
4 -46.29
5 -51.86
6 -0.59
7 -77.05
8 -122.75
9 -0.29
10 -67.38
11 -123.05
0 -4.10
1 -44.82
2 -60.64
3 5.57
4 -44.82
5 -50.10
6 -0.59
7 -77.05
8 -122.75
9 -0.29
10 -67.38
11 -123.05
0 -4.10
1 -43.65
2 -58.89
3 6.15
4 -43.65
5 -48.63
6 -0.59
7 -77.05
8 -122.75
9 -0.29
10 -67.38
11 -123.05
0 -4.10
1 -42.77
2 -57.13
3 6.74
4 -42.19
5 -46.29
6 -0.59
7 -77.05
8 -122.75
9 -0.29
10 -67.38
11 -123.05
0 -4.10
1 -41.60
2 -55.37
3 6.45
4 -41.02
5 -44.24
6 -0.59
7 -77.05
8 -122.75
9 -0.29
10 -67.38
11 -123.05
0 -4.10
1 -41.02
2 -53.32
3 7.03
4 -39.84
5 -42.48
6 -0.59
7 -77.05
8 -122.75
9 -0.29
10 -67.38
11 -123.05
0 -4.39
1 -40.14
2 -51.56
3 7.62
4 -38.38
5 -40.72
6 -0.59
7 -77.05
8 -122.75
9 -0.29
10 -67.38
11 -123.05
0 -3.52
1 -39.26
2 -49.80
3 7.91
4 -37.21
5 -38.96
6 -0.59
7 -77.05
8 -122.75
9 -0.29
10 -67.38
11 -123.05
0 -4.10
1 -38.96
2 -47.46
3 7.91
4 -36.04
5 -36.62
6 -139.16
7 -77.05
8 -122.75
9 -0.29
10 -67.38
11 -123.05
0 -4.10
1 -36.91
2 -44.82
3 8.79
4 -33.69
5 -33.69
6 -0.59
7 -77.05
8 -122.75
9 -0.29
10 -67.38
11 -123.05
0 -4.39
1 -36.04
2 -42.77
3 9.08
4 -32.23
5 -31.64
6 -0.59
7 -77.05
8 -122.75
9 -0.29
10 -67.38
11 -123.05
0 -4.10
1 -35.16
2 -41.02
3 9.08
4 -31.05
5 -29.59
6 -0.59
7 -77.05
8 -122.75
9 -0.29
10 -67.38
11 -123.05
0 -4.10
1 -33.69
2 -39.26
3 9.67
4 -29.59
5 -27.54
6 -0.59
7 -77.05
8 -122.75
9 -0.59
10 -67.38
11 -123.05
0 -4.10
1 -32.81
2 -37.21
3 10.25
4 -27.83
5 -25.78
6 -0.59
7 -77.05
8 -122.75
9 -0.29
10 -66.80
11 -123.05
0 -4.10
1 -31.64
2 -35.16
3 10.55
4 -26.95
5 -24.02
6 -0.88
7 -77.05
8 -122.75
9 -0.29
10 -67.38
11 -122.75
0 -4.10
1 -30.18
2 -33.40
3 10.55
4 -25.49
5 -22.27
6 -0.59
7 -77.05
8 -122.75
9 -0.29
10 -67.38
11 -123.05
0 -4.39
1 -29.00
2 -31.64
3 11.13
4 -24.32
5 -20.21
6 -0.59
7 -77.05
8 -122.75
9 -0.59
10 -67.38
11 -123.05
0 -4.10
1 -28.12
2 -29.88
3 11.43
4 -23.14
5 -18.75
6 -0.59
7 -77.05
8 -122.75
9 -0.29
10 -67.38
11 -123.05
0 -4.10
1 -26.66
2 -28.12
3 11.43
4 -21.68
5 -16.70
6 -0.59
7 -77.05
8 -122.75
9 -0.29
10 -67.38
11 -123.05
0 -4.10
1 -25.49
2 -26.66
3 11.72
4 -20.51
5 -15.23
6 -0.59
7 -77.05
8 -122.75
9 -0.29
10 -67.38
11 -123.05
0 -4.10
1 -24.61
2 -24.90
3 12.01
4 -18.75
5 -12.89
6 -0.59
7 -77.05
8 -139.16
9 -0.29
10 -67.38
11 -123.05
0 -4.10
1 -22.27
2 -22.27
3 12.01
4 -16.70
5 -10.55
6 -0.59
7 -77.05
8 -122.75
9 -0.29
10 -67.38
11 -123.05
0 -4.10
1 -21.09
2 -21.09
3 12.01
4 -15.53
5 -9.08
6 -0.59
7 -77.05
8 -122.75
9 -0.59
10 -67.38
11 -123.05
0 -4.39
1 -19.63
2 -19.63
3 12.01
4 -14.65
5 -7.62
6 -0.59
7 -77.05
8 -122.75
9 -0.29
10 -67.38
11 -123.05
0 -4.10
1 -18.75
2 -18.16
3 12.01
4 -14.06
5 -6.45
6 -0.59
7 -76.76
8 -122.75
9 -0.29
10 -67.38
11 -123.05
0 -4.10
1 -18.16
2 -16.99
3 12.01
4 -13.48
5 -6.15
6 -0.59
7 -77.05
8 -122.75
9 -0.29
10 -67.38
11 -123.05
0 -3.52
1 -17.87
2 -16.99
3 11.72
4 -13.18
5 -5.86
6 -0.59
7 -77.05
8 -122.75
9 -0.29
10 -67.38
11 -123.05
0 -3.22
1 -17.29
2 -16.70
3 12.01
4 -13.48
5 -4.98
6 -0.59
7 -77.05
8 -122.75
9 -0.29
10 -67.38
11 -139.16
0 -3.22
1 -17.29
2 -16.70
3 11.72
4 -13.48
5 -4.98
6 -0.59
7 -77.05
8 -122.75
9 -0.59
10 -67.38
11 -123.05
0 -2.93
1 -17.29
2 -16.99
3 11.43
4 -13.18
5 -6.15
6 -0.59
7 -77.05
8 -122.75
9 -0.29
10 -67.38
11 -123.05
0 -2.93
1 -17.29
2 -16.99
3 11.43
4 -13.18
5 -6.15
6 -0.59
7 -77.05
8 -122.75
9 -0.29
10 -67.38
11 -123.05
0 -2.93
1 -16.99
2 -16.99
3 11.43
4 -13.18
5 -6.15
6 -0.59
7 -77.05
8 -122.75
9 -0.29
10 -67.38
11 -123.05
0 -2.93
1 -16.99
2 -16.99
3 11.43
4 -13.18
5 -6.15
6 -0.59
7 -77.05
8 -122.75
9 -0.29
10 -67.38
11 -123.05
0 -2.93
1 -16.99
2 -16.99
3 11.43
4 -13.18
5 -6.15
6 -0.59
7 -77.05
8 -122.75
9 -0.29
10 -67.38
11 -123.05
0 -2.93
1 -17.29
2 -16.99
3 11.72
4 -13.48
5 -6.15
6 -0.59
7 -77.05
8 -122.75
9 -0.29
10 -67.38
11 -123.05
0 -2.93
1 -16.99
2 -16.99
3 11.43
4 -13.18
5 -6.45
6 -0.59
7 -77.05
8 -122.75
9 -0.29
10 -67.38
11 -123.05
0 -2.93
1 -16.99
2 -16.99
3 11.43
4 -13.18
5 -6.15
6 -0.59
7 -77.05
8 -122.75
9 -0.29
10 -67.38
11 -123.05
0 -2.93
1 -16.99
2 -16.99
3 11.43
4 -13.18
5 -6.15
6 -0.59
7 -77.05
8 -122.75
9 -0.59
10 -67.38
11 -123.05
0 -2.64
1 -16.99
2 -16.99
3 11.43
4 -13.18
5 -6.15
6 -0.59
7 -77.05
8 -122.75
9 -0.59
10 -67.38
11 -123.05
0 -2.93
1 -16.99
2 -16.99
3 11.43
4 -13.18
5 -6.15
6 -0.59
7 -77.05
8 -122.75
9 -0.59
10 -67.68
11 -123.05
0 -2.93
1 -16.99
2 -16.99
3 11.13
4 -13.18
5 -6.15
6 -0.59
7 -77.05
8 -122.75
9 0.00
10 -67.38
11 -123.05
0 -2.93
1 -16.99
2 -16.99
3 11.43
4 -13.18
5 -6.15
6 -0.59
7 -77.05
8 -122.75
9 -0.29
10 -67.38
11 -123.05
0 -2.93
1 -16.99
2 -16.99
3 11.43
4 -13.18
5 -6.15
6 -0.59
7 -77.05
8 -122.75
9 -0.59
10 -67.38
11 -123.05
0 -2.93
1 -17.29
2 -16.99
3 11.13
4 -13.18
5 -6.15
6 -0.59
7 -77.05
8 -122.75
9 -0.29
10 -67.38
11 -123.05
0 -2.93
1 -16.99
2 -16.99
3 11.43
4 -13.18
5 -6.15
6 -0.59
7 -77.05
8 -122.75
9 -0.29
10 -67.38
11 -123.05
0 -2.93
1 -16.99
2 -16.99
3 11.43
4 -13.18
5 -6.15
6 -0.59
7 -77.05
8 -122.75
9 -0.59
10 -67.38
11 -123.05
0 -2.93
1 -17.29
2 -16.99
3 11.72
4 -13.18
5 -6.45
6 -0.59
7 -77.05
8 -122.75
9 -0.29
10 -67.38
11 -123.05
0 -2.93
1 -16.99
2 -16.99
3 11.13
4 -13.48
5 -6.15
6 -0.59
7 -77.05
8 -123.34
9 -0.29
10 -67.38
11 -123.05
0 -3.22
1 -16.99
2 -16.99
3 11.43
4 -13.18
5 -6.15
6 -0.59
7 -77.05
8 -122.75
9 -0.29
10 -67.38
11 -123.05
0 -3.22
1 -16.99
2 -16.99
3 11.43
4 -13.18
5 -6.15
6 -0.59
7 -77.05
8 -122.75
9 -0.59
10 -67.38
11 -123.05
0 -2.93
1 -16.99
2 -16.99
3 11.43
4 -13.18
5 -6.15
6 -0.59
7 -77.05
8 -122.75
9 -0.59
10 -67.38
11 -123.05
0 -2.93
1 -139.16
2 -16.99
3 11.43
4 -13.18
5 -6.15
6 -0.88
7 -77.05
8 -123.93
9 -0.88
10 -67.38
11 -123.05
0 -2.93
1 -17.29
2 -16.99
3 -139.16
4 -13.18
5 -6.15
6 -0.59
7 -77.34
8 -123.93
9 -2.05
10 -67.38
11 -123.05
0 -2.64
1 -16.99
2 -16.99
3 11.43
4 -13.18
5 -6.15
6 -0.59
7 -78.22
8 -123.63
9 -2.34
10 -67.38
11 -123.05
0 -2.05
1 -17.29
2 -16.99
3 11.43
4 -13.18
5 -6.15
6 -0.29
7 -78.22
8 -122.46
9 -2.64
10 -67.38
11 -123.34
0 -2.34
1 -17.29
2 -16.99
3 11.43
4 -13.18
5 -6.45
6 -0.29
7 -78.22
8 -121.87
9 -2.34
10 -67.38
11 -123.63
0 -2.34
1 -17.29
2 -16.99
3 11.13
4 -13.18
5 -6.15
6 -0.29
7 -78.22
8 -121.58
9 -2.34
10 -67.68
11 -124.22
0 -2.64
1 -16.99
2 -16.99
3 11.43
4 -13.18
5 -6.15
6 -0.29
7 -78.22
8 -121.58
9 -2.34
10 -67.68
11 -124.22
0 -2.64
1 -16.99
2 -16.99
3 11.13
4 -13.18
5 -6.15
6 -0.59
7 -78.22
8 -121.29
9 -2.34
10 -67.68
11 -124.22
0 -2.64
1 -16.99
2 -16.99
3 11.43
4 -13.18
5 -6.15
6 -0.59
7 -77.93
8 -121.00
9 -2.05
10 -67.68
11 -124.22
0 -2.93
1 -16.99
2 -16.99
3 11.13
4 -13.18
5 -6.15
6 -0.59
7 -77.93
8 -120.12
9 -1.76
10 -67.68
11 -124.22
0 -2.93
1 -16.99
2 -16.99
3 11.43
4 -13.18
5 -6.15
6 -0.59
7 -77.93
8 -119.24
9 -1.76
10 -67.38
11 -122.75
0 -2.64
1 -16.99
2 -16.99
3 11.13
4 -13.18
5 -6.15
6 -0.88
7 -77.64
8 -118.07
9 -1.76
10 -67.09
11 -121.87
0 -2.34
1 -139.16
2 -16.99
3 11.43
4 -13.18
5 -6.15
6 -0.59
7 -76.46
8 -116.02
9 -0.88
10 -67.09
11 -120.41
0 -2.34
1 -16.99
2 -16.99
3 11.43
4 -13.18
5 -6.15
6 -0.88
7 -75.59
8 -114.55
9 -0.59
10 -67.38
11 -119.53
0 -2.05
1 -16.99
2 -16.99
3 11.43
4 -13.48
5 -6.15
6 -0.88
7 -75.59
8 -112.50
9 -0.59
10 -67.38
11 -118.65
0 -2.34
1 -16.99
2 -16.99
3 11.43
4 -13.18
5 -6.15
6 -0.88
7 -74.71
8 -110.74
9 -0.29
10 -67.09
11 -116.89
0 -2.34
1 -17.29
2 -16.70
3 11.43
4 -13.18
5 -6.15
6 -0.88
7 -74.71
8 -108.98
9 -0.29
10 -67.38
11 -115.43
0 -2.34
1 -16.99
2 -16.99
3 11.43
4 -13.18
5 -6.15
6 -0.88
7 -74.41
8 -106.93
9 -0.29
10 -67.09
11 -113.09
0 -2.64
1 -17.29
2 -16.99
3 11.43
4 -13.18
5 -6.15
6 -1.17
7 -73.83
8 -104.59
9 0.00
10 -66.80
11 -111.33
0 -2.64
1 -16.99
2 -16.99
3 11.13
4 -14.06
5 -6.45
6 -1.17
7 -73.24
8 -102.83
9 0.59
10 -66.80
11 -109.57
0 -2.64
1 -16.99
2 -16.99
3 11.43
4 -13.48
5 -6.15
6 -1.17
7 -72.36
8 -100.49
9 1.17
10 -66.80
11 -107.52
0 -2.64
1 -16.99
2 -16.99
3 11.43
4 -13.18
5 -6.15
6 -1.17
7 -71.48
8 -98.44
9 1.17
10 -66.21
11 -105.76
0 -2.34
1 -16.99
2 -16.99
3 11.43
4 -13.18
5 -6.15
6 -1.46
7 -70.90
8 -96.09
9 1.46
10 -65.62
11 -103.71
0 -2.64
1 -17.29
2 -16.99
3 11.43
4 -13.18
5 -6.15
6 -1.46
7 -70.31
8 -93.46
9 2.34
10 -65.04
11 -101.37
0 -2.34
1 -16.99
2 -16.99
3 11.43
4 -13.18
5 -6.15
6 -1.46
7 -69.43
8 -91.41
9 2.93
10 -64.45
11 -99.02
0 -2.64
1 -16.99
2 -16.99
3 11.43
4 -13.18
5 -6.15
6 -1.46
7 -68.26
8 -89.36
9 3.22
10 -64.16
11 -96.68
0 -2.34
1 -16.99
2 -16.99
3 11.13
4 -13.18
5 -6.45
6 -1.46
7 -67.38
8 -87.30
9 3.52
10 -63.57
11 -94.34
0 -2.34
1 -16.99
2 -16.99
3 11.43
4 -13.48
5 -6.15
6 -1.46
7 -66.21
8 -84.96
9 3.81
10 -62.99
11 -91.99
0 -2.64
1 -16.99
2 -16.99
3 11.43
4 -13.48
5 -6.45
6 -1.46
7 -65.33
8 -82.62
9 4.10
10 -62.11
11 -89.65
0 -2.64
1 -16.99
2 -16.99
3 11.43
4 -13.18
5 -6.15
6 -139.16
7 -62.99
8 -79.69
9 4.69
10 -60.94
11 -86.43
0 -139.16
1 -16.99
2 -16.99
3 11.43
4 -13.18
5 -6.45
6 -2.05
7 -61.52
8 -76.17
9 5.57
10 -59.47
11 -82.91
0 -2.93
1 -17.29
2 -16.99
3 11.13
4 -13.18
5 -6.15
6 -2.05
7 -59.77
8 -74.12
9 5.86
10 -58.59
11 -81.15
0 -2.93
1 -16.99
2 -16.99
3 11.13
4 -13.18
5 -6.15
6 -2.34
7 -58.59
8 -71.78
9 6.15
10 -57.42
11 -78.52
0 -2.93
1 -17.29
2 -16.99
3 11.43
4 -13.18
5 -6.45
6 -2.34
7 -57.13
8 -69.43
9 6.45
10 -56.25
11 -76.76
0 -2.93
1 -16.99
2 -16.99
3 11.13
4 -13.18
5 -6.15
6 -2.34
7 -55.96
8 -67.68
9 7.32
10 -54.79
11 -74.41
0 -2.93
1 -16.99
2 -16.99
3 11.43
4 -13.18
5 -6.15
6 -2.64
7 -54.20
8 -65.62
9 7.62
10 -53.61
11 -71.78
0 -3.22
1 -16.99
2 -16.99
3 11.43
4 -13.18
5 -6.15
6 -2.93
7 -53.03
8 -63.28
9 7.91
10 -51.86
11 -69.73
0 -3.22
1 -17.29
2 -16.99
3 11.43
4 -13.48
5 -6.15
6 -3.52
7 -50.98
8 -60.94
9 8.20
10 -50.10
11 -67.38
0 -3.22
1 -17.29
2 -16.99
3 11.43
4 -13.48
5 -6.15
6 -3.81
7 -49.51
8 -58.89
9 8.50
10 -48.34
11 -65.04
0 -2.93
1 -16.99
2 -16.99
3 11.43
4 -13.18
5 -6.15
6 -139.16
7 -46.88
8 -55.37
9 9.38
10 -46.00
11 -61.82
0 -3.22
1 -16.99
2 -16.99
3 11.43
4 -13.48
5 -6.45
6 -4.98
7 -45.12
8 -53.03
9 9.67
10 -44.53
11 -59.77
0 -3.22
1 -16.99
2 -16.99
3 11.43
4 -13.48
5 -6.15
6 -5.27
7 -43.07
8 -50.68
9 10.25
10 -43.07
11 -57.42
0 -3.52
1 -16.99
2 -16.99
3 11.43
4 -13.18
5 -6.45
6 -5.57
7 -41.02
8 -48.63
9 10.25
10 -41.02
11 -55.08
0 -3.52
1 -16.99
2 -16.99
3 11.43
4 -13.48
5 -6.15
6 -5.86
7 -39.55
8 -46.29
9 10.55
10 -39.26
11 -53.03
0 -3.52
1 -16.99
2 -16.99
3 11.43
4 -13.48
5 -6.15
6 -6.15
7 -37.79
8 -43.36
9 11.13
10 -37.79
11 -51.27
0 -3.52
1 -16.99
2 -16.99
3 11.43
4 -13.48
5 -6.15
6 -6.45
7 -36.62
8 -41.89
9 11.43
10 -36.04
11 -48.93
0 -3.52
1 -16.99
2 -16.99
3 11.72
4 -13.48
5 -6.15
6 -6.74
7 -34.86
8 -39.84
9 12.01
10 -34.28
11 -46.88
0 -3.52
1 -16.99
2 -16.99
3 11.43
4 -13.48
5 -6.15
6 -7.03
7 -33.11
8 -37.50
9 12.30
10 -32.81
11 -43.95
0 -3.52
1 -16.99
2 -16.99
3 11.43
4 -13.18
5 -6.15
6 -7.32
7 -31.64
8 -35.45
9 12.30
10 -31.64
11 -42.19
0 -3.52
1 -16.99
2 -16.99
3 11.43
4 -13.18
5 -6.15
6 -7.91
7 -30.18
8 -33.98
9 12.30
10 -29.59
11 -40.43
0 -3.22
1 -16.99
2 -16.99
3 11.72
4 -13.48
5 -6.15
6 -7.91
7 -28.71
8 -31.93
9 12.01
10 -28.71
11 -38.38
0 -3.52
1 -16.99
2 -16.99
3 11.43
4 -13.48
5 -6.15
6 -7.91
7 -27.25
8 -29.88
9 12.30
10 -27.25
11 -36.33
0 -4.10
1 -16.99
2 -16.99
3 11.43
4 -13.48
5 -6.15
6 -8.20
7 -26.07
8 -28.42
9 12.30
10 -26.37
11 -34.28
0 -3.22
1 -16.99
2 -16.99
3 11.43
4 -13.18
5 -6.15
6 -8.79
7 -25.20
8 -26.37
9 12.60
10 -139.16
11 -31.64
0 -3.22
1 -16.99
2 -16.99
3 11.43
4 -13.48
5 -6.15
6 -8.79
7 -22.85
8 -24.02
9 12.89
10 -23.14
11 -29.59
0 -3.22
1 -16.99
2 -16.99
3 11.43
4 -13.18
5 -6.15
6 -9.08
7 -21.68
8 -22.56
9 12.60
10 -21.97
11 -27.83
0 -3.52
1 -16.99
2 -16.99
3 11.72
4 -13.48
5 -6.15
6 -9.08
7 -20.21
8 -20.51
9 13.18
10 -21.09
11 -26.37
0 -4.10
1 -17.29
2 -16.99
3 11.43
4 -13.18
5 -5.86
6 -9.38
7 -19.04
8 -18.75
9 13.18
10 -19.63
11 -24.61
0 -3.52
1 -16.99
2 -16.99
3 11.43
4 -13.18
5 -6.15
6 -9.67
7 -17.58
8 -16.70
9 13.48
10 -18.75
11 -22.56
0 -3.22
1 -16.99
2 -16.99
3 11.43
4 -13.18
5 -6.15
6 -9.96
7 -16.41
8 -14.65
9 13.77
10 -17.29
11 -20.51
0 -3.52
1 -16.99
2 -16.99
3 11.43
4 -13.18
5 -6.15
6 -9.96
7 -15.23
8 -12.60
9 13.48
10 -16.41
11 -18.75
0 -3.52
1 -16.99
2 -16.99
3 11.13
4 -13.48
5 -6.15
6 -9.96
7 -14.36
8 -10.55
9 13.77
10 -15.23
11 -16.99
0 -3.52
1 -17.29
2 -16.99
3 11.43
4 -13.18
5 -6.15
6 -9.96
7 -13.48
8 -139.16
9 13.48
10 -14.06
11 -15.23
0 -3.52
1 -16.99
2 -16.99
3 11.43
4 -13.48
5 -6.15
6 -9.96
7 -12.30
8 -139.16
9 13.48
10 -13.48
11 -14.36
0 -3.22
1 -16.99
2 -16.99
3 11.43
4 -13.48
5 -6.15
6 -10.25
7 -11.43
8 -139.16
9 13.48
10 -13.77
11 -14.06
0 -3.52
1 -16.99
2 -16.99
3 11.13
4 -13.48
5 -6.15
6 -10.25
7 -11.43
8 -3.81
9 13.48
10 -13.48
11 -14.36
0 -3.52
1 -139.16
2 -16.99
3 11.43
4 -13.48
5 -6.15
6 -9.96
7 -11.13
8 -2.93
9 13.18
10 -13.77
11 -14.65
0 -3.52
1 -16.99
2 -16.99
3 11.43
4 -13.18
5 -6.15
6 -9.96
7 -11.13
8 -2.93
9 13.48
10 -13.48
11 -14.94
0 -3.52
1 -16.99
2 -16.99
3 11.43
4 -13.48
5 -6.15
6 -9.96
7 -10.84
8 -2.93
9 13.18
10 -13.48
11 -14.65
0 -3.52
1 -16.99
2 -16.99
3 11.13
4 -13.48
5 -6.15
6 -9.96
7 -10.55
8 -2.93
9 13.18
10 -13.48
11 -14.65
0 -3.52
1 -16.99
2 -16.99
3 11.43
4 -13.18
5 -6.15
6 -9.96
7 -10.55
8 -3.22
9 13.18
10 -13.77
11 -15.23
0 -3.22
1 -16.99
2 -16.99
3 11.43
4 -13.18
5 -6.15
6 -9.96
7 -10.55
8 -3.52
9 13.18
10 -14.06
11 -14.65
0 -2.93
1 -16.99
2 -16.99
3 11.13
4 -12.89
5 -6.45
6 -9.96
7 -10.55
8 -3.22
9 13.18
10 -14.65
11 -14.94
0 -2.64
1 -16.99
2 -16.99
3 11.43
4 -13.18
5 -6.45
6 -10.25
7 -10.55
8 -3.81
9 13.18
10 -14.06
11 -14.94
0 -2.34
1 -16.99
2 -16.99
3 11.43
4 -13.18
5 -6.15
6 -10.25
7 -10.55
8 -4.10
9 13.18
10 -14.06
11 -14.94
0 -2.05
1 -16.99
2 -16.99
3 11.43
4 -13.18
5 -6.15
6 -9.96
7 -10.25
8 -4.10
9 13.18
10 -13.77
11 -14.65
0 -2.05
1 -16.99
2 -16.99
3 11.43
4 -13.18
5 -6.15
6 -9.96
7 -10.25
8 -4.10
9 13.48
10 -13.77
11 -14.94
0 -2.05
1 -16.99
2 -16.99
3 -139.16
4 -13.18
5 -6.15
6 -9.96
7 -10.25
8 -4.10
9 13.48
10 -13.77
11 -14.65
0 -2.05
1 -16.99
2 -16.99
3 11.43
4 -13.18
5 -6.45
6 -9.96
7 -10.55
8 -4.10
9 13.48
10 -14.06
11 -14.65
0 -2.05
1 -16.99
2 -16.99
3 11.43
4 -13.18
5 -6.15
6 -9.96
7 -10.55
8 -4.10
9 13.18
10 -14.06
11 -14.65
0 -1.76
1 -16.99
2 -16.99
3 11.43
4 -12.89
5 -6.15
6 -9.96
7 -10.55
8 -4.10
9 13.48
10 -13.77
11 -14.94
0 -2.05
1 -16.99
2 -16.99
3 11.13
4 -13.18
5 -6.15
6 -9.96
7 -10.25
8 -4.10
9 13.48
10 -14.06
11 -14.94
0 -2.34
1 -16.99
2 -16.99
3 11.43
4 -13.18
5 -6.15
6 -9.96
7 -10.25
8 -4.10
9 13.48
10 -13.77
11 -14.65
0 -2.05
1 -17.29
2 -16.99
3 11.43
4 -13.18
5 -6.15
6 -9.96
7 -10.55
8 -4.10
9 13.18
10 -13.77
11 -14.94
0 -2.05
1 -16.99
2 -16.99
3 11.43
4 -13.18
5 -6.45
6 -9.96
7 -10.25
8 -4.10
9 13.18
10 -13.77
11 -14.65
0 -2.05
1 -16.99
2 -16.99
3 11.43
4 -13.18
5 -6.15
6 -9.96
7 -10.55
8 -4.10
9 13.18
10 -13.77
11 -14.94
0 -2.05
1 -16.99
2 -16.99
3 11.43
4 -13.18
5 -6.15
6 -9.96
7 -10.25
8 -4.10
9 13.48
10 -14.06
11 -14.94
0 -2.05
1 -17.29
2 -16.99
3 11.43
4 -12.89
5 -6.15
6 -9.96
7 -10.55
8 -4.10
9 13.18
10 -13.77
11 -14.94
0 -2.05
1 -17.29
2 -16.99
3 11.43
4 -13.18
5 -6.15
6 -9.96
7 -10.55
8 -4.10
9 12.89
10 -13.77
11 -14.65
0 -2.05
1 -139.16
2 -16.99
3 11.43
4 -13.18
5 -6.15
6 -9.96
7 -10.55
8 -4.10
9 13.18
10 -13.77
11 -14.65
0 -2.05
1 -16.99
2 -16.99
3 11.43
4 -13.18
5 -6.15
6 -9.96
7 -10.55
8 -4.39
9 13.48
10 -14.06
11 -14.94
0 -2.05
1 -16.99
2 -16.99
3 11.13
4 -13.18
5 -6.45
6 -10.25
7 -10.55
8 -4.10
9 13.48
10 -13.77
11 -14.65
0 -2.05
1 -16.99
2 -16.99
3 11.43
4 -13.18
5 -6.15
6 -10.25
7 -10.55
8 -4.10
9 13.18
10 -13.77
11 -14.94
0 -2.05
1 -16.99
2 -16.99
3 11.43
4 -13.18
5 -6.45
6 -10.25
7 -10.55
8 -4.10
9 13.48
10 -13.77
11 -14.94
0 -2.05
1 -16.99
2 -16.99
3 11.43
4 -13.18
5 -6.15
6 -10.25
7 -10.55
8 -4.10
9 12.89
10 -13.77
11 -14.65
0 -2.05
1 -16.99
2 -16.99
3 11.43
4 -13.18
5 -6.15
6 -9.96
7 -10.55
8 -4.10
9 -139.16
10 -13.77
11 -139.16
0 -2.05
1 -16.99
2 -16.99
3 11.43
4 -13.18
5 -6.45
6 -9.96
7 -10.55
8 -4.10
9 13.48
10 -13.77
11 -14.65
0 -2.05
1 -16.99
2 -16.99
3 11.13
4 -13.18
5 -6.15
6 -9.96
7 -10.84
8 -4.10
9 13.18
10 -13.77
11 -14.65
0 -2.05
1 -16.99
2 -16.99
3 11.43
4 -13.18
5 -6.15
6 -9.96
7 -10.55
8 -4.10
9 13.18
10 -13.77
11 -14.94
0 -2.05
1 -16.99
2 -16.99
3 11.43
4 -13.18
5 -6.15
6 -9.96
7 -10.55
8 -4.10
9 13.18
10 -13.77
11 -14.94
0 -2.05
1 -17.29
2 -16.99
3 11.43
4 -13.18
5 -6.45
6 -9.96
7 -10.55
8 -4.69
9 13.18
10 -13.77
11 -14.94
0 -2.05
1 -16.99
2 -16.99
3 11.43
4 -13.18
5 -6.15
6 -9.96
7 -10.55
8 -4.98
9 13.18
10 -13.77
11 -14.94
0 -2.05
1 -16.99
2 -16.99
3 11.43
4 -13.18
5 -6.15
6 -10.25
7 -10.55
8 -5.57
9 13.48
10 -13.77
11 -14.94
0 -1.46
1 -17.87
2 -16.99
3 11.43
4 -13.18
5 -6.15
6 -10.84
7 -11.13
8 -5.57
9 13.18
10 -13.77
11 -14.94
0 -1.17
1 -19.04
2 -16.99
3 11.43
4 -13.18
5 -6.15
6 -10.84
7 -11.43
8 -5.57
9 13.18
10 -13.77
11 -14.94
0 -1.46
1 -19.34
2 -16.99
3 11.43
4 -13.18
5 -6.15
6 -11.13
7 -12.30
8 -6.15
9 13.48
10 -13.77
11 -14.94
0 -1.46
1 -19.92
2 -16.99
3 11.43
4 -13.18
5 -6.15
6 -11.13
7 -13.18
8 -6.74
9 13.18
10 -13.77
11 -14.94
0 -1.76
1 -20.80
2 -16.99
3 11.13
4 -13.18
5 -6.15
6 -11.13
7 -13.77
8 -6.74
9 13.48
10 -13.77
11 -14.65
0 -1.76
1 -21.39
2 -16.99
3 11.43
4 -12.89
5 -6.15
6 -11.13
7 -14.36
8 -7.32
9 13.18
10 -13.77
11 -14.94
0 -1.76
1 -21.97
2 -18.16
3 11.43
4 -13.18
5 -6.15
6 -11.43
7 -15.23
8 -7.91
9 13.48
10 -13.77
11 -14.94
0 -1.17
1 -22.56
2 -19.04
3 11.43
4 -13.18
5 -6.15
6 -12.01
7 -15.82
8 -8.20
9 13.48
10 -13.77
11 -14.94
0 -1.46
1 -23.14
2 -19.34
3 11.13
4 -13.18
5 -6.45
6 -12.01
7 -16.11
8 -8.79
9 12.89
10 -13.77
11 -14.65
0 -0.88
1 -23.44
2 -19.92
3 11.13
4 -13.18
5 -6.15
6 -12.01
7 -16.99
8 -9.38
9 12.60
10 -13.77
11 -14.94
0 -0.59
1 -24.32
2 -21.09
3 11.43
4 -13.18
5 -6.15
6 -12.30
7 -17.87
8 -10.25
9 12.30
10 -13.77
11 -14.65
0 -0.59
1 -24.90
2 -21.97
3 11.13
4 -13.18
5 -6.15
6 -12.60
7 -19.04
8 -11.13
9 12.01
10 -14.06
11 -14.65
0 -0.59
1 -25.49
2 -23.44
3 11.13
4 -13.18
5 -6.15
6 -12.89
7 -20.21
8 -12.30
9 12.01
10 -13.77
11 -14.65
0 -0.59
1 -25.78
2 -24.32
3 11.43
4 -13.18
5 -6.45
6 -12.89
7 -21.09
8 -13.48
9 12.01
10 -13.77
11 -14.65
0 -0.59
1 -26.66
2 -25.49
3 11.43
4 -12.89
5 -6.45
6 -12.89
7 -22.27
8 -14.65
9 12.01
10 -13.77
11 -14.65
0 -0.59
1 -27.54
2 -26.66
3 11.43
4 -13.18
5 -6.15
6 -13.18
7 -23.73
8 -16.41
9 12.01
10 -13.77
11 -14.94
0 -0.29
1 -28.42
2 -28.12
3 11.13
4 -13.18
5 -6.15
6 -13.77
7 -24.90
8 -17.87
9 11.43
10 -13.77
11 -14.94
0 -0.59
1 -29.30
2 -29.59
3 11.13
4 -13.18
5 -6.45
6 -13.77
7 -26.37
8 -19.34
9 12.01
10 -13.77
11 -14.94
0 -0.29
1 -29.88
2 -30.47
3 11.43
4 -13.18
5 -6.45
6 -14.06
7 -27.25
8 -20.80
9 12.01
10 -14.06
11 -14.94
0 -0.59
1 -31.35
2 -32.52
3 11.13
4 -13.18
5 -6.15
6 -14.06
7 -29.00
8 -22.56
9 12.01
10 -13.77
11 -14.94
0 -0.29
1 -31.93
2 -33.98
3 11.43
4 -13.18
5 -6.15
6 -14.36
7 -30.47
8 -24.02
9 12.01
10 -13.77
11 -14.94
0 -0.59
1 -32.81
2 -35.45
3 11.43
4 -13.18
5 -6.45
6 -14.36
7 -31.93
8 -25.78
9 12.01
10 -13.77
11 -14.94
0 -0.29
1 -34.28
2 -37.21
3 11.13
4 -13.18
5 -6.15
6 -14.36
7 -33.98
8 -27.25
9 12.01
10 -13.77
11 -14.94
0 -0.29
1 -35.45
2 -39.26
3 11.13
4 -13.18
5 -6.45
6 -14.65
7 -35.16
8 -29.30
9 12.01
10 -14.06
11 -14.94
0 -0.29
1 -36.62
2 -41.02
3 11.43
4 -13.18
5 -6.15
6 -14.94
7 -36.91
8 -30.47
9 12.01
10 -13.77
11 -14.65
0 -0.59
1 -37.50
2 -42.48
3 11.13
4 -13.18
5 -6.15
6 -14.94
7 -38.38
8 -32.81
9 12.01
10 -13.77
11 -14.94
0 -0.29
1 -38.96
2 -44.82
3 11.43
4 -13.18
5 -6.15
6 -15.53
7 -40.14
8 -34.86
9 12.01
10 -13.77
11 -14.36
0 0.00
1 -40.14
2 -46.58
3 11.43
4 -13.18
5 -6.45
6 -16.11
7 -41.89
8 -37.21
9 12.01
10 -13.77
11 -14.65
0 0.29
1 -41.02
2 -48.63
3 11.43
4 -13.18
5 -6.15
6 -16.99
7 -43.36
8 -38.96
9 12.30
10 -13.77
11 -14.65
0 0.59
1 -42.19
2 -50.10
3 11.43
4 -13.18
5 -6.15
6 -17.87
7 -45.12
8 -40.43
9 12.01
10 -13.77
11 -14.94
0 1.17
1 -43.36
2 -51.86
3 11.43
4 -13.18
5 -6.15
6 -18.46
7 -46.29
8 -42.48
9 12.01
10 -13.77
11 -14.65
0 1.46
1 -44.24
2 -53.32
3 11.43
4 -13.18
5 -6.15
6 -19.63
7 -47.75
8 -139.16
9 12.01
10 -13.77
11 -14.94
0 2.93
1 -46.29
2 -55.66
3 11.43
4 -13.18
5 -6.45
6 -21.09
7 -49.80
8 -47.75
9 12.01
10 -14.06
11 -14.94
0 3.22
1 -47.46
2 -56.54
3 11.43
4 -13.18
5 -6.45
6 -22.27
7 -50.98
8 -49.51
9 12.01
10 -14.06
11 -14.94
0 3.81
1 -48.34
2 -56.84
3 11.43
4 -13.18
5 -6.15
6 -23.44
7 -51.56
8 -51.27
9 12.01
10 -13.77
11 -14.65
0 4.69
1 -49.80
2 -58.01
3 11.13
4 -13.18
5 -6.45
6 -24.61
7 -52.73
8 -53.32
9 12.01
10 -13.77
11 -14.65
0 6.15
1 -50.98
2 -58.59
3 11.43
4 -13.18
5 -6.15
6 -26.07
7 -53.61
8 -55.37
9 12.01
10 -14.06
11 -14.94
0 7.03
1 -52.15
2 -59.18
3 11.43
4 -13.18
5 -6.15
6 -27.54
7 -54.20
8 -56.54
9 11.43
10 -13.77
11 -14.94
0 7.91
1 -53.32
2 -59.77
3 11.43
4 -13.18
5 -6.15
6 -29.30
7 -54.49
8 -58.30
9 12.01
10 -13.77
11 -14.65
0 8.50
1 -54.49
2 -60.94
3 11.43
4 -13.18
5 -6.15
6 -30.76
7 -55.66
8 -60.35
9 12.30
10 -13.77
11 -14.65
0 9.08
1 -54.79
2 -61.52
3 11.13
4 -13.18
5 -6.15
6 -32.81
7 -56.54
8 -61.52
9 11.43
10 -13.77
11 -14.94
0 9.67
1 -55.96
2 -62.11
3 11.13
4 -13.18
5 -6.15
6 -34.28
7 -57.13
8 -62.40
9 12.01
10 -13.77
11 -14.94
0 10.84
1 -56.84
2 -62.70
3 11.13
4 -13.18
5 -6.15
6 -36.04
7 -58.30
8 -64.16
9 12.01
10 -13.77
11 -14.65
0 11.43
1 -57.71
2 -63.57
3 11.43
4 -13.18
5 -6.45
6 -37.79
7 -59.18
8 -65.62
9 11.43
10 -13.77
11 -14.94
0 12.60
1 -58.01
2 -64.16
3 11.43
4 -13.18
5 -6.15
6 -39.55
7 -59.47
8 -66.21
9 12.01
10 -13.77
11 -14.65
0 13.48
1 -58.59
2 -64.75
3 11.43
4 -13.18
5 -139.16
6 -41.89
7 -60.94
8 -67.38
9 12.01
10 -14.06
11 -14.65
0 15.23
1 -59.18
2 -66.21
3 11.43
4 -13.18
5 -6.45
6 -43.95
7 -61.52
8 -68.26
9 12.01
10 -13.77
11 -14.94
0 16.11
1 -59.47
2 -66.50
3 11.43
4 -13.18
5 -6.45
6 -45.70
7 -62.11
8 -68.85
9 12.01
10 -13.77
11 -14.94
0 16.99
1 -60.35
2 -67.38
3 11.43
4 -13.18
5 -6.15
6 -47.75
7 -62.70
8 -69.43
9 12.01
10 -13.77
11 -14.94
0 18.46
1 -60.64
2 -67.97
3 11.43
4 -13.18
5 -6.45
6 -49.51
7 -63.87
8 -69.73
9 12.01
10 -13.77
11 -14.65
0 19.63
1 -60.64
2 -69.14
3 11.13
4 -13.18
5 -6.15
6 -51.27
7 -64.45
8 -70.31
9 12.01
10 -13.77
11 -14.94
0 20.80
1 -60.64
2 -69.73
3 11.43
4 -12.89
5 -6.15
6 -53.32
7 -65.04
8 -70.90
9 12.01
10 -14.06
11 -14.94
0 22.56
1 -60.94
2 -70.31
3 11.13
4 -13.18
5 -6.15
6 -54.79
7 -65.33
8 -71.19
9 12.01
10 -14.06
11 -14.94
0 23.44
1 -60.94
2 -70.90
3 11.43
4 -13.18
5 -6.45
6 -56.84
7 -65.92
8 -71.48
9 12.01
10 -13.77
11 -14.94
0 25.49
1 -60.94
2 -72.07
3 11.43
4 -12.89
5 -6.15
6 -58.30
7 -66.21
8 -71.78
9 12.01
10 -13.77
11 -14.65
0 26.95
1 -60.94
2 -72.95
3 11.13
4 -13.18
5 -6.15
6 -60.35
7 -66.80
8 -72.07
9 11.43
10 -13.77
11 -14.65
0 28.42
1 -60.94
2 -73.24
3 11.13
4 -13.18
5 -6.15
6 -61.52
7 -67.09
8 -72.07
9 12.01
10 -13.77
11 -14.94
0 29.59
1 -60.94
2 -74.12
3 11.43
4 -13.18
5 -6.15
6 -62.70
7 -67.38
8 -72.07
9 12.01
10 -13.77
11 -14.94
0 30.47
1 -60.94
2 -74.71
3 11.13
4 -13.18
5 -6.15
6 -63.57
7 -67.38
8 -72.36
9 12.30
10 -13.77
11 -14.65
0 31.93
1 -60.94
2 -75.00
3 11.13
4 -13.18
5 -6.15
6 -64.75
7 -67.38
8 -72.36
9 12.01
10 -13.77
11 -14.94
0 33.11
1 -60.94
2 -75.59
3 11.43
4 -13.18
5 -6.15
6 -65.04
7 -67.38
8 -72.36
9 12.01
10 -13.77
11 -14.94
0 33.69
1 -60.94
2 -75.59
3 11.13
4 -13.18
5 -6.45
6 -65.33
7 -67.38
8 -72.36
9 12.01
10 -13.77
11 -14.94
0 34.57
1 -60.94
2 -75.59
3 11.13
4 -13.18
5 -6.15
6 -65.92
7 -67.38
8 -72.36
9 12.01
10 -14.06
11 -14.94
0 34.86
1 -60.94
2 -75.59
3 11.13
4 -13.18
5 -6.15
6 -66.21
7 -67.38
8 -72.36
9 12.01
10 -13.77
11 -14.65
0 35.74
1 -60.94
2 -75.59
3 11.13
4 -13.18
5 -6.45
6 -66.21
7 -67.09
8 -72.36
9 12.01
10 -13.77
11 -14.65
0 36.04
1 -60.94
2 -75.59
3 11.13
4 -13.18
5 -6.15
6 -66.21
7 -67.09
8 -72.36
9 12.01
10 -13.77
11 -14.94
0 36.33
1 -60.94
2 -75.59
3 11.13
4 -13.18
5 -6.15
6 -66.21
7 -67.09
8 -72.07
9 12.01
10 -13.77
11 -14.65
0 36.62
1 -60.94
2 -75.59
3 11.13
4 -13.18
5 -6.15
6 -66.21
7 -67.09
8 -72.36
9 12.01
10 -13.77
11 -14.94
0 36.33
1 -60.94
2 -75.59
3 11.43
4 -13.18
5 -6.15
6 -65.92
7 -67.09
8 -72.07
9 11.43
10 -14.06
11 -14.65
0 36.62
1 -60.94
2 -75.29
3 11.43
4 -13.18
5 -6.15
6 -65.33
7 -66.80
8 -72.07
9 12.01
10 -13.77
11 -14.94
0 36.04
1 -60.64
2 -75.59
3 11.43
4 -13.18
5 -6.15
6 -65.04
7 -65.92
8 -72.07
9 12.01
10 -14.06
11 -139.16
0 34.57
1 -60.06
2 -75.29
3 11.43
4 -13.18
5 -6.15
6 -64.45
7 -65.62
8 -71.78
9 11.43
10 -13.77
11 -14.65
0 33.98
1 -59.18
2 -75.29
3 11.43
4 -13.18
5 -6.15
6 -64.45
7 -65.62
8 -72.07
9 12.01
10 -13.77
11 -14.94
0 33.98
1 -58.89
2 -75.59
3 11.43
4 -13.18
5 -6.15
6 -64.45
7 -65.62
8 -72.07
9 12.01
10 -13.77
11 -14.94
0 33.98
1 -58.89
2 -75.59
3 11.13
4 -13.18
5 -6.45
6 -64.45
7 -65.62
8 -72.07
9 12.01
10 -13.77
11 -14.94
0 34.28
1 -58.89
2 -75.59
3 11.13
4 -13.18
5 -6.15
6 -64.45
7 -65.62
8 -72.07
9 12.01
10 -13.77
11 -139.16
0 34.28
1 -58.89
2 -75.29
3 11.13
4 -13.18
5 -6.15
6 -64.45
7 -65.62
8 -72.07
9 12.01
10 -13.77
11 -14.94
0 34.57
1 -139.16
2 -75.59
3 11.13
4 -13.18
5 -6.45
6 -64.45
7 -65.62
8 -72.07
9 12.01
10 -14.06
11 -14.65
0 34.28
1 -58.89
2 -75.59
3 11.43
4 -13.18
5 -6.15
6 -64.45
7 -65.62
8 -72.07
9 11.43
10 -13.77
11 -14.94
0 34.28
1 -58.89
2 -75.29
3 11.13
4 -13.18
5 -6.15
6 -64.45
7 -65.62
8 -72.07
9 12.01
10 -13.77
11 -14.65
0 34.28
1 -58.89
2 -75.59
3 11.43
4 -13.18
5 -6.74
6 -64.45
7 -65.62
8 -72.07
9 12.01
10 -13.77
11 -14.65
0 34.57
1 -58.89
2 -75.59
3 11.43
4 -13.18
5 -6.15
6 -64.45
7 -65.62
8 -72.07
9 12.01
10 -13.77
11 -14.94
0 34.57
1 -58.89
2 -75.29
3 11.43
4 -13.18
5 -6.15
6 -64.45
7 -65.62
8 -71.78
9 12.01
10 -13.77
11 -14.65
0 34.28
1 -58.89
2 -75.59
3 11.43
4 -13.18
5 -6.15
6 -64.45
7 -65.62
8 -71.78
9 12.01
10 -13.77
11 -14.65
0 34.28
1 -58.89
2 -75.59
3 11.13
4 -13.18
5 -6.15
6 -64.45
7 -65.62
8 -72.07
9 12.01
10 -13.77
11 -14.94
0 34.28
1 -58.89
2 -75.59
3 11.43
4 -13.18
5 -6.15
6 -64.45
7 -65.62
8 -71.78
9 11.43
10 -13.77
11 -14.94
0 34.28
1 -58.89
2 -75.59
3 11.43
4 -13.18
5 -6.45
6 -64.45
7 -65.62
8 -72.07
9 12.01
10 -14.06
11 -14.65
0 34.28
1 -58.59
2 -75.59
3 11.43
4 -13.18
5 -6.45
6 -64.45
7 -65.62
8 -72.07
9 12.01
10 -13.77
11 -14.94
0 34.28
1 -58.89
2 -75.59
3 11.13
4 -13.18
5 -6.45
6 -64.45
7 -65.62
8 -72.07
9 12.01
10 -13.77
11 -14.65
0 34.28
1 -58.89
2 -75.59
3 11.43
4 -13.18
5 -6.15
6 -64.45
7 -65.62
8 -72.07
9 12.01
10 -13.77
11 -14.94
0 34.57
1 -58.89
2 -75.59
3 11.43
4 -13.18
5 -6.45
6 -64.45
7 -65.62
8 -71.78
9 11.43
10 -13.77
11 -14.65
0 34.28
1 -58.89
2 -75.29
3 11.13
4 -13.18
5 -6.15
6 -64.45
7 -65.62
8 -71.78
9 12.30
10 -13.77
11 -14.94
0 34.57
1 -58.89
2 -75.59
3 11.43
4 -13.18
5 -6.45
6 -64.45
7 -65.62
8 -72.07
9 11.13
10 -14.06
11 -14.94
0 34.28
1 -58.89
2 -75.59
3 11.43
4 -13.18
5 -6.15
6 -64.45
7 -65.62
8 -72.07
9 12.01
10 -13.77
11 -14.94
0 34.28
1 -58.89
2 -75.59
3 11.43
4 -13.18
5 -6.15
6 -64.45
7 -65.62
8 -72.07
9 12.01
10 -13.77
11 -14.94
0 34.57
1 -58.89
2 -75.59
3 11.43
4 -13.18
5 -6.15
6 -64.45
7 -65.62
8 -72.07
9 12.01
10 -13.77
11 -14.65
0 34.28
1 -58.89
2 -75.59
3 11.13
4 -13.18
5 -6.15
6 -64.45
7 -65.62
8 -72.07
9 12.01
10 -14.06
11 -14.65
0 34.57
1 -58.89
2 -75.59
3 -139.16
4 -12.89
5 -6.45
6 -64.45
7 -65.62
8 -72.07
9 12.01
10 -13.77
11 -14.94
0 33.98
1 -58.89
2 -75.59
3 11.43
4 -12.89
5 -6.45
6 -64.45
7 -65.62
8 -72.07
9 11.43
10 -14.06
11 -14.65
0 34.28
1 -58.89
2 -75.29
3 11.13
4 -12.60
5 -6.45
6 -64.45
7 -65.62
8 -72.07
9 12.01
10 -13.77
11 -14.94
0 34.57
1 -58.89
2 -75.59
3 11.13
4 -12.60
5 -6.45
6 -64.45
7 -65.62
8 -72.07
9 11.43
10 -13.77
11 -14.94
0 34.28
1 -58.89
2 -75.59
3 11.13
4 -12.30
5 -6.45
6 -64.45
7 -65.33
8 -72.07
9 11.43
10 -13.77
11 -14.94
0 34.28
1 -58.89
2 -75.59
3 11.43
4 -12.01
5 -6.45
6 -64.45
7 -65.33
8 -72.07
9 -139.16
10 -13.77
11 -14.94
0 34.28
1 -58.89
2 -75.59
3 10.84
4 -12.01
5 -6.45
6 -64.45
7 -65.62
8 -72.07
9 12.01
10 -13.77
11 -14.94
0 34.28
1 -58.89
2 -75.29
3 10.25
4 -12.01
5 -6.45
6 -64.45
7 -65.62
8 -72.07
9 12.01
10 -13.77
11 -15.53
0 34.57
1 -58.59
2 -75.59
3 9.38
4 -12.01
5 -6.45
6 -64.45
7 -65.62
8 -72.07
9 11.43
10 -13.18
11 -15.82
0 34.86
1 -58.89
2 -75.59
3 8.79
4 -12.01
5 -6.15
6 -64.45
7 -65.62
8 -71.78
9 12.01
10 -13.48
11 -15.82
0 35.16
1 -58.89
2 -75.59
3 9.08
4 -12.01
5 -6.45
6 -64.45
7 -65.62
8 -72.07
9 12.01
10 -13.48
11 -15.82
0 35.74
1 -58.89
2 -75.59
3 9.67
4 -12.01
5 -6.45
6 -64.16
7 -65.62
8 -72.07
9 12.89
10 -13.48
11 -16.70
0 35.74
1 -58.89
2 -75.59
3 9.38
4 -12.89
5 -6.45
6 -64.45
7 -65.62
8 -71.78
9 13.48
10 -13.48
11 -16.99
0 35.16
1 -58.89
2 -75.59
3 9.38
4 -14.06
5 -7.03
6 -64.45
7 -65.62
8 -72.07
9 14.06
10 -14.06
11 -17.58
0 35.74
1 -58.89
2 -75.29
3 9.67
4 -14.36
5 -7.03
6 -64.16
7 -65.62
8 -72.07
9 14.36
10 -14.65
11 -18.46
0 35.74
1 -58.89
2 -75.59
3 9.38
4 -14.94
5 -7.62
6 -64.16
7 -65.62
8 -71.78
9 14.94
10 -15.53
11 -19.34
0 35.16
1 -58.89
2 -75.59
3 9.38
4 -14.94
5 -8.20
6 -64.45
7 -65.62
8 -72.07
9 15.53
10 -16.11
11 -20.51
0 34.86
1 -58.89
2 -75.59
3 9.38
4 -14.94
5 -9.08
6 -64.16
7 -65.62
8 -72.07
9 16.70
10 -16.70
11 -21.68
0 34.86
1 -58.89
2 -75.29
3 9.08
4 -15.23
5 -9.96
6 -64.16
7 -65.62
8 -71.78
9 16.99
10 -16.70
11 -22.85
0 35.74
1 -58.89
2 -75.29
3 9.08
4 -15.53
5 -10.84
6 -64.16
7 -65.62
8 -72.07
9 17.58
10 -16.99
11 -24.61
0 35.74
1 -58.89
2 -75.59
3 9.08
4 -15.82
5 -12.60
6 -64.45
7 -65.62
8 -72.07
9 18.46
10 -17.29
11 -26.37
0 34.86
1 -58.89
2 -75.29
3 8.50
4 -16.41
5 -13.77
6 -64.16
7 -65.62
8 -72.07
9 19.63
10 -17.29
11 -28.12
0 35.16
1 -58.89
2 -75.59
3 8.20
4 -16.70
5 -15.53
6 -64.45
7 -65.62
8 -71.78
9 20.51
10 -17.29
11 -30.18
0 35.16
1 -58.89
2 -75.59
3 7.62
4 -16.99
5 -16.99
6 -64.16
7 -65.62
8 -72.07
9 21.97
10 -17.29
11 -32.23
0 35.16
1 -58.89
2 -75.29
3 7.32
4 -17.58
5 -18.75
6 -64.45
7 -65.62
8 -72.07
9 22.56
10 -17.29
11 -139.16
0 35.16
1 -58.89
2 -75.59
3 7.03
4 -18.46
5 -21.68
6 -64.16
7 -65.62
8 -72.07
9 23.73
10 -17.29
11 -37.79
0 35.16
1 -58.89
2 -75.59
3 6.74
4 -19.04
5 -23.14
6 -64.16
7 -65.62
8 -72.07
9 24.90
10 -17.58
11 -39.26
0 35.74
1 -58.89
2 -75.59
3 6.15
4 -20.21
5 -25.20
6 -64.16
7 -65.33
8 -72.07
9 26.07
10 -17.58
11 -41.60
0 35.16
1 -58.89
2 -75.59
3 6.15
4 -20.80
5 -26.95
6 -64.16
7 -65.62
8 -71.78
9 26.95
10 -17.58
11 -43.36
0 36.04
1 -58.89
2 -75.59
3 6.15
4 -21.68
5 -28.42
6 -64.16
7 -65.33
8 -72.07
9 27.83
10 -17.58
11 -45.41
0 35.74
1 -58.89
2 -75.59
3 6.15
4 -23.14
5 -30.18
6 -64.16
7 -65.33
8 -72.07
9 29.00
10 -17.87
11 -46.88
0 36.04
1 -58.89
2 -75.59
3 6.15
4 -24.02
5 -31.93
6 -64.16
7 -65.62
8 -139.16
9 30.47
10 -18.75
11 -50.10
0 35.74
1 -58.89
2 -75.29
3 5.57
4 -25.49
5 -35.45
6 -64.16
7 -65.62
8 -72.07
9 31.05
10 -19.04
11 -52.15
0 36.33
1 -58.59
2 -75.29
3 6.15
4 -26.66
5 -37.21
6 -64.16
7 -65.62
8 -139.16
9 32.23
10 -19.92
11 -55.66
0 36.04
1 -58.59
2 -75.29
3 6.15
4 -28.42
5 -41.02
6 -64.16
7 -65.62
8 -72.07
9 33.40
10 -20.80
11 -57.42
0 35.16
1 -58.89
2 -75.29
3 6.15
4 -29.59
5 -42.48
6 -64.16
7 -65.62
8 -139.16
9 33.98
10 -21.39
11 -60.35
0 36.04
1 -58.89
2 -75.59
3 6.45
4 -31.35
5 -139.16
6 -64.16
7 -65.33
8 -72.07
9 35.74
10 -22.27
11 -63.28
0 35.74
1 -58.89
2 -75.59
3 6.45
4 -33.98
5 -48.93
6 -64.16
7 -65.33
8 -72.07
9 36.33
10 -22.85
11 -65.33
0 35.74
1 -58.89
2 -139.16
3 6.74
4 -36.62
5 -51.86
6 -64.16
7 -65.62
8 -72.07
9 37.50
10 -23.73
11 -68.26
0 35.74
1 -58.89
2 -75.59
3 6.74
4 -38.38
5 -53.61
6 -64.16
7 -65.62
8 -71.78
9 37.79
10 -24.02
11 -70.02
0 36.04
1 -58.59
2 -75.29
3 6.45
4 -40.43
5 -55.66
6 -64.16
7 -65.62
8 -72.07
9 39.26
10 -24.90
11 -71.78
0 35.74
1 -58.89
2 -75.59
3 6.45
4 -42.19
5 -57.13
6 -64.16
7 -65.33
8 -72.07
9 39.84
10 -25.49
11 -73.83
0 35.74
1 -58.89
2 -75.59
3 6.45
4 -43.95
5 -58.59
6 -64.16
7 -65.62
8 -72.07
9 41.31
10 -26.66
11 -75.29
0 36.04
1 -58.89
2 -75.59
3 6.74
4 -46.00
5 -60.35
6 -64.16
7 -65.62
8 -72.07
9 -139.16
10 -27.83
11 -77.93
0 36.04
1 -58.89
2 -75.59
3 6.74
4 -48.34
5 -62.99
6 -64.16
7 -65.62
8 -72.07
9 44.53
10 -28.12
11 -79.39
0 35.74
1 -58.59
2 -75.29
3 6.45
4 -50.39
5 -64.45
6 -64.16
7 -65.62
8 -72.07
9 45.70
10 -29.59
11 -81.15
0 36.04
1 -58.89
2 -75.59
3 6.74
4 -51.86
5 -66.21
6 -64.16
7 -65.62
8 -72.07
9 47.17
10 -30.47
11 -82.32
0 36.04
1 -58.89
2 -75.29
3 6.74
4 -53.32
5 -68.26
6 -64.16
7 -65.62
8 -71.78
9 -139.16
10 -31.93
11 -84.08
0 36.04
1 -58.89
2 -75.59
3 6.45
4 -56.25
5 -70.90
6 -64.16
7 -65.62
8 -72.07
9 50.98
10 -32.81
11 -85.55
0 36.04
1 -58.59
2 -75.29
3 6.45
4 -57.42
5 -72.36
6 -64.16
7 -65.62
8 -72.07
9 53.03
10 -33.69
11 -86.43
0 36.04
1 -58.59
2 -75.59
3 6.45
4 -58.89
5 -74.12
6 -64.16
7 -65.62
8 -71.78
9 54.49
10 -34.28
11 -86.72
0 36.04
1 -58.59
2 -75.59
3 6.15
4 -59.77
5 -75.29
6 -64.16
7 -65.33
8 -72.07
9 55.96
10 -35.45
11 -87.60
0 35.74
1 -58.89
2 -139.16
3 5.57
4 -61.23
5 -77.64
6 -64.16
7 -65.62
8 -72.07
9 58.89
10 -36.91
11 -87.89
0 35.74
1 -58.89
2 -75.59
3 5.57
4 -62.40
5 -78.81
6 -64.16
7 -65.62
8 -72.07
9 60.94
10 -38.38
11 -87.89
0 35.74
1 -58.89
2 -75.29
3 5.57
4 -62.99
5 -79.98
6 -64.16
7 -65.62
8 -72.07
9 62.99
10 -39.26
11 -87.89
0 36.04
1 -58.89
2 -75.59
3 5.57
4 -64.16
5 -81.15
6 -64.16
7 -65.62
8 -72.07
9 65.04
10 -40.43
11 -87.89
0 35.74
1 -58.89
2 -75.59
3 5.27
4 -65.04
5 -82.32
6 -64.16
7 -65.62
8 -72.07
9 66.80
10 -41.31
11 -88.18
0 35.74
1 -58.59
2 -75.59
3 4.69
4 -65.92
5 -83.20
6 -64.16
7 -65.62
8 -72.07
9 68.55
10 -42.19
11 -88.77
0 35.74
1 -58.89
2 -75.59
3 4.39
4 -66.50
5 -84.37
6 -64.16
7 -65.62
8 -72.07
9 70.90
10 -43.07
11 -89.36
0 35.74
1 -58.89
2 -75.29
3 3.81
4 -67.68
5 -85.55
6 -64.16
7 -65.62
8 -72.07
9 72.07
10 -43.65
11 -89.36
0 36.04
1 -58.89
2 -75.29
3 3.52
4 -67.97
5 -86.72
6 -64.16
7 -65.62
8 -72.07
9 74.41
10 -44.53
11 -89.94
0 36.04
1 -58.89
2 -75.59
3 3.52
4 -68.55
5 -87.89
6 -64.16
7 -65.62
8 -72.07
9 76.76
10 -45.12
11 -89.94
0 36.04
1 -139.16
2 -75.29
3 2.64
4 -69.14
5 -89.65
6 -64.16
7 -65.62
8 -72.07
9 80.86
10 -45.70
11 -139.16
0 35.74
1 -139.16
2 -75.29
3 2.34
4 -69.73
5 -92.29
6 -64.16
7 -65.62
8 -72.07
9 86.43
10 -46.88
11 -91.70
0 36.04
1 -58.89
2 -75.29
3 2.34
4 -69.73
5 -92.87
6 -64.16
7 -65.62
8 -72.07
9 89.06
10 -47.17
11 -91.99
0 36.04
1 -58.59
2 -75.29
3 2.34
4 -70.02
5 -93.75
6 -64.16
7 -65.62
8 -72.07
9 90.53
10 -47.17
11 -92.58
0 35.74
1 -58.89
2 -75.59
3 2.34
4 -70.02
5 -94.63
6 -139.16
7 -65.62
8 -72.07
9 93.75
10 -47.17
11 -92.58
0 35.74
1 -58.89
2 -75.59
3 1.17
4 -70.02
5 -95.80
6 -64.16
7 -65.62
8 -72.07
9 95.21
10 -47.17
11 -92.58
0 36.04
1 -58.89
2 -75.59
3 1.17
4 -70.31
5 -96.97
6 -64.16
7 -65.62
8 -72.07
9 95.80
10 -47.46
11 -92.58
0 36.04
1 -58.89
2 -75.59
3 0.88
4 -139.16
5 -97.85
6 -64.16
7 -65.62
8 -72.07
9 96.68
10 -47.75
11 -92.58
0 36.33
1 -58.89
2 -75.59
3 -0.29
4 -71.48
5 -98.44
6 -64.16
7 -65.62
8 -72.07
9 96.97
10 -47.75
11 -92.58
0 36.04
1 -58.59
2 -75.59
3 -1.17
4 -71.48
5 -99.32
6 -64.16
7 -65.62
8 -72.07
9 96.68
10 -47.75
11 -92.58
0 36.04
1 -58.89
2 -75.59
3 -1.76
4 -71.78
5 -99.90
6 -64.16
7 -65.62
8 -71.78
9 96.97
10 -47.46
11 -92.58
0 36.04
1 -58.89
2 -75.29
3 -2.05
4 -71.78
5 -100.49
6 -64.75
7 -65.62
8 -71.78
9 96.97
10 -47.75
11 -92.58
0 36.33
1 -58.59
2 -75.29
3 -3.52
4 -71.78
5 -100.78
6 -64.16
7 -65.62
8 -72.07
9 -139.16
10 -47.75
11 -92.58
0 36.04
1 -58.89
2 -75.59
3 -3.81
4 -72.07
5 -101.66
6 -64.16
7 -65.62
8 -72.07
9 96.97
10 -47.75
11 -92.58
0 36.04
1 -58.89
2 -75.59
3 -4.69
4 -72.07
5 -102.25
6 -64.16
7 -65.62
8 -71.78
9 96.68
10 -47.75
11 -92.58
0 35.74
1 -58.89
2 -75.59
3 -5.27
4 -71.78
5 -102.54
6 -64.16
7 -65.62
8 -72.07
9 96.97
10 -47.75
11 -92.58
0 35.74
1 -58.89
2 -75.59
3 -6.15
4 -72.07
5 -104.00
6 -64.16
7 -65.62
8 -139.16
9 96.97
10 -47.75
11 -92.58
0 35.74
1 -58.89
2 -75.29
3 -7.62
4 -72.07
5 -104.30
6 -64.16
7 -65.62
8 -72.07
9 96.97
10 -47.75
11 -92.58
0 36.04
1 -58.59
2 -75.29
3 -8.79
4 -72.07
5 -104.88
6 -64.16
7 -65.33
8 -72.07
9 96.97
10 -48.05
11 -92.58
0 35.74
1 -58.59
2 -75.59
3 -9.67
4 -72.07
5 -105.18
6 -64.16
7 -65.62
8 -72.07
9 96.68
10 -48.34
11 -92.58
0 35.74
1 -58.89
2 -75.59
3 -10.25
4 -72.07
5 -105.76
6 -64.16
7 -65.62
8 -72.07
9 97.56
10 -48.34
11 -92.58
0 36.04
1 -58.89
2 -75.59
3 -10.84
4 -72.07
5 -106.05
6 -64.16
7 -65.62
8 -71.78
9 96.97
10 -48.34
11 -92.58
0 35.74
1 -58.89
2 -75.29
3 -11.43
4 -72.07
5 -106.64
6 -64.16
7 -65.62
8 -71.78
9 96.68
10 -48.05
11 -92.58
0 36.04
1 -58.89
2 -75.59
3 -11.72
4 -72.07
5 -106.64
6 -64.16
7 -65.62
8 -71.78
9 96.68
10 -48.05
11 -139.16
0 35.74
1 -58.89
2 -75.59
3 -12.01
4 -72.07
5 -106.93
6 -64.16
7 -65.62
8 -72.07
9 96.97
10 -48.05
11 -91.99
0 36.04
1 -58.59
2 -75.59
3 -12.01
4 -72.07
5 -106.93
6 -64.16
7 -65.33
8 -72.07
9 96.97
10 -48.05
11 -91.70
0 35.74
1 -58.89
2 -75.59
3 -12.01
4 -72.07
5 -106.64
6 -64.16
7 -65.62
8 -72.07
9 96.97
10 -139.16
11 -91.11
0 36.04
1 -58.89
2 -75.59
3 -11.72
4 -72.07
5 -106.64
6 -64.16
7 -65.62
8 -72.07
9 96.68
10 -48.34
11 -91.11
0 36.04
1 -58.89
2 -75.29
3 -11.43
4 -72.07
5 -106.05
6 -64.16
7 -65.62
8 -72.07
9 96.97
10 -48.05
11 -91.11
0 35.74
1 -58.89
2 -75.59
3 -11.72
4 -71.78
5 -106.64
6 -139.16
7 -65.62
8 -139.16
9 96.68
10 -48.05
11 -91.11
0 36.04
1 -58.89
2 -75.59
3 -11.72
4 -70.90
5 -106.64
6 -64.16
7 -65.62
8 -71.78
9 96.68
10 -48.05
11 -91.11
0 35.74
1 -58.89
2 -75.29
3 -11.72
4 -70.31
5 -106.64
6 -64.16
7 -65.62
8 -72.07
9 96.68
10 -48.05
11 -91.11
0 35.74
1 -58.89
2 -75.59
3 -11.43
4 -70.90
5 -106.05
6 -64.16
7 -65.62
8 -72.07
9 96.39
10 -48.34
11 -91.11
0 36.33
1 -58.89
2 -75.29
3 -11.43
4 -70.90
5 -106.05
6 -64.16
7 -65.62
8 -72.07
9 -139.16
10 -48.05
11 -91.11
0 35.74
1 -58.59
2 -75.59
3 -11.72
4 -70.90
5 -106.05
6 -64.16
7 -65.62
8 -72.07
9 96.68
10 -48.05
11 -90.82
0 35.74
1 -58.89
2 -75.59
3 -11.72
4 -70.90
5 -106.05
6 -64.16
7 -65.62
8 -72.07
9 96.68
10 -48.05
11 -91.11
0 36.04
1 -58.89
2 -75.59
3 -11.72
4 -70.90
5 -106.05
6 -64.16
7 -65.62
8 -71.78
9 96.97
10 -48.05
11 -90.82
0 36.04
1 -58.89
2 -75.59
3 -11.72
4 -70.90
5 -106.05
6 -64.16
7 -65.62
8 -71.78
9 96.97
10 -48.05
11 -91.11
0 36.04
1 -58.59
2 -75.59
3 -11.43
4 -70.90
5 -106.05
6 -63.57
7 -65.62
8 -71.78
9 96.68
10 -48.05
11 -91.11
0 35.74
1 -58.59
2 -75.59
3 -11.72
4 -70.90
5 -106.05
6 -63.28
7 -139.16
8 -71.78
9 96.97
10 -48.05
11 -91.11
0 36.04
1 -58.59
2 -75.59
3 -11.72
4 -70.90
5 -106.05
6 -63.28
7 -65.62
8 -71.78
9 96.68
10 -48.05
11 -91.11
0 35.74
1 -58.89
2 -75.59
3 -11.72
4 -70.90
5 -106.05
6 -63.57
7 -65.62
8 -72.07
9 96.68
10 -48.05
11 -91.11
0 35.74
1 -139.16
2 -75.29
3 -11.43
4 -70.31
5 -106.05
6 -63.57
7 -65.62
8 -71.78
9 96.97
10 -48.05
11 -91.11
0 35.74
1 -58.89
2 -75.59
3 -11.43
4 -139.16
5 -106.05
6 -63.57
7 -65.62
8 -71.78
9 96.97
10 -48.05
11 -91.11
0 36.04
1 -58.89
2 -75.59
3 -11.72
4 -70.90
5 -106.05
6 -139.16
7 -65.62
8 -139.16
9 96.68
10 -48.05
11 -91.11
0 35.74
1 -58.59
2 -75.29
3 -11.72
4 -70.90
5 -106.05
6 -63.57
7 -65.62
8 -71.78
9 96.68
10 -48.05
11 -91.11
0 35.74
1 -58.59
2 -75.29
3 -11.43
4 -70.90
5 -106.05
6 -63.57
7 -65.62
8 -71.78
9 96.97
10 -48.05
11 -91.11
0 35.74
1 -58.59
2 -75.59
3 -11.72
4 -70.90
5 -106.05
6 -63.57
7 -65.33
8 -72.07
9 96.68
10 -48.05
11 -91.11
0 36.04
1 -58.89
2 -75.29
3 -11.43
4 -70.90
5 -106.05
6 -63.57
7 -65.62
8 -71.78
9 96.97
10 -48.05
11 -90.82
0 36.04
1 -58.89
2 -75.59
3 -11.72
4 -70.90
5 -106.05
6 -63.57
7 -65.62
8 -71.78
9 96.39
10 -48.05
11 -91.11
0 36.04
1 -58.89
2 -75.29
3 -11.72
4 -70.90
5 -106.05
6 -63.57
7 -65.62
8 -71.78
9 96.97
10 -48.05
11 -91.11
0 35.74
1 -58.89
2 -75.29
3 -11.72
4 -70.90
5 -106.05
6 -63.57
7 -65.62
8 -71.78
9 96.97
10 -48.05
11 -91.11
0 36.04
1 -58.89
2 -75.59
3 -11.43
4 -70.90
5 -106.05
6 -63.57
7 -139.16
8 -71.78
9 96.97
10 -48.05
11 -91.11
0 35.74
1 -58.89
2 -75.29
3 -11.72
4 -70.90
5 -106.05
6 -63.57
7 -65.62
8 -71.78
9 96.97
10 -48.05
11 -91.11
0 35.74
1 -58.89
2 -75.29
3 -11.72
4 -70.90
5 -106.05
6 -63.57
7 -65.62
8 -71.78
9 96.68
10 -48.05
11 -91.11
0 36.04
1 -58.89
2 -75.59
3 -11.43
4 -70.90
5 -106.05
6 -63.57
7 -65.62
8 -71.78
9 96.97
10 -48.05
11 -91.11
0 36.04
1 -58.89
2 -75.59
3 -11.72
4 -70.90
5 -106.05
6 -63.57
7 -65.62
8 -71.78
9 96.68
10 -48.05
11 -90.82
0 36.33
1 -58.89
2 -75.59
3 -11.72
4 -70.90
5 -106.05
6 -63.57
7 -65.62
8 -71.78
9 96.68
10 -48.05
11 -90.82
0 36.04
1 -58.89
2 -75.59
3 -11.72
4 -70.90
5 -106.05
6 -63.57
7 -65.33
8 -71.78
9 96.68
10 -48.05
11 -90.82
0 36.04
1 -58.89
2 -75.59
3 -11.72
4 -70.90
5 -106.05
6 -63.57
7 -65.33
8 -71.78
9 96.39
10 -48.05
11 -90.82
0 36.04
1 -58.89
2 -75.59
3 -11.72
4 -70.90
5 -106.05
6 -63.57
7 -65.62
8 -72.07
9 96.97
10 -48.05
11 -91.11
0 36.04
1 -58.89
2 -75.29
3 -11.72
4 -70.90
5 -106.05
6 -63.57
7 -65.62
8 -71.78
9 96.68
10 -48.05
11 -90.82
0 36.04
1 -58.89
2 -75.59
3 -11.43
4 -70.90
5 -106.05
6 -63.57
7 -65.62
8 -71.78
9 96.97
10 -48.34
11 -90.82
0 36.04
1 -58.89
2 -75.59
3 -11.43
4 -70.90
5 -106.05
6 -63.57
7 -65.62
8 -71.78
9 96.97
10 -48.05
11 -91.11
0 35.74
1 -58.89
2 -75.59
3 -11.72
4 -70.90
5 -106.05
6 -63.57
7 -65.62
8 -71.78
9 96.97
10 -48.05
11 -91.11
0 36.04
1 -58.89
2 -75.59
3 -11.43
4 -70.90
5 -106.05
6 -63.57
7 -65.62
8 -71.78
9 96.68
10 -48.05
11 -91.11
0 35.74
1 -58.89
2 -75.59
3 -11.72
4 -70.90
5 -106.05
6 -63.57
7 -65.33
8 -71.78
9 96.68
10 -48.05
11 -90.82
0 36.04
1 -58.89
2 -75.59
3 -11.43
4 -70.90
5 -106.05
6 -63.57
7 -65.62
8 -71.78
9 96.97
10 -48.05
11 -91.11
0 -139.16
1 -58.89
2 -75.59
3 -11.72
4 -70.90
5 -106.05
6 -63.57
7 -65.62
8 -139.16
9 96.68
10 -48.05
11 -90.82
0 36.04
1 -58.89
2 -75.59
3 -11.72
4 -70.90
5 -106.05
6 -139.16
7 -65.62
8 -71.78
9 96.68
10 -48.34
11 -91.11
0 36.04
1 -58.89
2 -75.59
3 -11.43
4 -70.90
5 -106.05
6 -63.57
7 -65.33
8 -71.78
9 96.97
10 -48.05
11 -91.11
0 36.04
1 -58.89
2 -75.59
3 -11.72
4 -70.90
5 -106.05
6 -63.57
7 -65.62
8 -71.78
9 96.97
10 -48.05
11 -91.11
0 36.04
1 -58.89
2 -75.29
3 -11.43
4 -70.90
5 -106.05
6 -63.57
7 -65.62
8 -72.07
9 96.97
10 -48.05
11 -90.82
0 36.04
1 -58.89
2 -75.59
3 -11.43
4 -70.90
5 -106.05
6 -63.57
7 -65.62
8 -71.78
9 96.68
10 -48.34
11 -91.11
0 35.16
1 -58.59
2 -75.29
3 -11.43
4 -70.90
5 -106.05
6 -63.57
7 -65.62
8 -72.07
9 96.97
10 -48.05
11 -91.11
0 36.04
1 -58.89
2 -75.59
3 -11.72
4 -70.90
5 -106.05
6 -63.87
7 -65.62
8 -71.78
9 96.97
10 -48.05
11 -90.82
0 35.74
1 -58.89
2 -75.29
3 -11.72
4 -70.90
5 -106.05
6 -63.57
7 -65.62
8 -71.78
9 96.39
10 -48.05
11 -91.11
0 35.74
1 -58.89
2 -75.29
3 -11.72
4 -70.90
5 -106.05
6 -63.57
7 -65.62
8 -71.78
9 96.68
10 -48.05
11 -91.11
0 36.04
1 -58.89
2 -75.59
3 -11.72
4 -70.90
5 -106.05
6 -63.57
7 -65.62
8 -72.07
9 96.97
10 -48.05
11 -91.11
0 35.74
1 -58.89
2 -75.59
3 -11.72
4 -70.90
5 -106.05
6 -63.57
7 -65.62
8 -71.78
9 96.68
10 -48.05
11 -91.11
0 35.74
1 -58.59
2 -75.59
3 -11.72
4 -70.90
5 -106.05
6 -63.57
7 -65.62
8 -71.78
9 96.68
10 -48.05
11 -91.11
0 36.04
1 -58.89
2 -75.59
3 -11.72
4 -70.90
5 -106.05
6 -63.87
7 -65.62
8 -71.78
9 96.39
10 -48.05
11 -91.11
0 35.74
1 -58.89
2 -75.59
3 -11.72
4 -70.31
5 -106.05
6 -63.57
7 -65.62
8 -71.78
9 96.68
10 -48.05
11 -91.11
0 36.04
1 -58.89
2 -139.16
3 -11.72
4 -70.90
5 -106.05
6 -63.57
7 -65.62
8 -72.07
9 96.97
10 -48.05
11 -90.82
0 36.04
1 -58.59
2 -75.59
3 -11.72
4 -70.90
5 -106.05
6 -63.57
7 -139.16
8 -71.78
9 96.97
10 -48.05
11 -91.11
0 36.04
1 -58.89
2 -75.59
3 -11.13
4 -70.90
5 -106.05
6 -63.57
7 -65.62
8 -71.78
9 96.97
10 -48.05
11 -91.11
0 36.04
1 -58.89
2 -75.59
3 -11.43
4 -70.90
5 -106.05
6 -63.57
7 -65.62
8 -71.78
9 96.68
10 -48.05
11 -90.82
0 36.04
1 -58.89
2 -75.59
3 -11.72
4 -70.90
5 -106.05
6 -63.57
7 -65.62
8 -71.78
9 96.97
10 -48.05
11 -91.11
0 35.74
1 -58.89
2 -75.29
3 -11.72
4 -70.90
5 -106.05
6 -63.57
7 -65.62
8 -71.78
9 96.97
10 -48.05
11 -139.16
0 35.74
1 -58.89
2 -75.59
3 -11.43
4 -70.90
5 -106.05
6 -63.57
7 -65.62
8 -71.78
9 96.97
10 -48.05
11 -91.11
0 36.04
1 -58.59
2 -75.29
3 -11.43
4 -70.90
5 -106.05
6 -63.57
7 -65.62
8 -72.07
9 96.97
10 -48.05
11 -91.11
0 36.04
1 -58.89
2 -75.59
3 -11.72
4 -70.90
5 -106.05
6 -63.57
7 -65.62
8 -72.07
9 96.68
10 -48.05
11 -90.82
0 36.04
1 -58.89
2 -75.59
3 -11.72
4 -70.90
5 -106.05
6 -63.57
7 -65.62
8 -71.78
9 96.68
10 -48.05
11 -91.11
0 36.04
1 -58.89
2 -75.59
3 -11.72
4 -70.90
5 -106.05
6 -63.57
7 -65.62
8 -71.78
9 96.68
10 -48.05
11 -91.11
0 36.04
1 -58.89
2 -75.59
3 -11.72
4 -70.90
5 -106.05
6 -63.57
7 -65.62
8 -71.78
9 96.68
10 -48.05
11 -91.11
0 36.04
1 -58.89
2 -75.59
3 -11.72
4 -70.90
5 -106.05
6 -63.57
7 -65.62
8 -72.07
9 96.68
10 -48.05
11 -91.11
0 36.04
1 -58.89
2 -75.29
3 -11.72
4 -70.90
5 -106.05
6 -63.57
7 -65.62
8 -71.78
9 96.68
10 -48.05
11 -91.11
0 36.04
1 -58.89
2 -75.59
3 -11.72
4 -70.90
5 -106.05
6 -63.57
7 -65.62
8 -71.78
9 96.68
10 -48.05
11 -90.82
0 36.04
1 -58.89
2 -75.59
3 -11.72
4 -70.90
5 -106.05
6 -63.57
7 -65.62
8 -71.78
9 96.68
10 -48.05
11 -91.11
0 36.04
1 -58.89
2 -75.59
3 -11.72
4 -70.90
5 -106.05
6 -63.57
7 -65.62
8 -71.78
9 96.68
10 -48.05
11 -91.11
0 36.04
1 -58.89
2 -75.59
3 -11.72
4 -70.90
5 -106.05
6 -63.57
7 -65.62
8 -71.78
9 96.68
10 -48.05
11 -91.11
0 36.04
1 -58.89
2 -75.59
3 -11.72
4 -70.90
5 -106.05
6 -63.57
7 -65.62
8 -71.78
9 96.97
10 -48.05
11 -90.82
0 36.04
1 -58.89
2 -75.59
3 -11.72
4 -70.90
5 -106.05
6 -63.57
7 -65.62
8 -71.78
9 96.97
10 -48.05
11 -91.11
0 36.04
1 -58.89
2 -75.29
3 -139.16
4 -70.90
5 -106.05
6 -63.57
7 -65.62
8 -139.16
9 96.68
10 -48.05
11 -91.11
0 36.04
1 -58.89
2 -75.59
3 -11.43
4 -70.90
5 -106.05
6 -63.57
7 -65.62
8 -71.78
9 96.68
10 -48.05
11 -90.82
0 36.04
1 -58.89
2 -75.29
3 -11.72
4 -70.90
5 -106.05
6 -63.57
7 -65.62
8 -72.07
9 96.68
10 -48.05
11 -90.82
0 35.74
1 -58.89
2 -75.59
3 -11.72
4 -70.90
5 -106.05
6 -63.57
7 -65.62
8 -72.07
9 96.97
10 -48.34
11 -91.11
0 36.04
1 -58.89
2 -75.29
3 -11.72
4 -70.90
5 -106.05
6 -63.57
7 -65.62
8 -71.78
9 96.39
10 -48.05
11 -91.11
0 36.04
1 -58.59
2 -75.29
3 -11.72
4 -70.90
5 -106.05
6 -63.57
7 -65.62
8 -72.07
9 96.68
10 -48.34
11 -91.11
0 36.04
1 -58.89
2 -75.29
3 -11.72
4 -70.90
5 -106.05
6 -63.57
7 -65.62
8 -71.78
9 96.97
10 -48.05
11 -91.11
0 35.74
1 -58.89
2 -75.59
3 -11.72
4 -70.90
5 -106.05
6 -63.57
7 -65.62
8 -71.78
9 96.68
10 -48.05
11 -90.82
0 35.74
1 -58.89
2 -75.59
3 -11.72
4 -70.90
5 -106.05
6 -63.57
7 -65.62
8 -71.78
9 96.97
10 -47.46
11 -91.11
0 36.04
1 -58.89
2 -75.29
3 -11.72
4 -70.90
5 -106.05
6 -63.57
7 -65.62
8 -71.78
9 96.97
10 -48.05
11 -91.11
0 36.04
1 -58.89
2 -75.59
3 -11.72
4 -70.90
5 -106.05
6 -63.87
7 -65.62
8 -71.78
9 96.97
10 -48.05
11 -91.11
0 36.04
1 -58.89
2 -75.29
3 -11.72
4 -70.90
5 -106.05
6 -63.57
7 -65.62
8 -72.07
9 96.68
10 -48.05
11 -90.82
0 36.04
1 -58.59
2 -75.59
3 -11.72
4 -70.90
5 -106.05
6 -63.57
7 -65.62
8 -71.78
9 96.97
10 -48.05
11 -91.11
0 36.04
1 -58.89
2 -75.59
3 -11.43
4 -70.90
5 -106.05
6 -63.57
7 -65.62
8 -71.78
9 96.68
10 -48.34
11 -90.82
0 36.04
1 -58.89
2 -75.29
3 -11.72
4 -70.90
5 -106.05
6 -63.57
7 -65.62
8 -71.78
9 96.68
10 -48.05
11 -91.11
0 36.04
1 -58.89
2 -75.59
3 -11.72
4 -70.90
5 -106.05
6 -63.57
7 -65.62
8 -72.07
9 96.68
10 -48.05
11 -91.11
0 36.04
1 -58.59
2 -75.59
3 -11.72
4 -70.90
5 -106.05
6 -63.57
7 -65.62
8 -71.78
9 96.68
10 -48.05
11 -91.11
0 36.04
1 -58.89
2 -75.59
3 -11.72
4 -70.90
5 -106.05
6 -63.57
7 -65.62
8 -71.78
9 97.56
10 -48.05
11 -90.82
0 36.04
1 -58.59
2 -75.59
3 -11.43
4 -70.90
5 -106.05
6 -63.57
7 -65.62
8 -71.78
9 96.68
10 -48.05
11 -91.11
0 36.04
1 -58.89
2 -75.29
3 -11.43
4 -70.90
5 -139.16
6 -63.57
7 -65.62
8 -71.78
9 96.97
10 -48.05
11 -91.11
0 36.04
1 -58.59
2 -75.59
3 -11.72
4 -70.90
5 -106.05
6 -63.57
7 -65.62
8 -71.78
9 96.97
10 -48.05
11 -91.11
0 36.04
1 -58.89
2 -75.59
3 -11.72
4 -70.90
5 -106.05
6 -63.57
7 -65.33
8 -71.78
9 97.56
10 -48.05
11 -91.11
0 36.04
1 -58.89
2 -75.59
3 -11.72
4 -70.90
5 -106.05
6 -63.87
7 -65.62
8 -71.78
9 96.97
10 -48.05
11 -91.11
0 36.04
1 -58.89
2 -75.59
3 -11.43
4 -70.90
5 -106.05
6 -63.57
7 -65.62
8 -72.07
9 96.97
10 -48.05
11 -91.11
0 35.74
1 -58.89
2 -75.29
3 -11.72
4 -70.90
5 -106.05
6 -63.57
7 -65.62
8 -71.78
9 96.68
10 -48.05
11 -91.11
0 35.74
1 -58.89
2 -75.59
3 -11.72
4 -70.90
5 -106.05
6 -63.57
7 -65.62
8 -71.78
9 96.68
10 -48.05
11 -91.11
0 36.04
1 -58.89
2 -75.29
3 -11.43
4 -70.90
5 -106.05
6 -63.57
7 -65.62
8 -71.78
9 96.97
10 -48.05
11 -91.11
0 36.04
1 -58.89
2 -75.29
3 -11.43
4 -70.90
5 -106.05
6 -63.57
7 -65.62
8 -71.78
9 96.97
10 -48.05
11 -91.11
0 35.74
1 -139.16
2 -75.59
3 -11.72
4 -70.90
5 -106.05
6 -63.57
7 -65.33
8 -71.78
9 96.97
10 -48.05
11 -91.11
0 36.04
1 -58.89
2 -75.59
3 -11.43
4 -70.90
5 -106.05
6 -63.57
7 -65.62
8 -71.78
9 96.97
10 -48.05
11 -91.11
0 35.74
1 -58.59
2 -75.59
3 -11.43
4 -70.90
5 -106.05
6 -63.57
7 -65.62
8 -71.78
9 96.97
10 -48.05
11 -91.11
0 36.04
1 -58.59
2 -75.59
3 -11.43
4 -70.90
5 -106.05
6 -63.57
7 -65.62
8 -71.78
9 96.97
10 -48.05
11 -91.11
0 35.74
1 -58.89
2 -75.59
3 -11.72
4 -70.90
5 -106.05
6 -63.57
7 -65.62
8 -71.78
9 96.97
10 -48.05
11 -91.11
0 35.74
1 -58.89
2 -75.29
3 -11.72
4 -70.90
5 -106.05
6 -63.57
7 -65.62
8 -71.78
9 96.68
10 -48.05
11 -90.82
0 35.74
1 -58.89
2 -75.59
3 -11.72
4 -70.90
5 -106.05
6 -63.57
7 -65.62
8 -71.78
9 96.68
10 -48.05
11 -91.11
0 35.74
1 -58.89
2 -75.29
3 -11.43
4 -70.90
5 -106.05
6 -63.57
7 -65.62
8 -72.07
9 96.97
10 -48.05
11 -139.16
0 35.74
1 -58.89
2 -75.29
3 -11.72
4 -70.90
5 -106.05
6 -63.57
7 -65.62
8 -71.78
9 96.97
10 -48.05
11 -139.16
0 35.74
1 -58.89
2 -75.59
3 -11.72
4 -70.90
5 -106.05
6 -63.57
7 -65.62
8 -71.78
9 96.97
10 -48.34
11 -91.11
0 36.04
1 -58.89
2 -75.29
3 -11.72
4 -70.90
5 -106.05
6 -63.57
7 -65.62
8 -72.07
9 96.97
10 -48.05
11 -91.11
0 36.04
1 -58.89
2 -75.29
3 -11.43
4 -70.90
5 -106.05
6 -63.57
7 -65.62
8 -72.07
9 96.97
10 -48.05
11 -91.11
0 36.04
1 -58.89
2 -75.59
3 -11.72
4 -70.90
5 -106.05
6 -63.57
7 -65.62
8 -71.78
9 96.68
10 -48.05
11 -90.82
0 35.74
1 -58.89
2 -75.59
3 -11.72
4 -70.90
5 -106.05
6 -63.57
7 -65.33
8 -71.78
9 96.97
10 -48.05
11 -91.11
0 35.74
1 -58.59
2 -75.59
3 -11.43
4 -70.90
5 -106.05
6 -63.57
7 -65.62
8 -71.78
9 96.68
10 -48.05
11 -91.11
0 36.04
1 -58.89
2 -75.59
3 -11.72
4 -70.90
5 -106.05
6 -63.57
7 -65.62
8 -71.78
9 96.97
10 -48.05
11 -91.11
0 36.04
1 -58.89
2 -75.29
3 -11.72
4 -70.90
5 -106.05
6 -63.87
7 -65.62
8 -71.78
9 96.97
10 -48.05
11 -91.11
0 36.04
1 -58.89
2 -75.59
3 -11.43
4 -71.48
5 -106.05
6 -63.57
7 -65.62
8 -72.07
9 96.68
10 -48.05
11 -90.82
0 36.04
1 -58.59
2 -75.59
3 -11.43
4 -70.90
5 -106.05
6 -63.57
7 -65.33
8 -71.78
9 96.68
10 -48.05
11 -91.11
0 35.74
1 -59.47
2 -75.29
3 -11.72
4 -70.90
5 -106.05
6 -63.57
7 -65.62
8 -72.07
9 96.68
10 -48.05
11 -90.82
0 36.04
1 -58.89
2 -75.59
3 -11.43
4 -70.90
5 -106.05
6 -63.57
7 -65.62
8 -71.78
9 96.68
10 -48.05
11 -91.11
0 36.04
1 -58.89
2 -75.59
3 -11.72
4 -70.90
5 -106.05
6 -63.57
7 -65.62
8 -71.78
9 96.68
10 -48.34
11 -91.11
0 36.04
1 -58.89
2 -75.59
3 -11.43
4 -70.90
5 -106.05
6 -63.57
7 -65.62
8 -71.78
9 96.68
10 -48.05
11 -91.11
0 35.16
1 -58.89
2 -75.29
3 -11.72
4 -70.90
5 -106.05
6 -63.57
7 -65.62
8 -72.07
9 96.68
10 -48.05
11 -91.11
0 36.04
1 -58.59
2 -75.59
3 -11.72
4 -70.90
5 -106.05
6 -63.57
7 -65.62
8 -71.78
9 96.68
10 -48.05
11 -91.11
0 -139.16
1 -58.89
2 -75.59
3 -11.72
4 -70.90
5 -106.05
6 -63.57
7 -65.62
8 -71.78
9 96.68
10 -48.05
11 -91.11
0 36.04
1 -58.89
2 -75.59
3 -11.72
4 -70.90
5 -106.05
6 -63.57
7 -65.62
8 -71.78
9 96.68
10 -48.05
11 -91.11
0 36.04
1 -58.89
2 -75.59
3 -11.72
4 -70.90
5 -106.05
6 -139.16
7 -65.62
8 -139.16
9 96.68
10 -48.05
11 -91.11
0 35.74
1 -58.89
2 -75.59
3 -11.72
4 -70.90
5 -106.05
6 -63.57
7 -65.62
8 -71.78
9 96.68
10 -48.05
11 -90.82
0 36.04
1 -139.16
2 -75.59
3 -11.72
4 -70.90
5 -106.05
6 -63.57
7 -65.62
8 -71.78
9 96.68
10 -48.05
11 -91.11
0 36.04
1 -58.89
2 -75.59
3 -11.72
4 -70.90
5 -106.05
6 -63.57
7 -65.33
8 -71.78
9 96.68
10 -48.05
11 -91.11
0 35.74
1 -58.89
2 -75.29
3 -11.72
4 -70.90
5 -106.05
6 -63.57
7 -65.33
8 -71.78
9 96.68
10 -48.05
11 -91.11
0 36.04
1 -58.89
2 -75.59
3 -11.72
4 -70.90
5 -106.05
6 -63.57
7 -65.62
8 -72.07
9 96.68
10 -48.05
11 -91.11
0 36.04
1 -58.89
2 -75.59
3 -11.72
4 -70.90
5 -106.05
6 -63.57
7 -65.62
8 -72.07
9 96.39
10 -48.05
11 -90.82
0 36.04
1 -58.89
2 -75.29
3 -11.72
4 -70.90
5 -106.05
6 -63.57
7 -65.62
8 -71.78
9 96.97
10 -48.05
11 -91.11
0 36.04
1 -139.16
2 -75.29
3 -11.72
4 -70.90
5 -106.05
6 -63.87
7 -65.62
8 -71.78
9 96.68
10 -139.16
11 -91.11
0 36.04
1 -58.59
2 -75.59
3 -11.72
4 -70.90
5 -106.05
6 -63.57
7 -65.62
8 -71.78
9 96.97
10 -48.05
11 -91.11
0 36.04
1 -58.89
2 -75.59
3 -11.43
4 -70.90
5 -106.05
6 -63.57
7 -65.62
8 -71.78
9 96.97
10 -48.05
11 -91.11
0 35.74
1 -58.89
2 -75.59
3 -11.72
4 -70.90
5 -106.05
6 -63.57
7 -65.62
8 -71.78
9 96.68
10 -48.05
11 -91.11
0 35.74
1 -58.89
2 -75.59
3 -11.72
4 -70.90
5 -106.05
6 -63.57
7 -65.62
8 -71.78
9 96.68
10 -48.05
11 -139.16
0 35.74
1 -58.89
2 -75.29
3 -11.43
4 -70.90
5 -106.05
6 -63.57
7 -65.62
8 -72.07
9 96.68
10 -48.05
11 -91.11
0 35.74
1 -58.89
2 -75.29
3 -11.43
4 -70.90
5 -106.05
6 -63.57
7 -65.62
8 -71.78
9 96.68
10 -48.05
11 -91.11
0 35.74
1 -58.89
2 -75.29
3 -11.43
4 -70.90
5 -106.05
6 -63.57
7 -65.62
8 -71.78
9 96.68
10 -48.05
11 -90.82
0 35.74
1 -58.89
2 -75.59
3 -11.72
4 -70.90
5 -106.05
6 -63.57
7 -65.62
8 -71.78
9 96.97
10 -48.05
11 -91.11
0 35.74
1 -58.89
2 -75.29
3 -11.72
4 -70.90
5 -106.05
6 -63.57
7 -65.33
8 -72.07
9 96.97
10 -48.05
11 -91.11
0 36.04
1 -58.89
2 -75.59
3 -11.72
4 -70.90
5 -106.05
6 -63.57
7 -65.62
8 -71.78
9 96.68
10 -48.05
11 -90.82
0 36.04
1 -58.01
2 -75.59
3 -11.72
4 -70.90
5 -106.05
6 -63.57
7 -65.62
8 -72.07
9 96.68
10 -48.05
11 -91.11
0 35.74
1 -58.89
2 -75.59
3 -11.72
4 -70.90
5 -106.05
6 -63.57
7 -65.62
8 -71.78
9 96.97
10 -48.05
11 -90.82
0 35.74
1 -58.59
2 -75.29
3 -11.43
4 -70.90
5 -106.05
6 -63.57
7 -65.62
8 -71.78
9 96.68
10 -48.05
11 -91.11
0 35.74
1 -58.89
2 -75.59
3 -11.72
4 -70.90
5 -106.05
6 -63.57
7 -65.62
8 -72.07
9 96.97
10 -48.05
11 -90.82
0 35.74
1 -58.89
2 -75.59
3 -11.72
4 -70.90
5 -106.05
6 -63.57
7 -65.33
8 -71.78
9 96.68
10 -48.05
11 -91.11
0 36.04
1 -58.59
2 -75.59
3 -11.43
4 -70.90
5 -106.05
6 -63.87
7 -65.62
8 -71.78
9 96.68
10 -48.05
11 -139.16
0 36.04
1 -58.89
2 -75.59
3 -11.72
4 -70.90
5 -106.05
6 -63.57
7 -65.62
8 -71.78
9 96.68
10 -48.05
11 -90.82
0 35.74
1 -58.59
2 -75.59
3 -11.72
4 -70.90
5 -106.05
6 -63.57
7 -65.62
8 -71.78
9 96.68
10 -48.05
11 -91.11
0 35.74
1 -58.89
2 -75.59
3 -11.43
4 -70.90
5 -106.05
6 -63.57
7 -65.62
8 -71.78
9 96.68
10 -48.05
11 -91.11
0 36.33
1 -58.89
2 -75.59
3 -11.43
4 -70.90
5 -106.05
6 -63.57
7 -65.62
8 -71.78
9 96.97
10 -48.05
11 -91.11
0 35.74
1 -58.89
2 -75.29
3 -11.43
4 -70.90
5 -106.05
6 -63.57
7 -65.62
8 -71.78
9 96.68
10 -48.05
11 -91.11
0 35.74
1 -58.89
2 -75.59
3 -11.72
4 -70.90
5 -106.05
6 -63.57
7 -65.62
8 -71.78
9 96.97
10 -48.05
11 -91.11
0 35.74
1 -58.89
2 -75.59
3 -11.72
4 -70.90
5 -106.05
6 -63.57
7 -65.62
8 -71.78
9 96.68
10 -48.05
11 -91.11
0 35.74
1 -58.89
2 -75.29
3 -11.72
4 -70.90
5 -106.05
6 -63.57
7 -65.62
8 -71.78
9 96.97
10 -48.05
11 -90.82
0 35.74
1 -58.89
2 -75.29
3 -11.72
4 -70.90
5 -106.05
6 -63.57
7 -65.62
8 -71.78
9 96.68
10 -48.05
11 -91.11
0 35.74
1 -58.89
2 -75.59
3 -11.72
4 -70.90
5 -106.05
6 -63.57
7 -65.62
8 -71.78
9 96.97
10 -48.05
11 -91.11
0 35.74
1 -58.89
2 -75.59
3 -11.43
4 -70.90
5 -106.05
6 -63.28
7 -65.62
8 -71.78
9 96.97
10 -48.05
11 -91.11
0 35.74
1 -58.59
2 -75.29
3 -11.72
4 -70.90
5 -105.76
6 -63.87
7 -65.62
8 -71.78
9 96.97
10 -48.05
11 -91.11
0 35.74
1 -58.89
2 -75.29
3 -11.43
4 -70.90
5 -106.05
6 -63.57
7 -65.62
8 -71.78
9 96.97
10 -48.05
11 -91.11
0 35.74
1 -58.89
2 -75.59
3 -11.72
4 -70.31
5 -106.05
6 -63.57
7 -65.33
8 -72.07
9 96.68
10 -48.05
11 -91.11
0 35.74
1 -58.89
2 -75.59
3 -11.72
4 -70.90
5 -106.05
6 -63.57
7 -65.33
8 -71.78
9 -139.16
10 -48.05
11 -91.11
0 36.04
1 -58.59
2 -75.59
3 -11.43
4 -70.90
5 -139.16
6 -63.57
7 -65.62
8 -71.78
9 96.68
10 -48.34
11 -90.82
0 35.16
1 -58.89
2 -75.59
3 -11.72
4 -70.90
5 -106.05
6 -63.57
7 -65.62
8 -71.78
9 96.68
10 -48.05
11 -90.82
0 36.04
1 -58.89
2 -75.59
3 -11.72
4 -70.90
5 -106.05
6 -63.57
7 -65.62
8 -71.78
9 96.97
10 -139.16
11 -91.11
0 36.04
1 -58.89
2 -75.59
3 -11.72
4 -70.90
5 -106.05
6 -63.57
7 -65.62
8 -71.78
9 96.97
10 -48.05
11 -91.11
0 35.74
1 -58.59
2 -75.59
3 -11.72
4 -70.90
5 -106.05
6 -63.57
7 -65.33
8 -71.78
9 96.97
10 -48.05
11 -91.11
0 36.04
1 -58.89
2 -75.59
3 -11.72
4 -70.90
5 -106.05
6 -63.57
7 -65.62
8 -71.78
9 96.97
10 -48.05
11 -91.11
0 35.74
1 -58.89
2 -75.59
3 -11.72
4 -70.90
5 -106.05
6 -63.57
7 -65.62
8 -71.78
9 -139.16
10 -48.05
11 -91.11
0 36.04
1 -58.89
2 -75.29
3 -11.72
4 -70.90
5 -106.05
6 -63.57
7 -65.62
8 -71.78
9 96.68
10 -48.05
11 -91.11
0 35.74
1 -58.89
2 -75.29
3 -11.72
4 -70.90
5 -106.05
6 -63.57
7 -65.62
8 -71.78
9 96.97
10 -48.05
11 -90.82
0 35.16
1 -58.89
2 -75.59
3 -11.72
4 -70.90
5 -106.05
6 -63.57
7 -65.62
8 -71.78
9 96.97
10 -48.05
11 -90.82
0 36.04
1 -58.59
2 -75.59
3 -11.72
4 -70.90
5 -106.05
6 -63.57
7 -65.33
8 -71.78
9 96.97
10 -48.05
11 -90.82
0 35.74
1 -58.89
2 -75.29
3 -139.16
4 -70.90
5 -106.05
6 -63.57
7 -65.62
8 -71.78
9 96.68
10 -48.05
11 -91.11
0 -139.16
1 -58.89
2 -75.59
3 -11.72
4 -70.90
5 -106.05
6 -63.57
7 -139.16
8 -72.07
9 96.68
10 -48.05
11 -91.11
0 35.74
1 -58.89
2 -75.59
3 -11.43
4 -70.90
5 -106.05
6 -63.57
7 -65.62
8 -71.78
9 96.97
10 -48.05
11 -91.11
0 36.04
1 -58.89
2 -75.59
3 -11.72
4 -70.90
5 -106.05
6 -63.57
7 -65.62
8 -71.78
9 96.68
10 -48.05
11 -90.82
0 36.04
1 -58.89
2 -75.59
3 -11.72
4 -70.90
5 -106.05
6 -63.57
7 -65.62
8 -139.16
9 96.68
10 -48.05
11 -90.82
0 35.74
1 -58.89
2 -75.59
3 -11.43
4 -70.90
5 -106.05
6 -63.57
7 -65.62
8 -71.78
9 96.97
10 -48.05
11 -90.82
0 36.04
1 -58.30
2 -75.29
3 -11.43
4 -70.90
5 -106.05
6 -63.87
7 -65.62
8 -71.78
9 96.68
10 -48.05
11 -91.11
0 35.74
1 -58.89
2 -75.29
3 -11.72
4 -70.90
5 -106.05
6 -63.57
7 -65.33
8 -71.78
9 96.68
10 -48.05
11 -91.11
0 36.04
1 -58.59
2 -75.29
3 -11.72
4 -70.90
5 -106.05
6 -63.57
7 -65.62
8 -71.78
9 96.68
10 -48.05
11 -90.82
0 35.74
1 -58.89
2 -75.29
3 -11.72
4 -70.90
5 -106.05
6 -63.57
7 -65.62
8 -71.78
9 96.68
10 -48.05
11 -90.82
0 35.74
1 -58.89
2 -75.59
3 -11.43
4 -70.90
5 -106.05
6 -63.57
7 -65.62
8 -71.78
9 96.68
10 -48.05
11 -90.82
0 35.74
1 -58.89
2 -75.59
3 -11.72
4 -70.90
5 -106.05
6 -63.57
7 -65.62
8 -71.78
9 96.68
10 -48.05
11 -90.82
0 36.04
1 -58.89
2 -75.59
3 -11.72
4 -70.90
5 -106.05
6 -63.57
7 -65.62
8 -71.78
9 96.68
10 -48.05
11 -91.11
0 36.04
1 -58.89
2 -75.29
3 -11.72
4 -70.90
5 -106.05
6 -63.57
7 -65.62
8 -72.07
9 96.68
10 -48.34
11 -90.82
0 36.04
1 -58.89
2 -75.29
3 -11.72
4 -70.90
5 -106.05
6 -63.57
7 -65.33
8 -72.07
9 96.68
10 -48.05
11 -90.82
0 36.04
1 -58.59
2 -75.59
3 -11.72
4 -70.90
5 -106.05
6 -63.57
7 -65.62
8 -72.07
9 96.68
10 -48.05
11 -90.82
0 36.04
1 -58.89
2 -75.59
3 -11.72
4 -70.90
5 -106.05
6 -63.57
7 -65.62
8 -72.07
9 96.68
10 -48.05
11 -91.11
0 36.04
1 -58.89
2 -75.59
3 -11.72
4 -70.90
5 -106.05
6 -63.57
7 -65.62
8 -71.78
9 97.56
10 -48.05
11 -90.82
0 35.74
1 -58.89
2 -75.59
3 -11.72
4 -70.90
5 -106.05
6 -63.57
7 -65.62
8 -71.78
9 96.68
10 -48.05
11 -90.82
0 36.04
1 -58.89
2 -75.59
3 -11.72
4 -70.90
5 -106.05
6 -63.57
7 -65.62
8 -71.78
9 96.39
10 -48.05
11 -91.11
0 35.74
1 -58.89
2 -75.59
3 -11.72
4 -70.90
5 -106.05
6 -63.57
7 -65.62
8 -71.78
9 96.68
10 -48.05
11 -91.11
0 35.74
1 -58.89
2 -75.59
3 -11.72
4 -70.90
5 -106.05
6 -63.57
7 -65.62
8 -71.78
9 96.97
10 -48.05
11 -91.11
0 36.04
1 -58.89
2 -75.29
3 -11.72
4 -70.90
5 -106.05
6 -63.57
7 -65.62
8 -71.78
9 96.68
10 -48.34
11 -91.11
0 35.74
1 -58.89
2 -75.59
3 -11.43
4 -70.90
5 -106.05
6 -63.57
7 -65.62
8 -71.78
9 96.68
10 -48.05
11 -91.11
0 36.04
1 -58.89
2 -75.59
3 -11.72
4 -70.90
5 -106.05
6 -63.57
7 -65.62
8 -72.07
9 96.68
10 -48.34
11 -91.11
0 36.04
1 -58.59
2 -75.59
3 -11.43
4 -70.90
5 -106.05
6 -63.57
7 -65.62
8 -71.78
9 96.68
10 -48.05
11 -90.82
0 35.74
1 -58.89
2 -75.59
3 -11.72
4 -70.90
5 -106.05
6 -63.57
7 -65.62
8 -71.78
9 96.97
10 -48.05
11 -91.11
0 36.04
1 -58.89
2 -75.59
3 -11.72
4 -70.90
5 -106.05
6 -63.57
7 -65.62
8 -71.78
9 96.97
10 -48.05
11 -91.11
0 35.16
1 -58.89
2 -75.59
3 -11.72
4 -70.90
5 -106.05
6 -63.57
7 -65.62
8 -71.78
9 96.97
10 -48.05
11 -91.11
0 36.04
1 -58.89
2 -75.59
3 -11.43
4 -70.90
5 -106.05
6 -63.57
7 -139.16
8 -71.78
9 96.97
10 -48.05
11 -91.11
0 35.74
1 -58.59
2 -75.29
3 -11.72
4 -70.90
5 -106.05
6 -63.57
7 -65.62
8 -71.78
9 96.97
10 -48.05
11 -91.11
0 35.74
1 -58.89
2 -75.59
3 -11.72
4 -70.90
5 -106.05
6 -63.87
7 -65.62
8 -72.07
9 96.97
10 -48.05
11 -139.16
0 35.74
1 -58.89
2 -75.29
3 -11.43
4 -70.90
5 -106.05
6 -63.57
7 -65.62
8 -71.78
9 96.68
10 -48.34
11 -90.82
0 36.04
1 -58.89
2 -75.59
3 -11.72
4 -70.90
5 -106.05
6 -63.57
7 -65.62
8 -72.07
9 96.68
10 -48.05
11 -91.11
0 -139.16
1 -58.89
2 -75.29
3 -11.72
4 -70.90
5 -106.05
6 -63.57
7 -65.62
8 -71.78
9 97.56
10 -48.05
11 -91.11
0 35.74
1 -58.89
2 -75.29
3 -11.72
4 -70.90
5 -106.05
6 -63.57
7 -65.62
8 -71.78
9 96.97
10 -48.34
11 -91.11
0 36.04
1 -58.89
2 -75.59
3 -11.72
4 -70.90
5 -106.05
6 -63.57
7 -65.62
8 -71.78
9 96.68
10 -48.05
11 -91.11
0 36.04
1 -58.89
2 -75.59
3 -11.72
4 -70.90
5 -106.05
6 -63.57
7 -139.16
8 -71.78
9 96.68
10 -48.05
11 -91.11
0 36.04
1 -58.89
2 -75.29
3 -11.72
4 -70.90
5 -106.05
6 -63.57
7 -65.62
8 -71.78
9 96.68
10 -47.75
11 -91.11
0 36.04
1 -58.59
2 -75.59
3 -139.16
4 -70.90
5 -139.16
6 -63.57
7 -65.62
8 -71.78
9 96.97
10 -48.05
11 -91.11
0 35.74
1 -58.89
2 -75.59
3 -11.72
4 -70.90
5 -106.05
6 -63.57
7 -139.16
8 -71.78
9 96.97
10 -48.05
11 -91.11
0 36.04
1 -58.89
2 -75.59
3 -139.16
4 -70.90
5 -106.05
6 -63.57
7 -65.62
8 -72.07
9 96.97
10 -48.05
11 -91.11
0 36.04
1 -58.89
2 -75.59
3 -11.43
4 -70.90
5 -106.05
6 -63.57
7 -65.62
8 -71.78
9 96.97
10 -48.05
11 -91.11
0 -139.16
1 -58.89
2 -75.59
3 -11.43
4 -70.90
5 -106.05
6 -63.57
7 -65.62
8 -71.78
9 96.97
10 -48.05
11 -91.11
0 36.04
1 -58.89
2 -75.59
3 -11.43
4 -70.90
5 -106.05
6 -63.57
7 -65.33
8 -71.78
9 96.68
10 -48.05
11 -91.11
0 35.74
1 -58.89
2 -75.59
3 -11.72
4 -70.90
5 -106.05
6 -63.57
7 -65.62
8 -71.78
9 96.97
10 -48.05
11 -91.11
0 36.04
1 -58.59
2 -75.59
3 -11.72
4 -70.90
5 -106.05
6 -63.57
7 -65.62
8 -71.78
9 96.68
10 -48.05
11 -91.11
0 36.04
1 -58.89
2 -75.59
3 -11.43
4 -70.90
5 -106.05
6 -63.57
7 -65.62
8 -71.78
9 96.97
10 -48.05
11 -91.11
0 36.04
1 -58.89
2 -75.29
3 -11.72
4 -70.90
5 -106.05
6 -63.57
7 -65.62
8 -71.78
9 96.68
10 -48.05
11 -90.82
0 36.04
1 -58.89
2 -75.29
3 -11.72
4 -70.90
5 -106.05
6 -63.57
7 -65.62
8 -71.78
9 96.97
10 -48.05
11 -91.11
0 35.74
1 -58.89
2 -75.59
3 -11.72
4 -70.90
5 -106.05
6 -63.57
7 -65.62
8 -71.78
9 96.68
10 -48.05
11 -91.11
0 35.74
1 -58.89
2 -75.29
3 -11.43
4 -70.90
5 -106.05
6 -63.57
7 -65.62
8 -71.78
9 96.68
10 -48.05
11 -91.11
0 35.74
1 -58.89
2 -75.59
3 -11.72
4 -70.90
5 -106.05
6 -63.57
7 -65.62
8 -71.78
9 96.39
10 -48.05
11 -91.11
0 36.04
1 -58.89
2 -75.29
3 -11.43
4 -70.90
5 -106.05
6 -63.57
7 -65.62
8 -71.78
9 96.68
10 -139.16
11 -91.11
0 35.74
1 -58.89
2 -75.59
3 -11.72
4 -70.90
5 -106.05
6 -63.57
7 -65.62
8 -71.78
9 96.97
10 -48.05
11 -90.82
0 36.04
1 -58.89
2 -75.59
3 -11.72
4 -70.90
5 -106.05
6 -63.57
7 -65.62
8 