specialmove
motor -6.74 -54.79 -139.45 -1.46 -48.93 -141.21 -11.43 -41.89 -130.66 -2.64 -53.03 -142.38
motor -6.74 -54.79 -139.45 -1.46 -48.93 -141.21 -11.43 -41.89 -130.66 -2.64 -53.03 -142.38
motor -6.74 -54.79 -139.45 -1.46 -48.93 -141.21 -11.43 -41.89 -130.66 -2.64 -53.03 -142.38
motor -6.74 -54.79 -139.45 -1.46 -48.93 -141.21 -11.43 -41.89 -130.66 -2.64 -53.03 -142.38
motor -6.74 -54.79 -139.45 -1.46 -48.93 -141.21 -11.43 -41.89 -130.66 -2.64 -53.03 -142.38
motor -6.74 -54.79 -139.45 -1.46 -48.93 -141.21 -11.43 -41.89 -130.66 -2.64 -53.03 -142.38
motor -6.74 -54.79 -139.45 -1.46 -48.93 -141.21 -11.43 -41.89 -130.66 -2.64 -53.03 -142.38
motor -6.74 -54.79 -139.45 -1.46 -48.93 -141.21 -11.43 -41.89 -130.66 -2.64 -53.03 -142.38
motor -6.74 -54.79 -139.45 -1.46 -48.93 -141.21 -11.43 -41.89 -130.66 -2.64 -53.03 -142.38
motor -6.74 -54.79 -139.45 -1.46 -48.93 -141.21 -11.43 -41.89 -130.66 -2.64 -53.03 -142.38
motor -6.74 -54.79 -139.45 -1.46 -48.93 -141.21 -11.43 -41.89 -130.66 -2.64 -53.03 -142.38
motor -6.74 -54.79 -139.45 -1.46 -48.93 -141.21 -11.43 -41.89 -130.66 -2.64 -53.03 -142.38
motor -6.74 -54.79 -139.45 -1.46 -48.93 -141.21 -11.43 -41.89 -130.66 -2.64 -53.03 -142.38
motor -6.74 -54.79 -139.45 -1.46 -48.93 -141.21 -11.43 -41.89 -130.66 -2.64 -53.03 -142.38
motor -6.74 -54.79 -139.45 -1.46 -48.93 -141.21 -11.43 -41.89 -130.66 -2.64 -53.03 -142.38
motor -6.74 -54.79 -139.45 -1.46 -48.93 -141.21 -11.43 -41.89 -130.66 -2.64 -53.03 -142.38
motor -6.74 -54.79 -139.45 -1.46 -48.93 -141.21 -11.43 -41.89 -130.66 -2.64 -53.03 -142.38
motor -6.74 -54.79 -139.45 -1.46 -48.93 -141.21 -11.43 -41.89 -130.66 -2.64 -53.03 -142.38
motor -6.74 -54.79 -138.28 -1.46 -48.93 -141.21 -11.43 -41.89 -130.66 -2.64 -53.03 -142.38
motor -6.74 -54.79 -138.28 -1.46 -48.93 -141.21 -11.43 -41.89 -130.66 -4.10 -53.03 -142.38
motor -6.74 -54.79 -138.28 -1.46 -48.93 -141.21 -11.43 -41.89 -130.66 -4.10 -53.03 -141.21
motor -6.74 -56.84 -138.28 -1.46 -48.93 -141.21 -11.43 -41.89 -130.66 -4.10 -53.03 -141.21
motor -6.74 -56.84 -137.11 -1.46 -50.10 -141.21 -11.43 -41.89 -130.66 -4.10 -53.03 -141.21
motor -6.74 -56.84 -137.11 -1.46 -50.10 -141.21 -11.43 -41.89 -130.66 -4.10 -53.03 -141.21
motor -6.74 -56.84 -137.11 -1.46 -50.10 -141.21 -11.43 -41.89 -130.66 -4.10 -53.03 -141.21
motor -6.74 -58.01 -137.11 -1.46 -50.10 -141.21 -11.43 -41.89 -130.66 -4.10 -53.03 -141.21
motor -6.74 -58.01 -135.64 -1.46 -51.86 -141.21 -11.43 -41.89 -130.66 -4.10 -53.03 -141.21
motor -6.74 -58.01 -134.47 -1.46 -51.86 -141.21 -11.43 -41.89 -130.66 -4.10 -53.03 -141.21
motor -6.74 -58.01 -134.47 -1.46 -51.86 -141.21 -11.43 -41.89 -130.66 -4.10 -53.03 -141.21
motor -6.74 -58.01 -134.47 -1.46 -51.86 -141.21 -11.43 -41.89 -130.66 -4.10 -53.03 -141.21
motor -6.74 -59.18 -134.47 -1.46 -51.86 -141.21 -11.43 -41.89 -130.66 -4.10 -53.03 -141.21
motor -6.74 -59.18 -134.47 -1.46 -51.86 -141.21 -11.43 -41.89 -130.66 -4.10 -53.03 -141.21
motor -6.74 -59.18 -134.47 -1.46 -51.86 -141.21 -11.43 -41.89 -130.66 -4.10 -53.03 -141.21
motor -6.74 -59.18 -134.47 -1.46 -51.86 -141.21 -11.43 -41.89 -130.66 -4.10 -53.03 -141.21
motor -6.74 -59.18 -134.47 -1.46 -53.03 -141.21 -11.43 -41.89 -130.66 -4.10 -53.03 -141.21
motor -6.74 -59.18 -134.47 -1.46 -53.03 -141.21 -11.43 -41.89 -130.66 -4.10 -53.03 -141.21
motor -6.74 -59.18 -134.47 -1.46 -53.03 -141.21 -11.43 -41.89 -130.66 -4.10 -53.03 -141.21
motor -6.74 -59.18 -134.47 -1.46 -53.03 -141.21 -11.43 -41.89 -130.66 -4.10 -53.03 -141.21
motor -6.74 -59.18 -134.47 -1.46 -53.03 -141.21 -11.43 -41.89 -130.66 -4.10 -53.03 -141.21
motor -6.74 -59.18 -131.54 -1.46 -53.03 -141.21 -11.43 -41.89 -130.66 -4.10 -53.03 -141.21
motor -5.57 -59.18 -116.31 0.00 -53.03 -141.21 -11.43 -41.89 -130.66 -4.10 -53.03 -141.21
motor -5.57 -59.18 -112.79 0.00 -53.03 -141.21 -11.43 -41.89 -130.66 -4.10 -53.03 -141.21
motor -5.57 -59.18 -110.45 0.00 -53.03 -141.21 -11.43 -41.89 -130.66 -4.10 -53.03 -141.21
motor -4.10 -59.18 -100.78 0.00 -55.08 -141.21 -11.43 -41.89 -130.66 -4.10 -53.03 -141.21
motor -4.10 -59.18 -100.78 0.00 -55.08 -141.21 -11.43 -41.89 -130.66 -5.27 -53.03 -141.21
motor -4.10 -59.18 -98.73 0.00 -55.08 -141.21 -11.43 -41.89 -130.66 -5.27 -53.03 -141.21
motor -2.93 -59.18 -97.56 0.00 -56.25 -141.21 -11.43 -41.89 -130.66 -5.27 -53.03 -141.21
motor -2.93 -59.18 -96.39 0.00 -56.25 -141.21 -11.43 -41.89 -130.66 -5.27 -53.03 -141.21
motor -2.93 -59.18 -94.34 0.00 -56.25 -141.21 -11.43 -41.89 -130.66 -5.27 -53.03 -141.21
motor -1.76 -57.71 -93.16 0.00 -56.25 -141.21 -11.43 -41.89 -130.66 -5.27 -53.03 -141.21
motor -1.76 -57.71 -90.82 0.00 -57.42 -141.21 -11.43 -41.89 -130.66 -5.27 -53.03 -141.21
motor -1.76 -57.71 -88.48 0.00 -57.42 -141.21 -12.60 -41.89 -130.66 -5.27 -53.03 -141.21
motor -1.76 -57.71 -88.48 0.00 -58.59 -141.21 -12.60 -41.89 -130.66 -5.27 -53.03 -141.21
motor -1.76 -57.71 -86.43 0.00 -58.59 -141.21 -12.60 -41.89 -130.66 -5.27 -53.03 -141.21
motor -1.76 -57.71 -85.25 0.00 -58.59 -141.21 -12.60 -40.72 -130.66 -5.27 -53.03 -141.21
motor -0.59 -57.71 -82.03 0.00 -61.23 -141.21 -12.60 -40.72 -130.66 -5.27 -53.03 -141.21
motor -0.59 -57.71 -82.03 0.00 -61.23 -141.21 -12.60 -40.72 -130.66 -5.27 -53.03 -141.21
motor 0.59 -55.96 -78.81 0.00 -63.28 -141.21 -12.60 -40.72 -130.66 -5.27 -54.20 -141.21
motor 0.59 -55.96 -76.46 0.00 -64.75 -141.21 -12.60 -40.72 -130.66 -5.27 -54.20 -141.21
motor 0.59 -55.96 -76.46 0.00 -64.75 -141.21 -12.60 -40.72 -130.66 -5.27 -54.20 -141.21
motor 0.59 -54.79 -75.29 0.00 -65.92 -141.21 -12.60 -40.72 -130.66 -5.27 -54.20 -141.21
motor 2.05 -54.79 -74.12 0.00 -67.97 -141.21 -12.60 -40.72 -130.66 -5.27 -54.20 -141.21
motor 2.05 -54.79 -74.12 0.00 -67.97 -141.21 -12.60 -40.72 -130.66 -5.27 -54.20 -141.21
motor 2.05 -54.79 -75.88 0.00 -69.43 -141.21 -12.60 -40.72 -130.66 -5.27 -54.20 -141.21
motor 2.05 -54.79 -75.88 0.00 -69.43 -140.04 -12.60 -40.72 -130.66 -5.27 -54.20 -141.21
motor 2.05 -54.79 -75.88 0.00 -69.43 -140.04 -12.60 -40.72 -130.66 -5.27 -54.20 -141.21
motor 2.05 -54.79 -75.88 0.00 -69.43 -140.04 -12.60 -40.72 -130.66 -5.27 -54.20 -141.21
motor 2.05 -54.79 -78.22 0.00 -71.48 -140.04 -12.60 -40.72 -130.66 -5.27 -54.20 -141.21
motor 2.05 -54.79 -78.22 0.00 -71.48 -140.04 -12.60 -41.89 -130.66 -5.27 -54.20 -141.21
motor 2.05 -54.79 -78.22 0.00 -71.48 -140.04 -12.60 -41.89 -130.66 -5.27 -54.20 -141.21
motor 2.05 -54.79 -78.22 0.00 -71.48 -140.04 -12.60 -41.89 -130.66 -5.27 -54.20 -141.21
motor 2.05 -56.54 -78.22 0.00 -71.48 -140.04 -14.06 -41.89 -130.66 -4.10 -54.20 -141.21
motor 2.05 -56.54 -78.22 0.00 -71.48 -140.04 -14.06 -41.89 -128.61 -4.10 -54.20 -141.21
motor 2.05 -56.54 -76.76 0.00 -71.48 -140.04 -11.72 -41.89 -128.61 -4.10 -54.20 -141.21
motor 2.05 -56.54 -76.76 0.00 -71.48 -140.04 -11.72 -41.89 -126.86 -4.10 -54.20 -141.21
motor 2.05 -55.37 -76.76 -1.17 -71.48 -140.04 -11.72 -41.89 -126.86 -4.10 -54.20 -141.21
motor 2.05 -55.37 -76.76 -1.17 -72.66 -140.04 -11.72 -41.89 -125.68 -4.10 -54.20 -141.21
motor 2.05 -55.37 -76.76 -1.17 -73.83 -140.04 -11.72 -41.89 -122.75 -4.10 -54.20 -141.21
motor 2.05 -55.37 -75.59 -1.17 -73.83 -140.04 -11.72 -41.89 -122.75 -4.10 -54.20 -142.38
motor 2.05 -55.37 -75.59 -1.17 -75.29 -140.04 -11.72 -40.72 -121.00 -4.10 -54.20 -142.38
motor 2.05 -55.37 -75.59 -1.17 -75.29 -140.04 -11.72 -40.72 -121.00 -4.10 -54.20 -142.38
motor 2.05 -55.37 -74.12 -1.17 -75.29 -138.87 -11.72 -40.72 -118.95 -4.10 -54.20 -142.38
motor 2.05 -55.37 -74.12 -1.17 -77.34 -138.87 -11.72 -40.72 -116.89 -4.10 -54.20 -142.38
motor 2.05 -54.20 -72.95 -1.17 -77.34 -138.87 -11.72 -40.72 -116.89 -4.10 -54.20 -142.38
motor 2.05 -54.20 -72.95 -1.17 -78.52 -138.87 -11.72 -40.72 -114.55 -4.10 -54.20 -142.38
motor 2.05 -54.20 -72.95 -1.17 -78.52 -138.87 -11.72 -40.72 -114.55 -4.10 -54.20 -142.38
motor 2.05 -54.20 -71.19 -1.17 -79.69 -138.87 -11.72 -40.72 -112.50 -4.10 -54.20 -142.38
motor 2.05 -54.20 -71.19 -1.17 -79.69 -138.87 -11.72 -39.55 -112.50 -4.10 -54.20 -142.38
motor 2.05 -51.86 -70.02 -1.17 -80.86 -138.87 -11.72 -39.55 -108.40 -4.10 -54.20 -142.38
motor 2.05 -51.86 -70.02 -1.17 -82.03 -138.87 -11.72 -39.55 -106.64 -4.10 -54.20 -142.38
motor 0.88 -51.86 -68.85 -1.17 -82.03 -138.87 -11.72 -39.55 -106.64 -4.10 -54.20 -142.38
motor 0.88 -50.68 -68.85 -1.17 -83.20 -138.87 -11.72 -39.55 -104.59 -4.10 -54.20 -142.38
motor 0.88 -50.68 -68.85 -1.17 -83.20 -138.87 -11.72 -39.55 -104.59 -4.10 -54.20 -142.38
motor 0.88 -50.68 -68.85 -1.17 -83.20 -138.87 -11.72 -39.55 -103.42 -4.10 -54.20 -142.38
motor 0.88 -49.51 -68.85 -1.17 -83.20 -138.87 -10.25 -39.55 -103.42 -4.10 -54.20 -142.38
motor 0.88 -49.51 -68.85 -1.17 -83.20 -138.87 -10.25 -39.55 -101.66 -4.10 -54.20 -142.38
motor 0.88 -49.51 -67.68 -1.17 -84.67 -138.87 -10.25 -39.55 -100.20 -4.10 -54.20 -142.38
motor 0.88 -48.05 -67.68 -1.17 -84.67 -138.87 -10.25 -39.55 -98.44 -4.10 -54.20 -142.38
motor 0.88 -48.05 -66.21 -1.17 -86.13 -138.87 -9.08 -39.55 -96.68 -4.10 -54.20 -142.38
motor 0.88 -48.05 -66.21 -1.17 -86.13 -138.87 -9.08 -39.55 -96.68 -4.10 -54.20 -142.38
motor 0.88 -46.00 -64.45 -1.17 -87.30 -138.87 -9.08 -39.55 -93.75 -4.10 -54.20 -142.38
motor 0.88 -46.00 -64.45 -1.17 -87.30 -138.87 -9.08 -39.55 -91.41 -4.10 -54.20 -142.38
motor 0.88 -44.53 -62.70 -1.17 -87.30 -138.87 -9.08 -38.38 -91.41 -4.10 -54.20 -142.38
motor 0.88 -41.31 -59.77 -1.17 -88.48 -138.87 -9.08 -38.38 -85.25 -4.10 -54.20 -142.38
motor 0.88 -41.31 -59.77 -1.17 -88.48 -138.87 -9.08 -38.38 -85.25 -4.10 -54.20 -142.38
motor 0.88 -40.14 -58.59 -1.17 -88.48 -138.87 -9.08 -38.38 -83.20 -4.10 -54.20 -142.38
motor 0.88 -40.14 -58.59 -1.17 -88.48 -138.87 -9.08 -38.38 -83.20 -4.10 -54.20 -142.38
motor 0.88 -38.96 -58.59 -1.17 -88.48 -138.87 -9.08 -38.38 -80.86 -4.10 -54.20 -142.38
motor 0.88 -38.96 -56.84 -1.17 -88.48 -138.87 -9.08 -38.38 -80.86 -4.10 -54.20 -142.38
motor 0.88 -37.50 -56.84 -1.17 -88.48 -138.87 -9.08 -36.91 -79.10 -4.10 -54.20 -142.38
motor 0.88 -37.50 -56.84 -1.17 -88.48 -138.87 -9.08 -36.91 -77.64 -4.10 -54.20 -142.38
motor 0.88 -36.33 -54.79 -1.17 -88.48 -138.87 -9.08 -36.91 -75.59 -4.10 -54.20 -142.38
motor 0.88 -36.33 -54.79 -1.17 -88.48 -138.87 -9.08 -35.74 -75.59 -4.10 -54.20 -142.38
motor 0.88 -36.33 -53.32 -1.17 -89.65 -138.87 -9.08 -35.74 -73.54 -4.10 -54.20 -142.38
motor 0.88 -35.16 -53.32 -1.17 -89.65 -138.87 -9.08 -35.74 -71.78 -4.10 -54.20 -142.38
motor 0.88 -35.16 -52.15 -1.17 -89.65 -138.87 -9.08 -34.57 -71.78 -4.10 -54.20 -142.38
motor 0.88 -33.98 -52.15 -1.17 -89.65 -138.87 -9.08 -34.57 -69.73 -4.10 -54.20 -142.38
motor 0.88 -33.98 -50.68 -1.17 -89.65 -138.87 -9.08 -34.57 -69.73 -4.10 -54.20 -142.38
motor 0.88 -32.52 -49.22 -1.17 -89.65 -138.87 -9.08 -32.81 -66.50 -4.10 -54.20 -142.38
motor 0.88 -32.52 -49.22 -1.17 -89.65 -138.87 -9.08 -32.81 -66.50 -4.10 -54.20 -142.38
motor 0.88 -32.52 -48.05 -1.17 -89.65 -138.87 -9.08 -32.81 -64.45 -4.10 -54.20 -142.38
motor 0.88 -30.76 -48.05 -1.17 -89.65 -138.87 -9.08 -31.64 -64.45 -4.10 -54.20 -142.38
motor 0.88 -29.30 -45.12 -1.17 -89.65 -138.87 -7.03 -30.18 -60.64 -4.10 -54.20 -142.38
motor 0.88 -29.30 -45.12 -1.17 -89.65 -138.87 -8.20 -30.18 -59.47 -4.10 -54.20 -142.38
motor 0.88 -29.30 -43.65 -1.17 -89.65 -138.87 -8.20 -30.18 -59.47 -4.10 -54.20 -142.38
motor 0.88 -27.83 -43.65 -1.17 -89.65 -138.87 -8.20 -29.00 -56.84 -4.10 -54.20 -142.38
motor 0.88 -26.66 -41.31 -1.17 -89.65 -138.87 -8.20 -29.00 -55.08 -4.10 -54.20 -142.38
motor 0.88 -26.66 -41.31 -1.17 -89.65 -138.87 -8.20 -27.25 -55.08 -4.10 -54.20 -142.38
motor 0.88 -25.20 -39.55 -1.17 -89.65 -138.87 -8.20 -27.25 -52.44 -4.10 -54.20 -142.38
motor 0.88 -25.20 -39.55 -1.17 -89.65 -138.87 -8.20 -26.07 -52.44 -4.10 -54.20 -142.38
motor 0.88 -25.20 -38.38 -1.17 -89.65 -138.87 -8.20 -26.07 -50.68 -4.10 -54.20 -142.38
motor -0.29 -25.20 -38.38 -1.17 -89.65 -138.87 -8.20 -24.90 -50.68 -4.10 -54.20 -142.38
motor -0.29 -23.14 -36.04 -1.17 -89.65 -138.87 -8.20 -24.90 -48.05 -4.10 -54.20 -142.38
motor -0.29 -21.09 -32.52 -1.17 -89.65 -138.87 -8.20 -21.09 -43.36 -4.10 -54.20 -142.38
motor -0.29 -21.09 -32.52 -1.17 -89.65 -138.87 -8.20 -21.09 -43.36 -4.10 -54.20 -142.38
motor -0.29 -19.04 -28.12 -1.17 -89.65 -138.87 -8.20 -17.87 -38.38 -4.10 -54.20 -142.38
motor -0.29 -19.04 -28.12 -1.17 -89.65 -138.87 -8.20 -17.87 -37.21 -4.10 -54.20 -142.38
motor -0.29 -19.04 -26.37 -1.17 -89.65 -138.87 -8.20 -16.70 -37.21 -4.10 -54.20 -142.38
motor -0.29 -17.87 -26.37 -1.17 -89.65 -138.87 -8.20 -16.70 -35.45 -4.10 -54.20 -142.38
motor -0.29 -17.87 -24.61 -1.17 -89.65 -138.87 -8.20 -15.53 -34.28 -4.10 -54.20 -142.38
motor -0.29 -17.87 -24.61 -1.17 -89.65 -138.87 -8.20 -15.53 -34.28 -4.10 -54.20 -142.38
motor -0.29 -16.70 -23.14 -1.17 -89.65 -138.87 -8.20 -14.06 -32.52 -4.10 -54.20 -142.38
motor -0.29 -16.70 -21.97 -1.17 -89.65 -138.87 -8.20 -14.06 -32.52 -4.10 -54.20 -142.38
motor -0.29 -16.70 -21.97 -1.17 -89.65 -138.87 -8.20 -12.60 -31.35 -4.10 -54.20 -142.38
motor -0.29 -15.23 -20.51 -1.17 -89.65 -138.87 -8.20 -12.60 -29.88 -4.10 -54.20 -142.38
motor -0.29 -15.23 -20.51 -1.17 -89.65 -138.87 -8.20 -11.43 -29.88 -4.10 -54.20 -142.38
motor -0.29 -14.06 -19.04 -1.17 -89.65 -138.87 -8.20 -11.43 -28.12 -4.10 -54.20 -142.38
motor -0.29 -14.06 -19.04 -1.17 -89.65 -138.87 -8.20 -11.43 -28.12 -4.10 -54.20 -142.38
motor -0.29 -14.06 -16.99 -1.17 -89.65 -138.87 -8.20 -9.67 -26.66 -4.10 -54.20 -142.38
motor -0.29 -12.60 -16.99 -1.17 -89.65 -138.87 -8.20 -9.67 -26.66 -4.10 -54.20 -142.38
motor -0.29 -11.13 -14.36 -1.17 -89.65 -138.87 -8.20 -7.62 -23.14 -4.10 -54.20 -142.38
motor -0.29 -11.13 -13.18 -1.17 -89.65 -138.87 -8.20 -7.62 -23.14 -4.10 -54.20 -142.38
motor -0.29 -9.67 -13.18 -1.17 -89.65 -138.87 -8.20 -6.15 -20.51 -4.10 -54.20 -142.38
motor -0.29 -9.67 -10.84 -1.17 -89.65 -138.87 -8.20 -4.98 -19.04 -4.10 -54.20 -142.38
motor -0.29 -8.50 -10.84 -1.17 -89.65 -138.87 -8.20 -4.98 -19.04 -4.10 -54.20 -142.38
motor -0.29 -8.50 -10.84 -1.17 -89.65 -138.87 -8.20 -4.98 -16.99 -4.10 -54.20 -142.38
motor -0.29 -8.50 -8.79 -1.17 -89.65 -138.87 -8.20 -3.81 -16.99 -4.10 -54.20 -142.38
motor -0.29 -8.50 -8.79 -1.17 -90.82 -138.87 -8.20 -3.81 -15.82 -4.10 -54.20 -142.38
motor -0.29 -7.03 -8.79 -1.17 -90.82 -138.87 -8.20 -3.81 -15.82 -4.10 -54.20 -142.38
motor -0.29 -7.03 -7.32 -1.17 -90.82 -138.87 -8.20 -2.64 -14.36 -4.10 -54.20 -142.38
motor -0.29 -7.03 -7.32 -1.17 -90.82 -138.87 -8.20 -2.64 -14.36 -4.10 -54.20 -142.38
motor -0.29 -3.81 -3.52 -1.17 -90.82 -138.87 -8.20 -0.88 -10.84 -4.10 -54.20 -142.38
motor -0.29 -2.64 -3.52 -1.17 -90.82 -138.87 -8.20 -0.88 -10.84 -4.10 -54.20 -142.38
motor -0.29 -2.64 -2.05 -1.17 -90.82 -138.87 -8.20 -0.88 -9.67 -4.10 -54.20 -142.38
motor -0.29 -1.17 -2.05 -1.17 -90.82 -138.87 -8.20 -0.88 -9.67 -4.10 -54.20 -142.38
motor -0.29 -1.17 -2.05 -1.17 -90.82 -138.87 -8.20 0.29 -8.20 -4.10 -54.20 -142.38
motor -0.29 -1.17 -0.88 -1.17 -90.82 -138.87 -8.20 0.29 -8.20 -4.10 -54.20 -142.38
motor -0.29 -1.17 -0.88 -1.17 -90.82 -138.87 -8.20 0.29 -8.20 -4.10 -55.66 -142.38
motor -0.29 -1.17 -0.88 -1.17 -90.82 -138.87 -10.25 0.29 -8.20 -4.10 -55.66 -142.38
motor -0.29 -1.17 -0.88 -1.17 -90.82 -138.87 -11.43 0.29 -8.20 -4.10 -55.66 -142.38
motor -0.29 -1.17 -0.88 -1.17 -90.82 -138.87 -11.43 0.29 -8.20 -4.10 -55.66 -142.38
motor -0.29 -1.17 -0.88 -1.17 -90.82 -138.87 -11.43 0.29 -8.20 -4.10 -55.66 -142.38
motor -0.29 -1.17 -0.88 -1.17 -90.82 -138.87 -11.43 0.29 -8.20 -4.10 -55.66 -142.38
motor -0.29 -1.17 -0.88 -1.17 -90.82 -138.87 -11.43 0.29 -8.20 -4.10 -55.66 -142.38
motor -0.29 -1.17 -0.88 -1.17 -90.82 -138.87 -11.43 0.29 -8.20 -4.10 -55.66 -142.38
motor -0.29 -1.17 -0.88 -1.17 -90.82 -138.87 -11.43 0.29 -8.20 -4.10 -55.66 -142.38
motor -0.29 -1.17 -0.88 -1.17 -90.82 -138.87 -11.43 0.29 -8.20 -4.10 -55.66 -142.38
motor -0.29 -1.17 -0.88 -1.17 -90.82 -138.87 -11.43 0.29 -8.20 -4.10 -55.66 -142.38
motor -0.29 -1.17 -0.88 -1.17 -90.82 -138.87 -11.43 0.29 -8.20 -4.10 -55.66 -142.38
motor -0.29 -1.17 -0.88 -1.17 -90.82 -138.87 -11.43 0.29 -8.20 -4.10 -55.66 -142.38
motor -0.29 -1.17 -0.88 -1.17 -90.82 -137.70 -11.43 0.29 -8.20 -2.64 -55.66 -140.92
motor -0.29 -1.17 -0.88 -1.17 -90.82 -136.52 -11.43 0.29 -8.20 -2.64 -55.66 -139.75
motor -0.29 -1.17 -0.88 -1.17 -90.82 -134.47 -11.43 0.29 -8.20 -2.64 -55.66 -139.75
motor 1.17 -1.17 -0.88 -1.17 -89.65 -134.47 -11.43 0.29 -8.20 -2.64 -55.66 -137.99
motor 1.17 -1.17 -0.88 -1.17 -89.65 -134.47 -11.43 0.29 -8.20 -2.64 -55.66 -137.99
motor 1.17 -1.17 -0.88 -1.17 -88.18 -131.54 -11.43 0.29 -8.20 -2.64 -55.66 -135.35
motor 1.17 -1.17 -0.88 -1.17 -88.18 -130.08 -11.43 0.29 -8.20 -2.64 -55.66 -133.59
motor 1.17 -1.17 -0.88 -1.17 -88.18 -130.08 -11.43 0.29 -8.20 -2.64 -55.66 -133.59
motor 1.17 -1.17 -0.88 -1.17 -88.18 -128.32 -11.43 0.29 -8.20 -2.64 -55.66 -132.13
motor 1.17 -1.17 -0.88 -1.17 -86.43 -125.39 -11.43 0.29 -8.20 -2.64 -55.66 -130.08
motor 1.17 -1.17 -0.88 -1.17 -86.43 -125.39 -11.43 0.29 -8.20 -2.64 -54.49 -128.91
motor 1.17 -1.17 -0.88 -1.17 -86.43 -123.63 -11.43 0.29 -8.20 -2.64 -54.49 -128.91
motor 1.17 -1.17 -0.88 -1.17 -86.43 -123.63 -11.43 0.29 -8.20 -2.64 -54.49 -127.73
motor 1.17 -1.17 -0.88 -1.17 -84.96 -122.46 -11.43 0.29 -8.20 -2.64 -54.49 -127.73
motor 1.17 -1.17 -0.88 -1.17 -84.96 -122.46 -11.43 0.29 -8.20 -2.64 -54.49 -125.98
motor 1.17 -1.17 -0.88 -1.17 -83.50 -120.70 -11.43 0.29 -8.20 -2.64 -54.49 -125.98
motor 1.17 -1.17 -0.88 -1.17 -83.50 -119.24 -11.43 0.29 -8.20 -2.64 -54.49 -123.34
motor 0.00 -1.17 -0.88 -1.17 -81.74 -118.07 -11.43 0.29 -8.20 -2.64 -54.49 -123.34
motor 0.00 -1.17 -0.88 -1.17 -81.74 -118.07 -11.43 0.29 -8.20 -2.64 -53.03 -121.87
motor 0.00 -1.17 -0.88 -1.17 -80.57 -118.07 -11.43 0.29 -8.20 -2.64 -53.03 -121.87
motor 0.00 -1.17 -0.88 -1.17 -80.57 -116.60 -11.43 0.29 -8.20 -2.64 -53.03 -120.41
motor 0.00 -1.17 -0.88 -1.17 -79.39 -116.60 -11.43 0.29 -8.20 -2.64 -53.03 -120.41
motor 0.00 -1.17 -0.88 -1.17 -79.39 -115.14 -11.43 0.29 -8.20 -2.64 -53.03 -118.95
motor 0.00 -1.17 -0.88 -1.17 -77.64 -115.14 -11.43 0.29 -8.20 -2.64 -53.03 -117.77
motor 0.00 -1.17 -0.88 -1.17 -77.64 -113.96 -11.43 0.29 -8.20 -2.64 -53.03 -117.77
motor 0.00 -1.17 -0.88 -1.17 -76.46 -112.79 -11.43 0.29 -8.20 -2.64 -53.03 -117.77
motor 0.00 -1.17 -0.88 -1.17 -76.46 -112.79 -11.43 0.29 -8.20 -2.64 -53.03 -116.31
motor 0.00 -1.17 -0.88 -1.17 -75.29 -111.62 -11.43 0.29 -8.20 -2.64 -53.03 -116.31
motor 0.00 -1.17 -0.88 -1.17 -74.12 -110.45 -11.43 0.29 -8.20 -2.64 -53.03 -114.55
motor 0.00 -1.17 -2.05 -1.17 -74.12 -110.45 -11.43 0.29 -8.20 -2.64 -53.03 -114.55
motor 0.00 -1.17 -2.05 -1.17 -72.07 -107.81 -11.43 0.29 -8.20 -2.64 -53.03 -112.79
motor 0.00 -1.17 -2.05 -1.17 -72.07 -107.81 -11.43 0.29 -8.20 -2.64 -51.86 -112.79
motor 0.00 -1.17 -2.05 -1.17 -70.31 -106.64 -11.43 0.29 -8.20 -2.64 -51.86 -111.04
motor 0.00 -1.17 -2.05 -1.17 -70.31 -105.47 -11.43 0.29 -8.20 -2.64 -51.86 -111.04
motor 0.00 -1.17 -2.05 -1.17 -68.26 -104.00 -11.43 0.29 -8.20 -2.64 -50.10 -108.98
motor 0.00 -1.17 -2.05 -1.17 -68.26 -102.83 -11.43 0.29 -8.20 -2.64 -50.10 -108.98
motor 0.00 -1.17 -2.05 -1.17 -66.80 -102.83 -11.43 0.29 -8.20 -2.64 -50.10 -106.64
motor 0.00 -1.17 -2.05 -1.17 -65.62 -100.78 -11.43 0.29 -8.20 -2.64 -48.34 -106.64
motor 0.00 -1.17 -2.05 -1.17 -65.62 -100.78 -11.43 0.29 -8.20 -2.64 -48.34 -104.59
motor 0.00 -1.17 -2.05 -1.17 -64.45 -99.32 -11.43 0.29 -8.20 -2.64 -48.34 -104.59
motor 0.00 -1.17 -2.05 -1.17 -64.45 -99.32 -11.43 0.29 -8.20 -2.64 -46.88 -102.83
motor 0.00 -1.17 -2.05 -1.17 -62.40 -96.97 -11.43 0.29 -8.20 -2.64 -45.70 -100.49
motor 0.00 -1.17 -2.05 -1.17 -62.40 -95.80 -11.43 0.29 -8.20 -2.64 -45.70 -99.32
motor 0.00 -1.17 -2.05 -1.17 -62.40 -95.80 -11.43 0.29 -8.20 -2.64 -45.70 -98.14
motor 0.00 -1.17 -2.05 -1.17 -60.64 -93.75 -11.43 0.29 -8.20 -2.64 -44.53 -96.97
motor 0.00 -1.17 -2.05 -1.17 -60.64 -93.75 -11.43 0.29 -8.20 -2.64 -44.53 -95.21
motor 0.00 -1.17 -2.05 -1.17 -59.18 -91.99 -11.43 0.29 -8.20 -2.64 -43.36 -95.21
motor 0.00 -1.17 -2.05 -1.17 -59.18 -91.99 -11.43 0.29 -8.20 -2.64 -43.36 -93.16
motor 0.00 -1.17 -2.05 -1.17 -57.71 -90.23 -11.43 0.29 -8.20 -2.64 -43.36 -91.41
motor 0.00 -1.17 -2.05 -1.17 -57.71 -90.23 -11.43 0.29 -8.20 -2.64 -42.19 -90.23
motor 0.00 -1.17 -2.05 -1.17 -57.71 -88.18 -11.43 0.29 -8.20 -2.64 -42.19 -89.06
motor 0.00 -1.17 -2.05 -2.34 -55.66 -88.18 -11.43 0.29 -8.20 -2.64 -41.02 -87.60
motor 0.00 -1.17 -2.05 -2.34 -55.66 -86.43 -11.43 0.29 -8.20 -2.64 -41.02 -86.13
motor 0.00 -1.17 -2.05 -2.34 -55.66 -84.96 -11.43 0.29 -8.20 -2.64 -41.02 -84.67
motor 0.00 -1.17 -2.05 -2.34 -53.91 -84.96 -11.43 0.29 -8.20 -2.64 -39.55 -83.20
motor 0.00 -1.17 -2.05 -2.34 -53.91 -83.20 -11.43 0.29 -8.20 -2.64 -39.55 -81.74
motor 0.00 -1.17 -2.05 -2.34 -52.44 -82.03 -11.43 0.29 -8.20 -2.64 -39.55 -79.98
motor 0.00 -1.17 -2.05 -2.34 -50.68 -79.39 -11.43 0.29 -8.20 -2.64 -37.21 -77.34
motor 0.00 -1.17 -2.05 -2.34 -49.22 -79.39 -11.43 0.29 -8.20 -2.64 -37.21 -75.59
motor 0.00 -1.17 -2.05 -2.34 -49.22 -77.05 -11.43 0.29 -8.20 -2.64 -36.04 -74.12
motor 0.00 -1.17 -2.05 -2.34 -48.05 -75.88 -11.43 0.29 -8.20 -2.64 -36.04 -74.12
motor 0.00 -1.17 -2.05 -2.34 -46.88 -74.71 -11.43 0.29 -8.20 -2.64 -34.57 -71.48
motor 0.00 -1.17 -2.05 -2.34 -46.88 -73.54 -11.43 0.29 -8.20 -2.64 -34.57 -71.48
motor 0.00 -1.17 -2.05 -2.34 -45.12 -73.54 -11.43 0.29 -8.20 -2.64 -34.57 -69.14
motor 0.00 -1.17 -2.05 -2.34 -43.65 -70.02 -11.43 0.29 -8.20 -2.64 -32.23 -66.80
motor 0.00 -1.17 -2.05 -2.34 -42.48 -70.02 -11.43 0.29 -8.20 -2.64 -32.23 -65.62
motor 0.00 -1.17 -2.05 -2.34 -42.48 -67.68 -11.43 0.29 -8.20 -2.64 -31.05 -64.45
motor 0.00 -1.17 -2.05 -2.34 -41.02 -67.68 -11.43 0.29 -8.20 -2.64 -31.05 -63.28
motor 0.00 -1.17 -2.05 -2.34 -41.02 -65.33 -11.43 0.29 -8.20 -2.64 -29.59 -62.11
motor 0.00 -1.17 -2.05 -2.34 -39.55 -65.33 -11.43 0.29 -8.20 -2.64 -29.59 -62.11
motor 0.00 -1.17 -2.05 -2.34 -38.38 -63.28 -11.43 0.29 -8.20 -2.64 -29.59 -60.35
motor 0.00 -1.17 -2.05 -2.34 -38.38 -63.28 -11.43 0.29 -8.20 -2.64 -28.42 -58.89
motor 0.00 -1.17 -2.05 -2.34 -36.04 -60.35 -11.43 0.29 -8.20 -2.64 -27.25 -56.84
motor 0.00 -1.17 -2.05 -2.34 -36.04 -59.18 -11.43 0.29 -8.20 -2.64 -27.25 -55.66
motor 0.00 -1.17 -2.05 -2.34 -34.28 -58.01 -11.43 0.29 -8.20 -2.64 -26.07 -54.20
motor 0.00 -1.17 -2.05 -2.34 -32.23 -56.25 -11.43 0.29 -8.20 -1.46 -24.32 -50.39
motor 0.00 -1.17 -2.05 -2.34 -32.23 -54.79 -11.43 0.29 -8.20 -1.46 -24.32 -48.93
motor 0.00 -1.17 -2.05 -2.34 -31.05 -53.61 -11.43 0.29 -8.20 -1.46 -22.85 -47.17
motor 0.00 -1.17 -2.05 -2.34 -29.88 -52.44 -11.43 0.29 -8.20 -1.46 -22.85 -45.41
motor 0.00 -1.17 -2.05 -2.34 -29.88 -52.44 -11.43 0.29 -8.20 -1.46 -21.39 -43.65
motor 0.00 -1.17 -2.05 -2.34 -28.71 -50.68 -11.43 0.29 -8.20 -1.46 -21.39 -41.60
motor 0.00 -1.17 -2.05 -2.34 -28.71 -48.93 -11.43 0.29 -8.20 -1.46 -19.63 -41.60
motor 0.00 -1.17 -2.05 -2.34 -27.54 -47.46 -11.43 0.29 -8.20 -1.46 -19.63 -39.55
motor 0.00 -1.17 -2.05 -3.52 -27.54 -47.46 -11.43 0.29 -8.20 -0.29 -18.46 -38.09
motor 0.00 -1.17 -2.05 -3.52 -25.49 -44.24 -11.43 0.29 -8.20 -0.29 -17.29 -35.45
motor 0.00 -1.17 -2.05 -3.52 -25.49 -42.77 -11.43 0.29 -8.20 -0.29 -17.29 -34.28
motor 0.00 -1.17 -2.05 -3.52 -25.49 -41.60 -11.43 0.29 -8.20 -0.29 -15.82 -32.52
motor 0.00 -1.17 -2.05 -3.52 -24.02 -41.60 -11.43 0.29 -8.20 -0.29 -15.82 -32.52
motor 0.00 -1.17 -2.05 -3.52 -24.02 -38.96 -11.43 0.29 -8.20 -0.29 -14.06 -30.18
motor 0.00 -1.17 -2.05 -3.52 -22.85 -37.79 -11.43 0.29 -8.20 -0.29 -14.06 -30.18
motor 0.00 -1.17 -2.05 -3.52 -22.85 -36.62 -11.43 0.29 -8.20 -0.29 -12.89 -28.12
motor 0.00 -1.17 -2.05 -3.52 -21.68 -35.45 -11.43 0.29 -8.20 -0.29 -12.89 -26.95
motor 0.00 -1.17 -2.05 -3.52 -21.68 -34.28 -11.43 0.29 -8.20 -0.29 -11.13 -25.78
motor 0.00 -1.17 -2.05 -3.52 -21.68 -34.28 -11.43 0.29 -8.20 -0.29 -11.13 -25.78
motor 0.00 -1.17 -2.05 -3.52 -20.21 -32.23 -11.43 0.29 -8.20 -0.29 -9.96 -23.44
motor 0.00 -1.17 -2.05 -3.52 -19.04 -32.23 -11.43 0.29 -8.20 -0.29 -9.96 -23.44
motor 0.00 -1.17 -2.05 -3.52 -19.04 -29.88 -11.43 0.29 -8.20 -0.29 -8.50 -21.68
motor 0.00 -1.17 -2.05 -3.52 -17.87 -29.88 -11.43 0.29 -8.20 -0.29 -8.50 -19.92
motor 0.00 -1.17 -2.05 -3.52 -17.87 -28.12 -11.43 0.29 -8.20 -0.29 -7.32 -19.92
motor 0.00 -1.17 -2.05 -3.52 -17.87 -28.12 -11.43 0.29 -8.20 -0.29 -7.32 -17.87
motor 0.00 -1.17 -2.05 -3.52 -16.41 -26.07 -11.43 0.29 -8.20 -0.29 -5.86 -16.70
motor 0.00 -1.17 -2.05 -3.52 -16.41 -26.07 -11.43 0.29 -8.20 -0.29 -5.86 -15.53
motor 0.00 -1.17 -2.05 -3.52 -16.41 -24.32 -11.43 0.29 -8.20 -0.29 -4.69 -15.53
motor 0.00 -1.17 -2.05 -3.52 -14.94 -23.14 -11.43 0.29 -8.20 -0.29 -4.69 -13.77
motor 0.00 -1.17 -2.05 -3.52 -14.94 -23.14 -11.43 0.29 -8.20 -0.29 -3.52 -12.60
motor 0.00 -1.17 -2.05 -3.52 -13.77 -21.68 -11.43 0.29 -8.20 -0.29 -3.52 -12.60
motor 0.00 -1.17 -2.05 -3.52 -13.77 -20.21 -11.43 0.29 -8.20 -0.29 -1.76 -10.55
motor 0.00 -1.17 -2.05 -3.52 -12.60 -20.21 -11.43 0.29 -8.20 -0.29 -1.76 -10.55
motor 0.00 -1.17 -2.05 -3.52 -12.60 -18.46 -11.43 0.29 -8.20 -0.29 -0.59 -8.20
motor 0.00 -1.17 -2.05 -3.52 -11.43 -17.29 -11.43 0.29 -8.20 -0.29 -0.59 -8.20
motor 0.00 -1.17 -2.05 -3.52 -11.43 -17.29 -11.43 0.29 -8.20 -0.29 0.59 -6.74
motor 0.00 -1.17 -2.05 -3.52 -11.43 -15.82 -11.43 0.29 -8.20 -0.29 0.59 -6.74
motor 0.00 -1.17 -2.05 -3.52 -9.96 -14.36 -11.43 0.29 -8.20 -0.29 1.76 -5.27
motor 0.00 -1.17 -2.05 -3.52 -9.96 -13.18 -11.43 0.29 -8.20 -0.29 1.76 -5.27
motor 0.00 -1.17 -2.05 -3.52 -9.96 -13.18 -11.43 0.29 -8.20 -0.29 3.22 -3.81
motor 0.00 -1.17 -2.05 -3.52 -9.96 -11.13 -11.43 0.29 -8.20 -0.29 3.22 -3.81
motor 0.00 -1.17 -2.05 -3.52 -8.20 -11.13 -11.43 0.29 -8.20 -0.29 4.39 -3.81
motor 0.00 -1.17 -2.05 -3.52 -8.20 -9.38 -11.43 0.29 -8.20 -0.29 4.39 -2.34
motor 0.00 -1.17 -2.05 -3.52 -8.20 -9.38 -11.43 0.29 -8.20 -0.29 4.39 -2.34
motor 0.00 -1.17 -2.05 -3.52 -8.20 -8.20 -11.43 0.29 -8.20 -0.29 4.39 -2.34
motor 0.00 -1.17 -2.05 -3.52 -8.20 -8.20 -11.43 0.29 -8.20 -0.29 5.57 -2.34
motor 0.00 -1.17 -2.05 -2.34 -8.20 -8.20 -11.43 0.29 -8.20 -0.29 5.57 -2.34
motor 0.00 -1.17 -2.05 -2.34 -8.20 -8.20 -11.43 0.29 -8.20 -0.29 5.57 -2.34
motor 0.00 -1.17 -2.05 -2.34 -8.20 -8.20 -11.43 0.29 -8.20 -0.29 5.57 -2.34
motor 0.00 -1.17 -2.05 -2.34 -8.20 -8.20 -11.43 0.29 -8.20 -0.29 5.57 -2.34
motor 0.00 -1.17 -2.05 -2.34 -8.20 -8.20 -11.43 0.29 -8.20 -0.29 5.57 -2.34
motor 0.00 -1.17 -2.05 -2.34 -8.20 -8.20 -11.43 0.29 -8.20 -0.29 5.57 -2.34
motor 0.00 -1.17 -2.05 -2.34 -8.20 -8.20 -11.43 0.29 -8.20 -0.29 5.57 -2.34
motor 0.00 -1.17 -2.05 -2.34 -8.20 -8.20 -11.43 0.29 -8.20 -0.29 5.57 -2.34
motor 0.00 -1.17 -2.05 -2.34 -8.20 -8.20 -11.43 0.29 -8.20 -0.29 5.57 -2.34
motor 0.00 -1.17 -2.05 -2.34 -8.20 -8.20 -11.43 0.29 -8.20 -0.29 5.57 -2.34
motor 0.00 -1.17 -2.05 -2.34 -8.20 -8.20 -11.43 0.29 -8.20 -0.29 5.57 -2.34
motor 0.00 -1.17 -2.05 -2.34 -8.20 -8.20 -11.43 0.29 -8.20 -0.29 5.57 -2.34
motor 0.00 -1.17 -2.05 -2.34 -8.20 -8.20 -11.43 0.29 -8.20 -0.29 5.57 -2.34
motor 0.00 -1.17 -2.05 -2.34 -8.20 -8.20 -11.43 0.29 -8.20 -0.29 5.57 -2.34
motor 0.00 -1.17 -2.05 -2.34 -8.20 -8.20 -11.43 0.29 -8.20 -0.29 5.57 -2.34
motor 0.00 -1.17 -2.05 -2.34 -8.20 -8.20 -11.43 0.29 -8.20 -0.29 5.57 -2.34
motor 0.00 -1.17 -2.05 -2.34 -8.20 -8.20 -11.43 0.29 -8.20 -0.29 5.57 -2.34
motor 0.00 -1.17 -2.05 -2.34 -8.20 -8.20 -11.43 0.29 -8.20 -0.29 5.57 -2.34
motor 0.00 -1.17 -2.05 -2.34 -8.20 -8.20 -11.43 0.29 -8.20 -0.29 5.57 -2.34
motor 0.00 -1.17 -2.05 -2.34 -8.20 -8.20 -11.43 0.29 -8.20 -0.29 5.57 -2.34
motor 0.00 -1.17 -2.05 -2.34 -8.20 -8.20 -11.43 0.29 -8.20 -0.29 5.57 -2.34
motor 0.00 -1.17 -2.05 -2.34 -8.20 -8.20 -11.43 0.29 -8.20 -0.29 5.57 -2.34
motor 0.00 -1.17 -2.05 -2.34 -8.20 -8.20 -11.43 0.29 -8.20 -0.29 5.57 -2.34
motor 0.00 -1.17 -2.05 -2.34 -8.20 -8.20 -11.43 0.29 -8.20 -0.29 5.57 -2.34
motor 0.00 -1.17 -2.05 -2.34 -8.20 -8.20 -11.43 0.29 -8.20 -0.29 5.57 -2.34
motor 0.00 -1.17 -2.05 -2.34 -8.20 -8.20 -11.43 0.29 -8.20 -0.29 5.57 -2.34
motor 0.00 -1.17 -2.05 -2.34 -8.20 -8.20 -11.43 0.29 -8.20 -0.29 5.57 -2.34
motor 0.00 -1.17 -2.05 -2.34 -8.20 -8.20 -11.43 0.29 -8.20 -0.29 5.57 -2.34
motor 0.00 -1.17 -2.05 -2.34 -8.20 -8.20 -11.43 0.29 -8.20 -0.29 5.57 -2.34
motor 0.00 -1.17 -2.05 -2.34 -8.20 -8.20 -11.43 0.29 -8.20 -0.29 5.57 -2.34
motor 0.00 -1.17 -2.05 -2.34 -8.20 -8.20 -11.43 0.29 -8.20 -0.29 5.57 -2.34
motor 0.00 -1.17 -2.05 -2.34 -8.20 -8.20 -11.43 0.29 -8.20 -0.29 5.57 -2.34
motor 0.00 -1.17 -2.05 -2.34 -8.20 -8.20 -11.43 0.29 -8.20 -0.29 5.57 -2.34
motor 0.00 -1.17 -2.05 -2.34 -8.20 -8.20 -11.43 0.29 -8.20 -0.29 5.57 -2.34
motor 0.00 -1.17 -2.05 -2.34 -8.20 -8.20 -11.43 0.29 -8.20 -0.29 5.57 -2.34
motor 0.00 -1.17 -2.05 -2.34 -8.20 -8.20 -11.43 0.29 -8.20 -0.29 5.57 -2.34
motor 0.00 -1.17 -2.05 -2.34 -8.20 -8.20 -11.43 0.29 -8.20 -0.29 5.57 -2.34
motor 0.00 -1.17 -2.05 -2.34 -8.20 -8.20 -11.43 0.29 -8.20 -0.29 5.57 -2.34
motor 0.00 -1.17 -2.05 -2.34 -8.20 -8.20 -11.43 0.29 -8.20 -0.29 5.57 -2.34
motor 0.00 -1.17 -2.05 -2.34 -8.20 -8.20 -11.43 0.29 -8.20 -0.29 5.57 -2.34
motor 0.00 -1.17 -2.05 -2.34 -8.20 -8.20 -11.43 0.29 -8.20 -0.29 5.57 -2.34
motor 0.00 -1.17 -2.05 -2.34 -8.20 -8.20 -11.43 0.29 -8.20 -0.29 5.57 -2.34
motor 0.00 -1.17 -2.05 -2.34 -7.03 -8.20 -11.43 0.29 -8.20 -0.29 5.57 -2.34
motor 0.00 -1.17 -2.05 -2.34 -7.03 -8.20 -11.43 0.29 -8.20 -0.29 5.57 -2.34
motor 0.00 -1.17 -2.05 -2.34 -7.03 -8.20 -11.43 0.29 -8.20 -0.29 5.57 -2.34
motor 0.00 -1.17 -2.05 -2.34 -7.03 -8.20 -11.43 0.29 -8.20 -0.29 5.57 -2.34
motor 0.00 -1.17 -2.05 -2.34 -7.03 -8.20 -11.43 0.29 -8.20 -0.29 5.57 -2.34
motor 0.00 -1.17 -2.05 -2.34 -7.03 -8.20 -11.43 0.29 -8.20 -0.29 5.57 -2.34
motor 0.00 -1.17 -2.05 -2.34 -7.03 -8.20 -11.43 0.29 -8.20 -0.29 5.57 -2.34
motor 0.00 -1.17 -2.05 -2.34 -7.03 -8.20 -11.43 0.29 -8.20 -0.29 5.57 -2.34
motor 0.00 -1.17 -2.05 -2.34 -7.03 -8.20 -11.43 0.29 -8.20 -0.29 5.57 -2.34
motor 0.00 -1.17 -2.05 -2.34 -7.03 -8.20 -11.43 0.29 -8.20 -0.29 5.57 -2.34
motor 0.00 -1.17 -2.05 -2.34 -7.03 -8.20 -11.43 0.29 -8.20 -0.29 5.57 -2.34
motor 0.00 -1.17 -2.05 -2.34 -7.03 -8.20 -11.43 0.29 -8.20 -0.29 5.57 -2.34
motor 0.00 -1.17 -2.05 -2.34 -7.03 -8.20 -11.43 0.29 -8.20 -0.29 5.57 -2.34
motor 0.00 -1.17 -2.05 -2.34 -7.03 -8.20 -11.43 0.29 -8.20 -0.29 5.57 -2.34
motor 0.00 -1.17 -2.05 -2.34 -7.03 -8.20 -11.43 0.29 -8.20 -0.29 5.57 -2.34
motor 0.00 -1.17 -2.05 -2.34 -7.03 -8.20 -11.43 0.29 -8.20 -0.29 5.57 -2.34
motor 0.00 -1.17 -2.05 -2.34 -7.03 -8.20 -11.43 0.29 -8.20 -0.29 5.57 -2.34
motor 0.00 -1.17 -2.05 -2.34 -7.03 -8.20 -11.43 0.29 -8.20 -0.29 5.57 -2.34
motor 0.00 -1.17 -2.05 -2.34 -7.03 -8.20 -11.43 0.29 -8.20 -0.29 5.57 -2.34
motor 0.00 -1.17 -2.05 -2.34 -7.03 -8.20 -11.43 0.29 -8.20 -0.29 5.57 -2.34
motor 0.00 -1.17 -2.05 -2.34 -7.03 -8.20 -11.43 0.29 -8.20 -0.29 5.57 -2.34
motor 0.00 -1.17 -2.05 -2.34 -7.03 -8.20 -11.43 0.29 -8.20 -0.29 5.57 -2.34
motor 0.00 -1.17 -2.05 -2.34 -7.03 -8.20 -11.43 0.29 -8.20 -0.29 5.57 -2.34
motor 0.00 -1.17 -2.05 -2.34 -7.03 -8.20 -11.43 0.29 -8.20 -0.29 5.57 -2.34
motor 0.00 -1.17 -2.05 -2.34 -7.03 -8.20 -11.43 0.29 -8.20 -0.29 5.57 -2.34
motor 0.00 -1.17 -2.05 -2.34 -7.03 -8.20 -11.43 0.29 -8.20 -0.29 5.57 -2.34
motor 0.00 -1.17 -2.05 -2.34 -7.03 -8.20 -11.43 0.29 -8.20 -0.29 5.57 -2.34
motor 0.00 -1.17 -2.05 -2.34 -7.03 -8.20 -11.43 0.29 -8.20 -0.29 5.57 -2.34
motor 0.00 -1.17 -2.05 -2.34 -7.03 -8.20 -11.43 0.29 -8.20 -0.29 5.57 -2.34
motor 0.00 -1.17 -2.05 -2.34 -7.03 -8.20 -11.43 0.29 -8.20 -0.29 5.57 -2.34
motor 0.00 -1.17 -2.05 -2.34 -7.03 -8.20 -11.43 0.29 -8.20 -0.29 5.57 -2.34
motor 0.00 -1.17 -2.05 -2.34 -7.03 -8.20 -11.43 0.29 -8.20 -0.29 5.57 -2.34
motor 0.00 -1.17 -2.05 -2.34 -7.03 -8.20 -11.43 0.29 -8.20 -0.29 5.57 -2.34
motor 0.00 -1.17 -2.05 -2.34 -7.03 -8.20 -11.43 0.29 -8.20 -0.29 5.57 -2.34
motor 0.00 -1.17 -2.05 -2.34 -7.03 -8.20 -11.43 0.29 -8.20 -0.29 5.57 -2.34
motor 0.00 -1.17 -2.05 -2.34 -7.03 -8.20 -11.43 0.29 -8.20 -0.29 5.57 -2.34
motor 0.00 -1.17 -2.05 -2.34 -7.03 -8.20 -11.43 0.29 -8.20 -0.29 5.57 -2.34
motor 0.00 -1.17 -2.05 -2.34 -7.03 -8.20 -11.43 0.29 -8.20 -0.29 5.57 -2.34
motor 0.00 -1.17 -2.05 -2.34 -7.03 -8.20 -11.43 0.29 -8.20 -0.29 5.57 -2.34
motor 0.00 -1.17 -2.05 -2.34 -7.03 -8.20 -11.43 0.29 -8.20 -0.29 5.57 -2.34
motor 0.00 -1.17 -2.05 -2.34 -7.03 -8.20 -11.43 0.29 -8.20 -0.29 5.57 -2.34
motor 0.00 -1.17 -2.05 -2.34 -7.03 -8.20 -11.43 0.29 -8.20 -0.29 5.57 -2.34
motor 0.00 -1.17 -2.05 -2.34 -7.03 -8.20 -11.43 0.29 -8.20 -0.29 5.57 -2.34
motor 0.00 -1.17 -2.05 -2.34 -7.03 -8.20 -11.43 0.29 -8.20 -0.29 5.57 -2.34
motor 0.00 -1.17 -2.05 -2.34 -7.03 -8.20 -11.43 0.29 -8.20 -0.29 5.57 -2.34
motor 0.00 -1.17 -2.05 -2.34 -7.03 -8.20 -11.43 0.29 -8.20 -0.29 5.57 -2.34
motor 0.00 -1.17 -2.05 -2.34 -7.03 -8.20 -11.43 0.29 -8.20 -0.29 5.57 -2.34
motor 0.00 -1.17 -2.05 -2.34 -7.03 -8.20 -11.43 0.29 -8.20 -0.29 5.57 -2.34
motor 0.00 -1.17 -2.05 -2.34 -7.03 -8.20 -11.43 0.29 -8.20 -0.29 5.57 -2.34
motor 0.00 -1.17 -2.05 -2.34 -7.03 -8.20 -11.43 0.29 -8.20 -0.29 5.57 -2.34
motor 0.00 -1.17 -2.05 -2.34 -7.03 -8.20 -11.43 0.29 -8.20 -0.29 5.57 -2.34
motor 0.00 -1.17 -2.05 -2.34 -7.03 -8.20 -11.43 0.29 -8.20 -0.29 5.57 -2.34
motor 0.00 -1.17 -2.05 -2.34 -7.03 -8.20 -11.43 0.29 -8.20 -0.29 5.57 -2.34
motor 0.00 -1.17 -2.05 -2.34 -7.03 -8.20 -11.43 0.29 -8.20 -0.29 5.57 -2.34
motor 0.00 -1.17 -2.05 -2.34 -7.03 -8.20 -11.43 0.29 -8.20 -0.29 5.57 -2.34
motor 0.00 -1.17 -2.05 -2.34 -7.03 -8.20 -11.43 0.29 -8.20 -0.29 5.57 -2.34
motor 0.00 -1.17 -2.05 -2.34 -7.03 -8.20 -11.43 0.29 -8.20 -0.29 5.57 -2.34
motor 0.00 -1.17 -2.05 -2.34 -7.03 -8.20 -11.43 0.29 -8.20 -0.29 5.57 -2.34
motor 0.00 -1.17 -2.05 -2.34 -7.03 -8.20 -11.43 0.29 -8.20 -0.29 5.57 -2.34
motor 0.00 -1.17 -2.05 -2.34 -7.03 -8.20 -11.43 0.29 -8.20 -0.29 5.57 -2.34
motor 0.00 -1.17 -2.05 -2.34 -7.03 -8.20 -11.43 0.29 -8.20 -0.29 5.57 -2.34
motor 0.00 -1.17 -2.05 -2.34 -7.03 -8.20 -11.43 0.29 -8.20 -0.29 5.57 -2.34
motor 0.00 -1.17 -2.05 -2.34 -7.03 -8.20 -11.43 0.29 -8.20 -0.29 5.57 -2.34
motor 0.00 -1.17 -2.05 -2.34 -7.03 -8.20 -11.43 0.29 -8.20 -0.29 5.57 -2.34
motor 0.00 -1.17 -2.05 -2.34 -7.03 -8.20 -11.43 0.29 -8.20 -0.29 5.57 -2.34
motor 0.00 -1.17 -2.05 -2.34 -7.03 -8.20 -11.43 0.29 -8.20 -0.29 5.57 -2.34
motor 0.00 -1.17 -2.05 -2.34 -7.03 -8.20 -11.43 0.29 -8.20 -0.29 5.57 -2.34
motor 0.00 -1.17 -2.05 -2.34 -7.03 -8.20 -11.43 0.29 -8.20 -0.29 5.57 -2.34
motor 0.00 -1.17 -2.05 -2.34 -7.03 -8.20 -11.43 0.29 -8.20 -0.29 5.57 -2.34
motor 0.00 -1.17 -2.05 -2.34 -7.03 -8.20 -11.43 0.29 -8.20 -0.29 5.57 -2.34
motor 0.00 -1.17 -2.05 -2.34 -7.03 -8.20 -11.43 0.29 -8.20 -0.29 5.57 -2.34
motor 0.00 -1.17 -2.05 -2.34 -7.03 -8.20 -11.43 0.29 -8.20 -0.29 5.57 -2.34
motor 0.00 -1.17 -2.05 -2.34 -7.03 -8.20 -11.43 0.29 -8.20 -0.29 5.57 -2.34
motor 0.00 -1.17 -2.05 -2.34 -7.03 -8.20 -11.43 0.29 -8.20 -0.29 5.57 -2.34
motor 0.00 0.29 -2.05 -2.34 -7.03 -8.20 -11.43 0.29 -8.20 -0.29 5.57 -2.34
motor 0.00 0.29 -2.05 -2.34 -7.03 -8.20 -11.43 0.29 -8.20 -0.29 5.57 -2.34
motor 0.00 0.29 -2.05 -2.34 -7.03 -8.20 -11.43 0.29 -8.20 -0.29 5.57 -2.34
motor 0.00 0.29 -2.05 -2.34 -7.03 -8.20 -11.43 0.29 -8.20 -0.29 5.57 -2.34
motor 0.00 0.29 -2.05 -2.34 -7.03 -8.20 -11.43 0.29 -8.20 -0.29 5.57 -2.34
motor 0.00 0.29 -2.05 -2.34 -7.03 -8.20 -11.43 0.29 -8.20 -0.29 5.57 -2.34
motor 0.00 0.29 -2.05 -2.34 -7.03 -8.20 -11.43 0.29 -8.20 -0.29 5.57 -2.34
motor 0.00 0.29 -2.05 -2.34 -7.03 -8.20 -11.43 0.29 -8.20 -0.29 5.57 -2.34
motor 0.00 0.29 -2.05 -2.34 -7.03 -8.20 -11.43 0.29 -8.20 -0.29 5.57 -2.34
motor 0.00 0.29 -2.05 -2.34 -7.03 -8.20 -11.43 0.29 -8.20 -0.29 5.57 -2.34
motor 0.00 0.29 -2.05 -2.34 -7.03 -8.20 -11.43 0.29 -8.20 -0.29 5.57 -2.34
motor 0.00 0.29 -2.05 -2.34 -7.03 -8.20 -11.43 0.29 -8.20 -0.29 5.57 -2.34
motor 0.00 0.29 -2.05 -2.34 -7.03 -8.20 -11.43 0.29 -8.20 -0.29 5.57 -2.34
motor 0.00 0.29 -2.05 -2.34 -7.03 -8.20 -11.43 0.29 -8.20 -0.29 5.57 -2.34
motor 0.00 0.29 -2.05 -2.34 -7.03 -8.20 -11.43 0.29 -8.20 -0.29 5.57 -2.34
motor 0.00 0.29 -2.05 -2.34 -7.03 -8.20 -11.43 0.29 -8.20 -0.29 5.57 -2.34
motor 0.00 0.29 -2.05 -2.34 -7.03 -8.20 -11.43 0.29 -8.20 -0.29 5.57 -2.34
motor 0.00 0.29 -2.05 -2.34 -7.03 -8.20 -11.43 0.29 -8.20 -0.29 5.57 -2.34
motor 0.00 0.29 -2.05 -2.34 -7.03 -8.20 -11.43 0.29 -8.20 -0.29 5.57 -2.34
motor 0.00 0.29 -2.05 -2.34 -7.03 -8.20 -11.43 0.29 -8.20 -0.29 5.57 -2.34
motor 0.00 0.29 -2.05 -2.34 -7.03 -8.20 -11.43 0.29 -8.20 -0.29 5.57 -2.34
motor 0.00 0.29 -2.05 -2.34 -7.03 -8.20 -11.43 0.29 -8.20 -0.29 5.57 -2.34
motor 0.00 0.29 -2.05 -2.34 -7.03 -8.20 -11.43 0.29 -8.20 -0.29 5.57 -2.34
motor 0.00 0.29 -2.05 -2.34 -7.03 -8.20 -11.43 0.29 -8.20 -0.29 5.57 -2.34
motor 0.00 0.29 -2.05 -2.34 -7.03 -8.20 -11.43 0.29 -8.20 -0.29 5.57 -2.34
motor 0.00 0.29 -2.05 -2.34 -7.03 -8.20 -11.43 0.29 -8.20 -0.29 5.57 -2.34
motor 0.00 0.29 -2.05 -2.34 -7.03 -8.20 -11.43 0.29 -8.20 -0.29 5.57 -2.34
motor 0.00 0.29 -2.05 -2.34 -7.03 -8.20 -11.43 0.29 -8.20 -0.29 5.57 -2.34
motor 0.00 0.29 -2.05 -2.34 -7.03 -8.20 -11.43 0.29 -8.20 -0.29 5.57 -2.34
motor 0.00 0.29 -2.05 -2.34 -7.03 -8.20 -11.43 0.29 -8.20 -0.29 5.57 -2.34
motor 0.00 0.29 -2.05 -2.34 -7.03 -8.20 -11.43 0.29 -8.20 -0.29 5.57 -2.34
motor 0.00 0.29 -2.05 -2.34 -7.03 -8.20 -11.43 0.29 -8.20 -0.29 5.57 -2.34
motor 0.00 0.29 -2.05 -2.34 -7.03 -8.20 -11.43 0.29 -8.20 -0.29 5.57 -2.34
motor 0.00 0.29 -2.05 -2.34 -7.03 -8.20 -11.43 0.29 -8.20 -0.29 5.57 -2.34
motor 0.00 0.29 -2.05 -2.34 -7.03 -8.20 -11.43 0.29 -8.20 -0.29 5.57 -2.34
motor 0.00 0.29 -2.05 -2.34 -7.03 -8.20 -11.43 0.29 -8.20 -0.29 5.57 -2.34
motor 0.00 0.29 -2.05 -2.34 -7.03 -8.20 -11.43 0.29 -8.20 -0.29 5.57 -2.34
motor 0.00 0.29 -2.05 -2.34 -7.03 -8.20 -11.43 0.29 -8.20 -0.29 5.57 -2.34
motor 0.00 0.29 -2.05 -2.34 -7.03 -8.20 -11.43 0.29 -8.20 -0.29 5.57 -2.34
motor 0.00 0.29 -2.05 -2.34 -7.03 -8.20 -11.43 0.29 -8.20 -0.29 5.57 -2.34
motor 0.00 0.29 -2.05 -2.34 -7.03 -8.20 -11.43 0.29 -8.20 -0.29 5.57 -2.34
motor 0.00 0.29 -2.05 -2.34 -7.03 -8.20 -11.43 0.29 -8.20 -0.29 5.57 -2.34
motor 0.00 0.29 -2.05 -2.34 -7.03 -8.20 -11.43 0.29 -8.20 -0.29 5.57 -2.34
motor 0.00 0.29 -2.05 -2.34 -7.03 -8.20 -11.43 0.29 -8.20 -0.29 5.57 -2.34
motor 0.00 0.29 -2.05 -2.34 -7.03 -8.20 -11.43 0.29 -8.20 -0.29 5.57 -2.34
motor 0.00 0.29 -2.05 -2.34 -7.03 -8.20 -11.43 0.29 -8.20 -0.29 5.57 -2.34
motor 0.00 0.29 -2.05 -2.34 -7.03 -8.20 -11.43 0.29 -8.20 -0.29 5.57 -2.34
motor 0.00 0.29 -2.05 -2.34 -7.03 -8.20 -11.43 0.29 -8.20 -0.29 5.57 -2.34
motor 0.00 0.29 -2.05 -2.34 -7.03 -8.20 -11.43 0.29 -8.20 -0.29 5.57 -2.34
motor 0.00 0.29 -2.05 -2.34 -7.03 -8.20 -11.43 0.29 -8.20 -0.29 5.57 -2.34
motor 0.00 0.29 -2.05 -2.34 -7.03 -8.20 -11.43 0.29 -8.20 -0.29 5.57 -2.34
motor 0.00 0.29 -2.05 -2.34 -7.03 -8.20 -11.43 0.29 -8.20 -0.29 5.57 -2.34
motor 0.00 0.29 -2.05 -2.34 -7.03 -8.20 -11.43 0.29 -8.20 -0.29 5.57 -2.34
motor 0.00 0.29 -2.05 -2.34 -7.03 -8.20 -11.43 0.29 -8.20 -0.29 5.57 -2.34
motor 0.00 0.29 -2.05 -2.34 -7.03 -8.20 -11.43 0.29 -8.20 -0.29 5.57 -2.34
motor 0.00 0.29 -2.05 -2.34 -7.03 -8.20 -11.43 0.29 -8.20 -0.29 5.57 -2.34
motor 0.00 0.29 -2.05 -2.34 -7.03 -8.20 -11.43 0.29 -8.20 -0.29 5.57 -2.34
motor 0.00 0.29 -2.05 -2.34 -7.03 -8.20 -11.43 0.29 -8.20 -0.29 5.57 -2.34
motor 0.00 0.29 -2.05 -2.34 -7.03 -8.20 -11.43 0.29 -8.20 -0.29 5.57 -2.34
motor 0.00 0.29 -2.05 -2.34 -7.03 -8.20 -11.43 0.29 -8.20 -0.29 5.57 -2.34
motor 0.00 0.29 -2.05 -2.34 -7.03 -8.20 -11.43 0.29 -8.20 -0.29 5.57 -2.34
motor 0.00 0.29 -2.05 -2.34 -7.03 -8.20 -11.43 0.29 -8.20 -0.29 5.57 -2.34
motor 0.00 0.29 -2.05 -2.34 -7.03 -8.20 -11.43 0.29 -8.20 -0.29 5.57 -2.34
motor 0.00 0.29 -2.05 -2.34 -7.03 -8.20 -11.43 0.29 -8.20 -0.29 5.57 -2.34
motor 0.00 0.29 -2.05 -2.34 -7.03 -8.20 -11.43 0.29 -8.20 -0.29 5.57 -2.34
motor 0.00 0.29 -2.05 -2.34 -7.03 -8.20 -11.43 0.29 -8.20 -0.29 5.57 -2.34
motor 0.00 0.29 -2.05 -2.34 -7.03 -8.20 -11.43 0.29 -8.20 -0.29 5.57 -2.34
motor 0.00 0.29 -2.05 -2.34 -7.03 -8.20 -11.43 0.29 -8.20 -0.29 5.57 -2.34
motor 0.00 0.29 -2.05 -2.34 -7.03 -8.20 -11.43 0.29 -8.20 -0.29 5.57 -2.34
motor 0.00 0.29 -2.05 -2.34 -7.03 -8.20 -11.43 0.29 -8.20 -0.29 5.57 -2.34
motor 0.00 0.29 -2.05 -2.34 -7.03 -8.20 -11.43 0.29 -8.20 -0.29 5.57 -2.34
motor 0.00 0.29 -2.05 -2.34 -7.03 -8.20 -11.43 0.29 -8.20 -0.29 5.57 -2.34
motor 0.00 0.29 -2.05 -2.34 -7.03 -8.20 -11.43 0.29 -8.20 -0.29 5.57 -2.34
motor 0.00 0.29 -2.05 -2.34 -7.03 -8.20 -11.43 0.29 -8.20 -0.29 5.57 -2.34
motor 0.00 0.29 -2.05 -2.34 -7.03 -8.20 -11.43 0.29 -8.20 -0.29 5.57 -2.34
motor 0.00 0.29 -2.05 -2.34 -7.03 -8.20 -11.43 0.29 -8.20 -0.29 5.57 -1.17
motor 0.00 0.29 -2.05 -2.34 -7.03 -8.20 -11.43 0.29 -8.20 -0.29 5.57 -1.17
motor 0.00 0.29 -2.05 -2.34 -7.03 -8.20 -11.43 0.29 -8.20 -0.29 5.57 -1.17
motor 0.00 0.29 -2.05 -2.34 -7.03 -8.20 -11.43 0.29 -8.20 -0.29 5.57 -1.17
motor 0.00 0.29 -2.05 -2.34 -7.03 -8.20 -11.43 0.29 -8.20 -0.29 5.57 -1.17
motor 0.00 0.29 -2.05 -2.34 -7.03 -8.20 -11.43 0.29 -8.20 -0.29 5.57 -1.17
motor 0.00 0.29 -2.05 -2.34 -7.03 -8.20 -11.43 0.29 -8.20 -0.29 5.57 -1.17
motor 0.00 0.29 -2.05 -2.34 -7.03 -8.20 -11.43 0.29 -8.20 -0.29 5.57 -1.17
motor 0.00 0.29 -2.05 -2.34 -7.03 -8.20 -11.43 0.29 -8.20 -0.29 5.57 -1.17
motor 0.00 0.29 -2.05 -2.34 -7.03 -8.20 -11.43 0.29 -8.20 -0.29 5.57 -1.17
motor 0.00 0.29 -2.05 -2.34 -7.03 -8.20 -11.43 0.29 -8.20 -0.29 5.57 -1.17
motor 0.00 0.29 -2.05 -2.34 -7.03 -8.20 -11.43 0.29 -8.20 -0.29 5.57 -1.17
motor 0.00 0.29 -2.05 -2.34 -7.03 -8.20 -11.43 0.29 -8.20 -0.29 5.57 -1.17
motor 0.00 0.29 -2.05 -2.34 -7.03 -8.20 -11.43 0.29 -8.20 -0.29 5.57 -1.17
motor 0.00 0.29 -2.05 -2.34 -7.03 -8.20 -11.43 0.29 -8.20 -0.29 5.57 -2.34
motor 0.00 0.29 -2.05 -2.34 -7.03 -8.20 -11.43 0.29 -8.20 -0.29 5.57 -2.34
motor 0.00 0.29 -2.05 -2.34 -7.03 -8.20 -11.43 0.29 -8.20 -0.29 5.57 -2.34
motor 0.00 0.29 -2.05 -2.34 -7.03 -8.20 -11.43 0.29 -8.20 -0.29 5.57 -2.34
motor 0.00 0.29 -2.05 -2.34 -7.03 -8.20 -11.43 0.29 -8.20 -0.29 5.57 -2.34
motor 0.00 0.29 -2.05 -2.34 -7.03 -8.20 -11.43 0.29 -8.20 -0.29 5.57 -2.34
motor 0.00 0.29 -2.05 -2.34 -7.03 -8.20 -11.43 0.29 -8.20 -0.29 5.57 -2.34
motor 0.00 0.29 -2.05 -2.34 -7.03 -8.20 -11.43 0.29 -8.20 -0.29 5.57 -2.34
motor 0.00 0.29 -2.05 -2.34 -7.03 -8.20 -11.43 0.29 -8.20 -0.29 5.57 -2.34
motor 0.00 0.29 -2.05 -2.34 -7.03 -8.20 -11.43 0.29 -8.20 -0.29 5.57 -2.34
motor 0.00 0.29 -2.05 -2.34 -7.03 -8.20 -11.43 0.29 -8.20 -0.29 5.57 -2.34
motor 0.00 0.29 -2.05 -2.34 -7.03 -8.20 -11.43 0.29 -8.20 -0.29 5.57 -2.34
motor 0.00 0.29 -2.05 -2.34 -7.03 -8.20 -11.43 0.29 -8.20 -0.29 5.57 -2.34
motor 0.00 0.29 -2.05 -2.34 -7.03 -8.20 -11.43 0.29 -8.20 -0.29 5.57 -2.34
motor 0.00 0.29 -2.05 -2.34 -7.03 -8.20 -11.43 0.29 -8.20 -0.29 5.57 -2.34
motor 0.00 0.29 -2.05 -2.34 -7.03 -8.20 -11.43 0.29 -8.20 -0.29 5.57 -2.34
motor 0.00 0.29 -2.05 -2.34 -7.03 -8.20 -11.43 0.29 -8.20 -0.29 5.57 -2.34
motor 0.00 0.29 -2.05 -2.34 -7.03 -8.20 -11.43 0.29 -8.20 -0.29 5.57 -2.34
motor 0.00 0.29 -2.05 -2.34 -7.03 -8.20 -11.43 0.29 -8.20 -0.29 5.57 -2.34
motor 0.00 0.29 -2.05 -2.34 -7.03 -8.20 -11.43 0.29 -8.20 -0.29 5.57 -2.34
motor 0.00 0.29 -2.05 -2.34 -7.03 -8.20 -11.43 0.29 -8.20 -0.29 5.57 -2.34
motor 0.00 0.29 -2.05 -2.34 -7.03 -8.20 -11.43 0.29 -8.20 -0.29 5.57 -2.34
motor 0.00 0.29 -2.05 -2.34 -7.03 -8.20 -11.43 0.29 -8.20 -0.29 5.57 -2.34
motor 0.00 0.29 -2.05 -2.34 -7.03 -8.20 -11.43 0.29 -8.20 -0.29 5.57 -2.34
motor 0.00 0.29 -2.05 -2.34 -7.03 -8.20 -11.43 0.29 -8.20 -0.29 5.57 -2.34
motor 0.00 0.29 -2.05 -2.34 -7.03 -8.20 -11.43 0.29 -8.20 -0.29 5.57 -2.34
motor 0.00 0.29 -2.05 -2.34 -7.03 -8.20 -11.43 0.29 -8.20 -0.29 5.57 -2.34
motor 0.00 0.29 -2.05 -2.34 -7.03 -8.20 -11.43 0.29 -8.20 -0.29 5.57 -2.34
motor 0.00 0.29 -2.05 -2.34 -7.03 -8.20 -11.43 0.29 -8.20 -0.29 5.57 -2.34
motor 0.00 0.29 -2.05 -2.34 -7.03 -8.20 -11.43 0.29 -8.20 -0.29 5.57 -2.34
motor 0.00 0.29 -2.05 -2.34 -7.03 -8.20 -11.43 0.29 -8.20 -0.29 5.57 -2.34
motor 0.00 0.29 -2.05 -2.34 -7.03 -8.20 -11.43 0.29 -8.20 -0.29 5.57 -2.34
motor 0.00 0.29 -2.05 -2.34 -7.03 -8.20 -11.43 0.29 -8.20 -0.29 5.57 -2.34
motor 0.00 0.29 -2.05 -2.34 -7.03 -8.20 -11.43 0.29 -8.20 -0.29 5.57 -2.34
motor 0.00 0.29 -2.05 -2.34 -7.03 -8.20 -11.43 0.29 -8.20 -0.29 5.57 -2.34
motor 0.00 0.29 -2.05 -2.34 -7.03 -8.20 -11.43 0.29 -8.20 -0.29 5.57 -2.34
motor 0.00 0.29 -2.05 -2.34 -7.03 -8.20 -11.43 0.29 -8.20 -0.29 5.57 -2.34
motor 0.00 0.29 -2.05 -2.34 -7.03 -8.20 -11.43 0.29 -8.20 -0.29 5.57 -2.34
motor 0.00 0.29 -2.05 -2.34 -7.03 -8.20 -11.43 0.29 -8.20 -0.29 5.57 -2.34
motor 0.00 0.29 -2.05 -2.34 -7.03 -8.20 -11.43 0.29 -8.20 -0.29 5.57 -2.34
motor 0.00 0.29 -2.05 -2.34 -7.03 -8.20 -11.43 0.29 -8.20 -0.29 5.57 -2.34
motor 0.00 0.29 -2.05 -2.34 -7.03 -8.20 -11.43 0.29 -8.20 -0.29 5.57 -2.34
motor 0.00 0.29 -2.05 -2.34 -7.03 -8.20 -11.43 0.29 -8.20 -0.29 5.57 -2.34
motor 0.00 0.29 -2.05 -2.34 -7.03 -8.20 -11.43 0.29 -8.20 -0.29 5.57 -2.34
motor 0.00 0.29 -2.05 -2.34 -7.03 -8.20 -11.43 0.29 -8.20 -0.29 5.57 -2.34
motor 0.00 0.29 -2.05 -2.34 -7.03 -8.20 -11.43 0.29 -8.20 -0.29 5.57 -2.34
motor 0.00 0.29 -2.05 -2.34 -7.03 -8.20 -11.43 0.29 -8.20 -0.29 5.57 -2.34
motor 0.00 0.29 -2.05 -2.34 -7.03 -8.20 -11.43 0.29 -8.20 -0.29 5.57 -2.34
motor 0.00 0.29 -2.05 -2.34 -7.03 -8.20 -11.43 0.29 -8.20 -0.29 5.57 -2.34
motor 0.00 0.29 -2.05 -2.34 -7.03 -8.20 -11.43 0.29 -8.20 -0.29 5.57 -2.34
motor 0.00 0.29 -2.05 -2.34 -7.03 -8.20 -11.43 0.29 -8.20 -0.29 5.57 -2.34
motor 0.00 0.29 -2.05 -2.34 -7.03 -8.20 -11.43 0.29 -8.20 -0.29 5.57 -2.34
motor 0.00 0.29 -2.05 -2.34 -7.03 -8.20 -11.43 0.29 -8.20 -0.29 5.57 -2.34
motor 0.00 0.29 -2.05 -2.34 -7.03 -8.20 -11.43 0.29 -8.20 -0.29 5.57 -1.17
motor 0.00 0.29 -2.05 -2.34 -7.03 -8.20 -11.43 0.29 -8.20 -0.29 5.57 -1.17
motor 0.00 0.29 -2.05 -2.34 -7.03 -8.20 -11.43 0.29 -8.20 -0.29 5.57 -1.17
motor 0.00 0.29 -2.05 -2.34 -7.03 -8.20 -11.43 0.29 -8.20 -0.29 5.57 -1.17
motor 0.00 0.29 -2.05 -2.34 -7.03 -8.20 -11.43 0.29 -8.20 -0.29 5.57 -1.17
motor 0.00 0.29 -2.05 -2.34 -7.03 -8.20 -11.43 0.29 -8.20 -0.29 5.57 -1.17
motor 0.00 0.29 -2.05 -2.34 -7.03 -8.20 -11.43 0.29 -8.20 -0.29 5.57 -1.17
motor 0.00 0.29 -2.05 -2.34 -7.03 -8.20 -11.43 0.29 -8.20 -0.29 5.57 -1.17
motor 0.00 0.29 -2.05 -2.34 -7.03 -8.20 -11.43 0.29 -8.20 -0.29 5.57 -1.17
motor 0.00 0.29 -2.05 -2.34 -7.03 -8.20 -11.43 0.29 -8.20 -0.29 5.57 -1.17
motor 0.00 0.29 -2.05 -2.34 -7.03 -8.20 -11.43 0.29 -8.20 -0.29 5.57 -1.17
motor 0.00 0.29 -2.05 -2.34 -7.03 -8.20 -11.43 0.29 -8.20 -0.29 5.57 -2.64
motor 0.00 0.29 -2.05 -2.34 -7.03 -8.20 -11.43 0.29 -8.20 -0.29 5.57 -2.64
motor 0.00 0.29 -2.05 -2.34 -7.03 -8.20 -11.43 0.29 -8.20 -0.29 5.57 -2.64
motor 0.00 0.29 -2.05 -2.34 -7.03 -8.20 -11.43 0.29 -8.20 -0.29 5.57 -2.64
motor 0.00 0.29 -2.05 -2.34 -7.03 -8.20 -11.43 0.29 -8.20 -0.29 5.57 -2.64
motor 0.00 0.29 -2.05 -2.34 -7.03 -8.20 -11.43 0.29 -8.20 -0.29 5.57 -2.64
motor 0.00 0.29 -2.05 -2.34 -7.03 -8.20 -11.43 0.29 -8.20 -0.29 5.57 -2.64
motor 0.00 0.29 -2.05 -2.34 -7.03 -8.20 -11.43 0.29 -8.20 -0.29 5.57 -2.64
motor 0.00 0.29 -2.05 -2.34 -7.03 -8.20 -11.43 0.29 -8.20 -0.29 5.57 -2.64
motor 0.00 0.29 -2.05 -2.34 -7.03 -8.20 -11.43 0.29 -8.20 -0.29 5.57 -2.64
motor 0.00 0.29 -2.05 -2.34 -7.03 -8.20 -11.43 0.29 -8.20 -0.29 5.57 -1.46
motor 0.00 0.29 -2.05 -2.34 -7.03 -8.20 -11.43 0.29 -8.20 -0.29 5.57 -2.93
motor 0.00 0.29 -2.05 -2.34 -7.03 -8.20 -11.43 0.29 -8.20 -0.29 5.57 -1.46
motor 0.00 0.29 -2.05 -2.34 -7.03 -8.20 -11.43 0.29 -8.20 -0.29 5.57 -1.46
motor 0.00 0.29 -2.05 -2.34 -7.03 -8.20 -11.43 0.29 -8.20 -0.29 5.57 -1.46
motor 0.00 0.29 -2.05 -2.34 -7.03 -8.20 -11.43 0.29 -8.20 -0.29 5.57 -1.46
motor 0.00 0.29 -2.05 -2.34 -7.03 -8.20 -11.43 0.29 -8.20 -0.29 5.57 -1.46
motor 0.00 0.29 -2.05 -2.34 -7.03 -8.20 -11.43 0.29 -8.20 -0.29 5.57 -1.46
motor 0.00 0.29 -2.05 -2.34 -7.03 -8.20 -11.43 0.29 -8.20 -0.29 5.57 -1.46
motor 0.00 0.29 -2.05 -2.34 -7.03 -8.20 -11.43 0.29 -8.20 -0.29 5.57 -1.46
motor 0.00 0.29 -2.05 -2.34 -7.03 -8.20 -11.43 0.29 -8.20 -0.29 5.57 -1.46
motor 0.00 0.29 -2.05 -2.34 -7.03 -8.20 -11.43 0.29 -8.20 -0.29 5.57 -1.46
motor 0.00 0.29 -2.05 -2.34 -7.03 -8.20 -11.43 0.29 -8.20 -0.29 5.57 -1.46
motor 0.00 0.29 -2.05 -2.34 -7.03 -8.20 -11.43 0.29 -8.20 -0.29 5.57 -1.46
motor 0.00 0.29 -2.05 -2.34 -7.03 -8.20 -11.43 0.29 -8.20 -0.29 5.57 -1.46
motor 0.00 0.29 -2.05 -2.34 -7.03 -8.20 -11.43 0.29 -8.20 -0.29 5.57 -1.46
motor 0.00 0.29 -2.05 -2.34 -7.03 -8.20 -11.43 0.29 -8.20 -0.29 5.57 -1.46
motor 0.00 0.29 -2.05 -2.34 -7.03 -8.20 -11.43 0.29 -8.20 -0.29 5.57 -1.46
motor 0.00 0.29 -2.05 -2.34 -7.03 -8.20 -11.43 0.29 -8.20 -0.29 5.57 -1.46
motor 0.00 0.29 -2.05 -2.34 -7.03 -8.20 -11.43 0.29 -8.20 -0.29 5.57 -1.46
motor 0.00 0.29 -2.05 -2.34 -7.03 -8.20 -11.43 0.29 -8.20 -0.29 5.57 -1.46
motor 0.00 0.29 -2.05 -2.34 -7.03 -8.20 -11.43 0.29 -8.20 -0.29 5.57 -1.46
motor 0.00 0.29 -2.05 -2.34 -7.03 -8.20 -11.43 0.29 -8.20 -0.29 5.57 -1.46
motor 0.00 0.29 -2.05 -2.34 -7.03 -8.20 -11.43 0.29 -8.20 -0.29 5.57 -1.46
motor 0.00 0.29 -2.05 -2.34 -7.03 -8.20 -11.43 0.29 -8.20 -0.29 5.57 -1.46
motor 0.00 0.29 -2.05 -2.34 -7.03 -8.20 -11.43 0.29 -8.20 -0.29 5.57 -1.46
motor 0.00 0.29 -2.05 -2.34 -7.03 -8.20 -11.43 0.29 -8.20 -0.29 5.57 -1.46
motor 0.00 0.29 -2.05 -2.34 -7.03 -8.20 -11.43 0.29 -8.20 -0.29 5.57 -1.46
motor 0.00 0.29 -2.05 -2.34 -7.03 -8.20 -11.43 0.29 -8.20 -0.29 5.57 -1.46
motor 0.00 0.29 -2.05 -2.34 -7.03 -8.20 -11.43 0.29 -8.20 -0.29 5.57 -1.46
motor 0.00 0.29 -2.05 -2.34 -7.03 -8.20 -11.43 0.29 -8.20 -0.29 5.57 -1.46
motor 0.00 0.29 -2.05 -2.34 -7.03 -8.20 -11.43 0.29 -8.20 -0.29 5.57 -1.46
motor 0.00 0.29 -2.05 -2.34 -7.03 -8.20 -11.43 0.29 -8.20 -0.29 5.57 -1.46
motor 0.00 0.29 -2.05 -2.34 -7.03 -8.20 -11.43 0.29 -8.20 -0.29 5.57 -1.46
motor 0.00 0.29 -2.05 -2.34 -7.03 -8.20 -11.43 0.29 -8.20 -0.29 5.57 -1.46
motor 0.00 0.29 -2.05 -2.34 -7.03 -8.20 -11.43 0.29 -8.20 -0.29 5.57 -1.46
motor 0.00 0.29 -2.05 -2.34 -7.03 -8.20 -11.43 0.29 -8.20 -0.29 5.57 -1.46
motor 0.00 0.29 -2.05 -2.34 -7.03 -8.20 -11.43 0.29 -8.20 -0.29 5.57 -1.46
motor 0.00 0.29 -2.05 -2.34 -7.03 -8.20 -11.43 0.29 -8.20 -0.29 5.57 -1.46
motor 0.00 0.29 -2.05 -2.34 -7.03 -8.20 -11.43 0.29 -8.20 -0.29 5.57 -1.46
motor 0.00 0.29 -2.05 -2.34 -7.03 -8.20 -11.43 0.29 -8.20 -0.29 5.57 -1.46
