start
specialmove
motor1 -0.29 -63.28 -123.05 -0.29 -76.46 -123.34
motor2 -0.59 -77.05 -122.75 -0.29 -67.38 -123.05
motor1 -0.59 -63.28 -123.05 -0.29 -76.46 -123.05
motor2 -0.59 -77.05 -122.75 -0.29 -67.38 -123.05
motor1 0.00 -63.28 -123.05 0.00 -76.17 -123.05
motor2 -0.59 -77.05 -122.75 -0.29 -67.38 -123.05
motor1 -0.59 -63.28 -123.05 -0.29 -76.17 -123.05
motor2 -0.59 -77.05 -122.75 -0.29 -67.38 -123.05
motor1 0.00 -63.57 -123.05 0.00 -76.46 -123.05
motor2 -0.59 -77.05 -122.75 -0.29 -67.38 -123.05
motor1 -0.29 -63.28 -123.34 -0.29 -76.46 -123.34
motor2 -0.59 -77.05 -122.75 -0.29 -67.38 -123.05
motor1 -0.29 -63.28 -123.05 -0.29 -76.46 -123.05
motor2 -0.59 -77.05 -122.75 -0.29 -67.38 -123.05
motor1 -0.29 -63.28 -123.05 -0.29 -76.46 -123.34
motor2 -0.59 -77.05 -122.75 -0.29 -67.38 -123.05
motor1 0.00 -63.28 -123.05 -0.29 -76.46 -123.05
motor2 -0.59 -77.05 -122.75 -0.29 -67.38 -123.05
motor1 -0.29 -63.28 -123.05 -0.29 -76.46 -123.34
motor2 -0.59 -77.05 -123.05 -0.29 -67.38 -123.05
motor1 -0.29 -63.28 -123.05 -0.29 -76.46 -123.05
motor2 -0.59 -77.05 -122.75 -0.29 -67.38 -123.05
motor1 0.00 -63.28 -123.05 -0.29 -76.46 -123.05
motor2 -0.59 -77.05 -122.75 -0.59 -67.38 -123.05
motor1 -0.29 -63.28 -123.05 -0.29 -76.46 -123.34
motor2 -0.59 -77.05 -122.75 -0.29 -67.38 -123.05
motor1 -0.29 -63.28 -123.05 -0.29 -76.46 -123.34
motor2 -0.59 -77.05 -123.05 -0.29 -67.38 -123.05
motor1 -0.29 -63.28 -123.05 -0.29 -76.76 -123.05
motor2 -0.59 -77.05 -122.75 -0.59 -67.38 -123.05
motor1 0.00 -63.28 -123.34 -0.29 -76.46 -123.05
motor2 -0.59 -77.05 -122.75 -0.29 -67.38 -123.05
motor1 -0.29 -63.28 -123.05 -0.29 -76.46 -123.05
motor2 -0.59 -77.05 -122.75 -0.29 -67.38 -123.05
motor1 -0.29 -63.28 -123.05 -0.29 -76.17 -123.05
motor2 -0.59 -77.05 -122.75 -0.59 -67.38 -123.05
motor1 -0.59 -63.28 -122.75 -0.29 -76.46 -123.34
motor2 -0.59 -77.05 -122.75 -0.29 -67.38 -123.05
motor1 -0.29 -63.28 -123.05 -0.29 -76.46 -123.05
motor2 -0.59 -77.05 -122.75 -0.29 -67.38 -123.05
motor1 -0.29 -63.28 -123.05 -0.29 -76.46 -123.05
motor2 -0.59 -77.05 -122.75 -0.59 -67.38 -123.05
motor1 -0.29 -63.28 -123.34 -0.29 -76.46 -123.34
motor2 -0.59 -77.05 -122.75 -0.59 -67.38 -123.05
motor1 -0.29 -63.28 -123.05 -0.29 -76.46 -123.05
motor2 -0.59 -77.05 -122.75 -0.29 -67.38 -123.05
motor1 -0.29 -63.28 -123.05 -0.29 -76.46 -123.34
motor2 -0.59 -77.05 -122.75 -0.29 -67.38 -123.05
motor1 -0.29 -63.28 -123.05 0.29 -76.46 -123.05
motor2 -0.59 -77.05 -122.75 -0.29 -67.38 -123.05
motor1 -0.29 -63.28 -123.05 -0.29 -76.46 -123.34
motor2 -0.59 -77.05 -122.75 -0.29 -67.38 -123.05
motor1 -0.29 -63.28 -123.05 -0.29 -76.46 -123.05
motor2 -0.59 -77.05 -122.75 -0.29 -67.38 -122.46
motor1 -0.29 -63.28 -123.63 -0.29 -76.17 -123.34
motor2 -0.59 -77.05 -122.75 -0.29 -67.38 -123.05
motor1 0.00 -63.57 -123.05 -0.29 -76.46 -123.05
motor2 -0.59 -77.05 -122.75 -0.29 -76.46 -123.05
motor1 -0.29 -63.28 -123.05 -0.29 -76.46 -123.05
motor2 -0.59 -77.05 -122.75 -0.29 -67.38 -123.05
motor1 -0.29 -63.57 -123.05 -0.29 -76.46 -123.05
motor2 -0.59 -77.05 -122.75 -0.29 -67.38 -123.05
motor1 -0.29 -63.28 -123.05 -0.29 -76.17 -123.05
motor2 -0.29 -77.05 -122.75 -0.29 -67.38 -123.05
motor1 -0.29 -63.28 -123.05 -0.29 -76.46 -123.34
motor2 -0.59 -77.05 -122.75 -0.29 -67.38 -123.05
motor1 0.00 -63.28 -123.05 -0.29 -76.46 -123.05
motor2 -0.59 -77.05 -122.75 -0.29 -67.38 -123.05
motor1 -0.29 -63.28 -123.05 -0.29 -76.17 -123.05
motor2 -1.17 -77.05 -122.75 -0.29 -67.38 -123.05
motor1 0.00 -63.28 -123.05 -0.29 -76.46 -123.05
motor2 -0.59 -77.05 -122.75 -0.29 -67.38 -123.05
motor1 -0.29 -63.28 -123.05 -0.29 -76.46 -123.34
motor2 -0.59 -77.05 -122.75 -0.29 -67.38 -123.05
motor1 -0.29 -63.28 -123.05 -0.29 -76.46 -123.05
motor2 -0.29 -77.05 -122.75 -0.59 -67.38 -123.05
motor1 -0.29 -63.28 -123.05 -0.29 -76.17 -123.34
motor2 -0.59 -77.05 -122.75 -0.29 -67.38 -123.05
motor1 -0.29 -62.40 -123.05 -0.29 -76.46 -123.34
motor2 -0.59 -77.05 -122.75 -0.29 -76.46 -123.05
motor1 -0.29 -63.28 -123.05 -0.29 -76.46 -123.05
motor2 -0.59 -77.05 -122.75 -0.29 -67.38 -123.05
motor1 -0.29 -63.28 -123.05 -0.29 -76.17 -123.05
motor2 -0.59 -77.05 -122.75 -0.29 -67.38 -123.05
motor1 -0.29 -63.28 -123.05 -0.29 -76.17 -123.05
motor2 -0.59 -77.05 -122.75 -0.29 -67.38 -123.05
motor1 -0.29 -63.57 -123.05 -0.29 -76.46 -123.05
motor2 -0.59 -77.05 -122.75 -0.59 -67.38 -123.05
motor1 -0.29 -63.28 -123.05 -0.29 -76.17 -123.05
motor2 -0.59 -77.05 -122.75 0.00 -76.17 -123.05
motor1 -0.59 -63.28 -123.05 -0.29 -76.46 -123.34
motor2 -0.59 -77.05 -122.75 -0.29 -67.38 -123.05
motor1 -0.29 -63.57 -123.05 -0.29 -76.46 -123.05
motor2 -0.29 -77.05 -122.75 -0.29 -67.38 -123.05
motor1 -0.29 -63.28 -123.05 -0.59 -76.46 -123.05
motor2 -0.59 -77.05 -122.75 -0.29 -67.38 -123.05
motor1 -0.29 -63.28 -123.05 -0.29 -76.46 -123.34
motor2 -0.59 -77.05 -122.75 -0.29 -67.38 -123.05
motor1 -0.59 -63.28 -123.05 -0.59 -76.46 -123.05
motor2 -0.59 -77.05 -122.75 -0.29 -67.38 -123.05
motor1 -0.29 -63.28 -123.05 -0.59 -76.46 -123.05
motor2 -0.59 -77.05 -122.75 -0.29 -67.38 -123.05
motor1 -0.29 -63.28 -123.05 -1.46 -76.46 -123.05
motor2 -0.59 -77.05 -122.75 -0.29 -67.38 -123.05
motor1 0.00 -63.28 -123.05 -1.46 -76.46 -123.05
motor2 -0.59 -63.28 -122.75 -0.29 -67.38 -123.05
motor1 -0.29 -63.28 -123.05 -1.46 -76.46 -123.05
motor2 -0.59 -77.05 -122.75 -0.29 -67.38 -123.05
motor1 0.00 -63.57 -123.05 -1.46 -76.76 -123.05
motor2 -0.59 -77.05 -122.75 -0.29 -67.38 -123.05
motor1 -0.29 -63.57 -123.05 -1.46 -76.76 -123.05
motor2 -0.59 -77.05 -122.75 -0.29 -67.38 -123.05
motor1 -0.29 -63.28 -123.05 -0.88 -67.38 -123.05
motor2 -0.59 -77.05 -122.75 -0.59 -67.38 -123.05
motor1 0.00 -63.28 -123.05 -0.59 -76.76 -123.34
motor2 -0.59 -77.05 -122.75 -0.29 -67.38 -123.05
motor1 0.00 -63.57 -123.05 -0.59 -76.76 -123.05
motor2 -0.59 -77.05 -122.75 -0.29 -67.38 -123.05
motor1 0.00 -63.28 -123.05 -0.29 -76.76 -123.05
motor2 -0.59 -77.34 -122.75 -0.29 -67.38 -123.05
motor1 -0.29 -63.28 -123.05 0.00 -76.76 -123.05
motor2 -0.59 -77.05 -122.75 -0.29 -67.38 -123.05
motor1 -0.29 -63.28 -123.05 0.00 -76.76 -122.75
motor2 -0.59 -77.05 -122.75 -0.29 -67.38 -123.05
motor1 -0.29 -63.57 -123.34 0.29 -77.05 -122.75
motor2 -0.59 -77.05 -122.75 -0.29 -67.38 -123.05
motor1 -0.59 -63.57 -123.05 0.29 -76.76 -122.46
motor2 -0.59 -77.05 -122.75 -0.29 -67.38 -123.05
motor1 -0.29 -63.28 -123.05 0.29 -77.05 -122.46
motor2 -0.59 -77.05 -122.75 -0.29 -67.38 -123.05
motor1 -0.29 -63.28 -122.75 0.59 -76.76 -122.17
motor2 -0.59 -77.05 -122.75 -0.29 -67.38 -123.05
motor1 -0.59 -63.28 -122.46 0.88 -76.76 -121.58
motor2 -0.59 -77.05 -122.75 -0.29 -67.38 -123.05
motor1 -0.88 -63.28 -122.17 0.59 -76.76 -121.29
motor2 -0.29 -77.05 -122.75 -0.29 -67.38 -123.05
motor1 -1.17 -63.28 -122.17 0.59 -76.76 -120.70
motor2 -0.29 -77.05 -122.75 -0.29 -67.38 -123.05
motor1 -1.17 -63.28 -121.87 -0.29 -76.76 -123.05
motor2 -0.59 -77.05 -122.75 -0.29 -67.38 -123.05
motor1 -1.46 -63.28 -121.58 0.59 -76.17 -119.24
motor2 -0.59 -77.05 -122.75 -0.29 -67.38 -123.05
motor1 -1.46 -63.28 -120.70 0.88 -76.17 -118.95
motor2 -0.59 -77.05 -122.75 -0.29 -67.38 -123.05
motor1 -1.46 -63.28 -120.41 0.59 -76.17 -118.65
motor2 -0.59 -77.05 -122.75 -0.29 -67.38 -123.05
motor1 -1.46 -63.28 -120.12 0.59 -76.17 -118.07
motor2 -0.59 -77.05 -122.75 -0.29 -67.38 -123.05
motor1 -1.76 -63.28 -119.82 0.88 -76.17 -117.77
motor2 -0.59 -77.05 -122.75 -0.29 -67.38 -123.05
motor1 -1.46 -63.28 -119.53 0.88 -75.88 -117.48
motor2 -0.59 -77.05 -122.75 -0.29 -67.38 -123.05
motor1 -1.46 -63.28 -118.95 0.88 -76.17 -117.19
motor2 -0.59 -77.05 -122.75 -0.29 -67.38 -123.05
motor1 -1.46 -63.28 -118.65 0.59 -76.17 -116.89
motor2 -0.59 -77.05 -122.75 -0.29 -67.38 -123.05
motor1 -1.46 -63.28 -122.75 0.59 -76.17 -116.60
motor2 -0.59 -77.05 -122.75 -0.59 -67.38 -123.05
motor1 -1.46 -63.28 -117.48 0.88 -75.88 -116.31
motor2 -0.59 -77.05 -122.75 -0.59 -67.38 -123.05
motor1 -1.76 -63.28 -116.89 0.59 -75.88 -115.72
motor2 -0.59 -77.05 -122.75 -0.29 -67.38 -123.05
motor1 -1.76 -63.28 -116.31 0.88 -75.59 -114.84
motor2 -0.59 -77.05 -122.75 -0.29 -67.38 -123.05
motor1 -1.46 -63.28 -115.14 0.59 -75.59 -114.55
motor2 -0.59 -77.05 -122.75 -0.29 -67.38 -123.05
motor1 -1.46 -63.28 -114.26 0.88 -75.29 -113.96
motor2 -0.59 -77.05 -122.75 -0.29 -67.38 -123.05
motor1 -1.76 -63.28 -113.09 0.88 -75.29 -112.79
motor2 -0.59 -77.05 -122.75 -0.29 -67.38 -123.05
motor1 -1.76 -63.28 -112.50 0.88 -75.00 -112.21
motor2 -0.59 -77.05 -122.75 -0.29 -67.38 -123.05
motor1 -2.05 -63.28 -111.33 0.88 -74.71 -110.74
motor2 -0.59 -77.05 -122.75 -0.29 -67.38 -123.05
motor1 -1.76 -62.70 -109.86 0.88 -74.12 -109.86
motor2 -0.59 -77.05 -122.75 -0.29 -67.38 -123.05
motor1 -1.76 -62.70 -108.40 0.88 -74.12 -108.98
motor2 -0.59 -77.05 -108.40 -0.29 -67.38 -123.05
motor1 -2.05 -62.40 -106.64 1.17 -73.54 -106.93
motor2 -0.59 -77.05 -122.75 -0.29 -67.38 -123.05
motor1 -2.05 -62.40 -104.88 0.88 -73.24 -105.47
motor2 -0.59 -77.05 -122.75 -0.29 -67.38 -123.05
motor1 -2.05 -62.11 -103.42 1.17 -72.66 -104.00
motor2 -0.59 -77.05 -122.75 -0.29 -67.38 -123.05
motor1 -2.34 -62.11 -102.25 1.17 -72.36 -102.25
motor2 -0.59 -77.05 -122.75 -0.29 -67.38 -123.05
motor1 -2.64 -61.82 -100.49 1.17 -72.07 -100.49
motor2 -0.59 -77.05 -122.75 -0.29 -67.38 -123.05
motor1 -2.64 -61.82 -98.73 1.17 -71.48 -98.73
motor2 -0.59 -61.82 -122.75 -0.29 -67.38 -123.05
motor1 -3.22 -61.23 -96.39 1.17 -70.31 -96.39
motor2 -0.59 -77.05 -122.75 -0.59 -67.38 -123.05
motor1 -3.52 -60.94 -95.51 1.46 -69.73 -94.92
motor2 -0.59 -77.05 -122.75 -0.29 -67.38 -123.05
motor1 -3.52 -60.64 -93.75 1.46 -69.14 -93.16
motor2 -0.59 -77.05 -122.75 -0.59 -67.38 -123.05
motor1 -3.52 -60.35 -92.29 1.17 -68.26 -91.11
motor2 -0.59 -77.05 -122.75 -0.29 -67.38 -123.05
motor1 -4.10 -59.47 -90.82 1.46 -67.68 -89.65
motor2 -0.59 -77.05 -122.75 -0.29 -67.38 -123.05
motor1 -3.52 -58.89 -89.65 1.17 -66.80 -87.89
motor2 -0.59 -77.05 -122.75 -0.29 -67.38 -123.05
motor1 -4.10 -58.30 -88.18 1.46 -65.92 -86.13
motor2 -0.59 -77.05 -122.75 -0.29 -67.38 -123.05
motor1 -4.10 -58.01 -87.30 1.46 -65.04 -84.37
motor2 -0.59 -77.05 -122.75 -0.59 -67.38 -123.05
motor1 -4.10 -57.42 -85.55 1.17 -64.16 -82.62
motor2 -0.59 -77.05 -122.75 -0.29 -67.38 -123.05
motor1 -4.10 -56.84 -84.67 1.46 -63.28 -80.86
motor2 -0.59 -77.05 -122.75 -0.29 -67.38 -123.05
motor1 -4.10 -55.96 -83.79 1.46 -62.40 -79.10
motor2 -0.59 -77.05 -122.75 -0.29 -67.38 -123.05
motor1 -4.39 -55.66 -82.32 1.46 -61.52 -77.64
motor2 -0.59 -77.05 -122.75 -0.59 -67.38 -123.05
motor1 -4.10 -54.79 -81.15 2.05 -60.64 -123.05
motor2 -0.59 -77.05 -122.75 -0.59 -67.38 -123.05
motor1 -4.10 -53.91 -79.10 2.34 -59.18 -73.24
motor2 -0.59 -77.05 -122.75 -0.29 -67.38 -123.05
motor1 -4.39 -53.32 -78.22 2.34 -57.71 -71.48
motor2 -0.59 -77.05 -122.75 -0.29 -67.38 -123.05
motor1 -4.10 -52.44 -76.76 2.64 -67.38 -68.55
motor2 -0.59 -77.05 -122.75 -0.29 -67.38 -123.05
motor1 -4.10 -51.56 -74.71 2.64 -55.37 -66.50
motor2 -0.59 -77.05 -122.75 -0.29 -67.38 -123.05
motor1 -4.10 -51.27 -72.95 2.93 -54.79 -64.75
motor2 -0.59 -77.05 -122.75 -0.59 -67.38 -123.05
motor1 -4.10 -50.68 -71.19 2.93 -53.32 -62.99
motor2 -0.59 -77.05 -122.75 -0.59 -67.38 -123.05
motor1 -4.10 -49.80 -70.02 3.22 -52.15 -61.23
motor2 -0.59 -77.05 -122.75 -0.59 -67.38 -123.05
motor1 -4.10 -49.22 -68.26 3.52 -50.68 -59.18
motor2 -0.59 -77.05 -122.75 -0.29 -67.38 -123.05
motor1 -4.10 -48.05 -66.80 3.81 -49.80 -57.13
motor2 -0.59 -77.05 -122.75 -0.29 -67.38 -123.05
motor1 -4.10 -47.46 -65.04 4.10 -48.34 -55.66
motor2 -0.59 -77.05 -122.75 -0.29 -67.38 -123.05
motor1 -3.52 -46.58 -63.57 4.69 -46.88 -53.61
motor2 -0.59 -77.05 -122.75 -0.29 -67.38 -123.05
motor1 -4.10 -45.70 -61.82 5.27 -46.29 -51.86
motor2 -0.59 -77.05 -122.75 -0.29 -67.38 -123.05
motor1 -4.10 -44.82 -60.64 5.57 -44.82 -50.10
motor2 -0.59 -77.05 -122.75 -0.29 -67.38 -123.05
motor1 -4.10 -43.65 -58.89 6.15 -43.65 -48.63
motor2 -0.59 -77.05 -122.75 -0.29 -67.38 -123.05
motor1 -4.10 -42.77 -57.13 6.74 -42.19 -46.29
motor2 -0.59 -77.05 -122.75 -0.29 -67.38 -123.05
motor1 -4.10 -41.60 -55.37 6.45 -41.02 -44.24
motor2 -0.59 -77.05 -122.75 -0.29 -67.38 -123.05
motor1 -4.10 -41.02 -53.32 7.03 -39.84 -42.48
motor2 -0.59 -77.05 -122.75 -0.29 -67.38 -123.05
motor1 -4.39 -40.14 -51.56 7.62 -38.38 -40.72
motor2 -0.59 -77.05 -122.75 -0.29 -67.38 -123.05
motor1 -3.52 -39.26 -49.80 7.91 -37.21 -38.96
motor2 -0.59 -77.05 -122.75 -0.29 -67.38 -123.05
motor1 -4.10 -38.96 -47.46 7.91 -36.04 -36.62
motor2 -4.10 -77.05 -122.75 -0.29 -67.38 -123.05
motor1 -4.10 -36.91 -44.82 8.79 -33.69 -33.69
motor2 -0.59 -77.05 -122.75 -0.29 -67.38 -123.05
motor1 -4.39 -36.04 -42.77 9.08 -32.23 -31.64
motor2 -0.59 -77.05 -122.75 -0.29 -67.38 -123.05
motor1 -4.10 -35.16 -41.02 9.08 -31.05 -29.59
motor2 -0.59 -77.05 -122.75 -0.29 -67.38 -123.05
motor1 -4.10 -33.69 -39.26 9.67 -29.59 -27.54
motor2 -0.59 -77.05 -122.75 -0.59 -67.38 -123.05
motor1 -4.10 -32.81 -37.21 10.25 -27.83 -25.78
motor2 -0.59 -77.05 -122.75 -0.29 -66.80 -123.05
motor1 -4.10 -31.64 -35.16 10.55 -26.95 -24.02
motor2 -0.88 -77.05 -122.75 -0.29 -67.38 -122.75
motor1 -4.10 -30.18 -33.40 10.55 -25.49 -22.27
motor2 -0.59 -77.05 -122.75 -0.29 -67.38 -123.05
motor1 -4.39 -29.00 -31.64 11.13 -24.32 -20.21
motor2 -0.59 -77.05 -122.75 -0.59 -67.38 -123.05
motor1 -4.10 -28.12 -29.88 11.43 -23.14 -18.75
motor2 -0.59 -77.05 -122.75 -0.29 -67.38 -123.05
motor1 -4.10 -26.66 -28.12 11.43 -21.68 -16.70
motor2 -0.59 -77.05 -122.75 -0.29 -67.38 -123.05
motor1 -4.10 -25.49 -26.66 11.72 -20.51 -15.23
motor2 -0.59 -77.05 -122.75 -0.29 -67.38 -123.05
motor1 -4.10 -24.61 -24.90 12.01 -18.75 -12.89
motor2 -0.59 -77.05 -24.90 -0.29 -67.38 -123.05
motor1 -4.10 -22.27 -22.27 12.01 -16.70 -10.55
motor2 -0.59 -77.05 -122.75 -0.29 -67.38 -123.05
motor1 -4.10 -21.09 -21.09 12.01 -15.53 -9.08
motor2 -0.59 -77.05 -122.75 -0.59 -67.38 -123.05
motor1 -4.39 -19.63 -19.63 12.01 -14.65 -7.62
motor2 -0.59 -77.05 -122.75 -0.29 -67.38 -123.05
motor1 -4.10 -18.75 -18.16 12.01 -14.06 -6.45
motor2 -0.59 -76.76 -122.75 -0.29 -67.38 -123.05
motor1 -4.10 -18.16 -16.99 12.01 -13.48 -6.15
motor2 -0.59 -77.05 -122.75 -0.29 -67.38 -123.05
motor1 -3.52 -17.87 -16.99 11.72 -13.18 -5.86
motor2 -0.59 -77.05 -122.75 -0.29 -67.38 -123.05
motor1 -3.22 -17.29 -16.70 12.01 -13.48 -4.98
motor2 -0.59 -77.05 -122.75 -0.29 -67.38 -4.98
motor1 -3.22 -17.29 -16.70 11.72 -13.48 -4.98
motor2 -0.59 -77.05 -122.75 -0.59 -67.38 -123.05
motor1 -2.93 -17.29 -16.99 11.43 -13.18 -6.15
motor2 -0.59 -77.05 -122.75 -0.29 -67.38 -123.05
motor1 -2.93 -17.29 -16.99 11.43 -13.18 -6.15
motor2 -0.59 -77.05 -122.75 -0.29 -67.38 -123.05
motor1 -2.93 -16.99 -16.99 11.43 -13.18 -6.15
motor2 -0.59 -77.05 -122.75 -0.29 -67.38 -123.05
motor1 -2.93 -16.99 -16.99 11.43 -13.18 -6.15
motor2 -0.59 -77.05 -122.75 -0.29 -67.38 -123.05
motor1 -2.93 -16.99 -16.99 11.43 -13.18 -6.15
motor2 -0.59 -77.05 -122.75 -0.29 -67.38 -123.05
motor1 -2.93 -17.29 -16.99 11.72 -13.48 -6.15
motor2 -0.59 -77.05 -122.75 -0.29 -67.38 -123.05
motor1 -2.93 -16.99 -16.99 11.43 -13.18 -6.45
motor2 -0.59 -77.05 -122.75 -0.29 -67.38 -123.05
motor1 -2.93 -16.99 -16.99 11.43 -13.18 -6.15
motor2 -0.59 -77.05 -122.75 -0.29 -67.38 -123.05
motor1 -2.93 -16.99 -16.99 11.43 -13.18 -6.15
motor2 -0.59 -77.05 -122.75 -0.59 -67.38 -123.05
motor1 -2.64 -16.99 -16.99 11.43 -13.18 -6.15
motor2 -0.59 -77.05 -122.75 -0.59 -67.38 -123.05
motor1 -2.93 -16.99 -16.99 11.43 -13.18 -6.15
motor2 -0.59 -77.05 -122.75 -0.59 -67.68 -123.05
motor1 -2.93 -16.99 -16.99 11.13 -13.18 -6.15
motor2 -0.59 -77.05 -122.75 0.00 -67.38 -123.05
motor1 -2.93 -16.99 -16.99 11.43 -13.18 -6.15
motor2 -0.59 -77.05 -122.75 -0.29 -67.38 -123.05
motor1 -2.93 -16.99 -16.99 11.43 -13.18 -6.15
motor2 -0.59 -77.05 -122.75 -0.59 -67.38 -123.05
motor1 -2.93 -17.29 -16.99 11.13 -13.18 -6.15
motor2 -0.59 -77.05 -122.75 -0.29 -67.38 -123.05
motor1 -2.93 -16.99 -16.99 11.43 -13.18 -6.15
motor2 -0.59 -77.05 -122.75 -0.29 -67.38 -123.05
motor1 -2.93 -16.99 -16.99 11.43 -13.18 -6.15
motor2 -0.59 -77.05 -122.75 -0.59 -67.38 -123.05
motor1 -2.93 -17.29 -16.99 11.72 -13.18 -6.45
motor2 -0.59 -77.05 -122.75 -0.29 -67.38 -123.05
motor1 -2.93 -16.99 -16.99 11.13 -13.48 -6.15
motor2 -0.59 -77.05 -123.34 -0.29 -67.38 -123.05
motor1 -3.22 -16.99 -16.99 11.43 -13.18 -6.15
motor2 -0.59 -77.05 -122.75 -0.29 -67.38 -123.05
motor1 -3.22 -16.99 -16.99 11.43 -13.18 -6.15
motor2 -0.59 -77.05 -122.75 -0.59 -67.38 -123.05
motor1 -2.93 -16.99 -16.99 11.43 -13.18 -6.15
motor2 -0.59 -77.05 -122.75 -0.59 -67.38 -123.05
motor1 -2.93 -77.05 -16.99 11.43 -13.18 -6.15
motor2 -0.88 -77.05 -123.93 -0.88 -67.38 -123.05
motor1 -2.93 -17.29 -16.99 -0.88 -13.18 -6.15
motor2 -0.59 -77.34 -123.93 -2.05 -67.38 -123.05
motor1 -2.64 -16.99 -16.99 11.43 -13.18 -6.15
motor2 -0.59 -78.22 -123.63 -2.34 -67.38 -123.05
motor1 -2.05 -17.29 -16.99 11.43 -13.18 -6.15
motor2 -0.29 -78.22 -122.46 -2.64 -67.38 -123.34
motor1 -2.34 -17.29 -16.99 11.43 -13.18 -6.45
motor2 -0.29 -78.22 -121.87 -2.34 -67.38 -123.63
motor1 -2.34 -17.29 -16.99 11.13 -13.18 -6.15
motor2 -0.29 -78.22 -121.58 -2.34 -67.68 -124.22
motor1 -2.64 -16.99 -16.99 11.43 -13.18 -6.15
motor2 -0.29 -78.22 -121.58 -2.34 -67.68 -124.22
motor1 -2.64 -16.99 -16.99 11.13 -13.18 -6.15
motor2 -0.59 -78.22 -121.29 -2.34 -67.68 -124.22
motor1 -2.64 -16.99 -16.99 11.43 -13.18 -6.15
motor2 -0.59 -77.93 -121.00 -2.05 -67.68 -124.22
motor1 -2.93 -16.99 -16.99 11.13 -13.18 -6.15
motor2 -0.59 -77.93 -120.12 -1.76 -67.68 -124.22
motor1 -2.93 -16.99 -16.99 11.43 -13.18 -6.15
motor2 -0.59 -77.93 -119.24 -1.76 -67.38 -122.75
motor1 -2.64 -16.99 -16.99 11.13 -13.18 -6.15
motor2 -0.88 -77.64 -118.07 -1.76 -67.09 -121.87
motor1 -2.34 -77.64 -16.99 11.43 -13.18 -6.15
motor2 -0.59 -76.46 -116.02 -0.88 -67.09 -120.41
motor1 -2.34 -16.99 -16.99 11.43 -13.18 -6.15
motor2 -0.88 -75.59 -114.55 -0.59 -67.38 -119.53
motor1 -2.05 -16.99 -16.99 11.43 -13.48 -6.15
motor2 -0.88 -75.59 -112.50 -0.59 -67.38 -118.65
motor1 -2.34 -16.99 -16.99 11.43 -13.18 -6.15
motor2 -0.88 -74.71 -110.74 -0.29 -67.09 -116.89
motor1 -2.34 -17.29 -16.70 11.43 -13.18 -6.15
motor2 -0.88 -74.71 -108.98 -0.29 -67.38 -115.43
motor1 -2.34 -16.99 -16.99 11.43 -13.18 -6.15
motor2 -0.88 -74.41 -106.93 -0.29 -67.09 -113.09
motor1 -2.64 -17.29 -16.99 11.43 -13.18 -6.15
motor2 -1.17 -73.83 -104.59 0.00 -66.80 -111.33
motor1 -2.64 -16.99 -16.99 11.13 -14.06 -6.45
motor2 -1.17 -73.24 -102.83 0.59 -66.80 -109.57
motor1 -2.64 -16.99 -16.99 11.43 -13.48 -6.15
motor2 -1.17 -72.36 -100.49 1.17 -66.80 -107.52
motor1 -2.64 -16.99 -16.99 11.43 -13.18 -6.15
motor2 -1.17 -71.48 -98.44 1.17 -66.21 -105.76
motor1 -2.34 -16.99 -16.99 11.43 -13.18 -6.15
motor2 -1.46 -70.90 -96.09 1.46 -65.62 -103.71
motor1 -2.64 -17.29 -16.99 11.43 -13.18 -6.15
motor2 -1.46 -70.31 -93.46 2.34 -65.04 -101.37
motor1 -2.34 -16.99 -16.99 11.43 -13.18 -6.15
motor2 -1.46 -69.43 -91.41 2.93 -64.45 -99.02
motor1 -2.64 -16.99 -16.99 11.43 -13.18 -6.15
motor2 -1.46 -68.26 -89.36 3.22 -64.16 -96.68
motor1 -2.34 -16.99 -16.99 11.13 -13.18 -6.45
motor2 -1.46 -67.38 -87.30 3.52 -63.57 -94.34
motor1 -2.34 -16.99 -16.99 11.43 -13.48 -6.15
motor2 -1.46 -66.21 -84.96 3.81 -62.99 -91.99
motor1 -2.64 -16.99 -16.99 11.43 -13.48 -6.45
motor2 -1.46 -65.33 -82.62 4.10 -62.11 -89.65
motor1 -2.64 -16.99 -16.99 11.43 -13.18 -6.15
motor2 -2.64 -62.99 -79.69 4.69 -60.94 -86.43
motor1 -2.64 -16.99 -16.99 11.43 -13.18 -6.45
motor2 -2.05 -61.52 -76.17 5.57 -59.47 -82.91
motor1 -2.93 -17.29 -16.99 11.13 -13.18 -6.15
motor2 -2.05 -59.77 -74.12 5.86 -58.59 -81.15
motor1 -2.93 -16.99 -16.99 11.13 -13.18 -6.15
motor2 -2.34 -58.59 -71.78 6.15 -57.42 -78.52
motor1 -2.93 -17.29 -16.99 11.43 -13.18 -6.45
motor2 -2.34 -57.13 -69.43 6.45 -56.25 -76.76
motor1 -2.93 -16.99 -16.99 11.13 -13.18 -6.15
motor2 -2.34 -55.96 -67.68 7.32 -54.79 -74.41
motor1 -2.93 -16.99 -16.99 11.43 -13.18 -6.15
motor2 -2.64 -54.20 -65.62 7.62 -53.61 -71.78
motor1 -3.22 -16.99 -16.99 11.43 -13.18 -6.15
motor2 -2.93 -53.03 -63.28 7.91 -51.86 -69.73
motor1 -3.22 -17.29 -16.99 11.43 -13.48 -6.15
motor2 -3.52 -50.98 -60.94 8.20 -50.10 -67.38
motor1 -3.22 -17.29 -16.99 11.43 -13.48 -6.15
motor2 -3.81 -49.51 -58.89 8.50 -48.34 -65.04
motor1 -2.93 -16.99 -16.99 11.43 -13.18 -6.15
motor2 -2.93 -46.88 -55.37 9.38 -46.00 -61.82
motor1 -3.22 -16.99 -16.99 11.43 -13.48 -6.45
motor2 -4.98 -45.12 -53.03 9.67 -44.53 -59.77
motor1 -3.22 -16.99 -16.99 11.43 -13.48 -6.15
motor2 -5.27 -43.07 -50.68 10.25 -43.07 -57.42
motor1 -3.52 -16.99 -16.99 11.43 -13.18 -6.45
motor2 -5.57 -41.02 -48.63 10.25 -41.02 -55.08
motor1 -3.52 -16.99 -16.99 11.43 -13.48 -6.15
motor2 -5.86 -39.55 -46.29 10.55 -39.26 -53.03
motor1 -3.52 -16.99 -16.99 11.43 -13.48 -6.15
motor2 -6.15 -37.79 -43.36 11.13 -37.79 -51.27
motor1 -3.52 -16.99 -16.99 11.43 -13.48 -6.15
motor2 -6.45 -36.62 -41.89 11.43 -36.04 -48.93
motor1 -3.52 -16.99 -16.99 11.72 -13.48 -6.15
motor2 -6.74 -34.86 -39.84 12.01 -34.28 -46.88
motor1 -3.52 -16.99 -16.99 11.43 -13.48 -6.15
motor2 -7.03 -33.11 -37.50 12.30 -32.81 -43.95
motor1 -3.52 -16.99 -16.99 11.43 -13.18 -6.15
motor2 -7.32 -31.64 -35.45 12.30 -31.64 -42.19
motor1 -3.52 -16.99 -16.99 11.43 -13.18 -6.15
motor2 -7.91 -30.18 -33.98 12.30 -29.59 -40.43
motor1 -3.22 -16.99 -16.99 11.72 -13.48 -6.15
motor2 -7.91 -28.71 -31.93 12.01 -28.71 -38.38
motor1 -3.52 -16.99 -16.99 11.43 -13.48 -6.15
motor2 -7.91 -27.25 -29.88 12.30 -27.25 -36.33
motor1 -4.10 -16.99 -16.99 11.43 -13.48 -6.15
motor2 -8.20 -26.07 -28.42 12.30 -26.37 -34.28
motor1 -3.22 -16.99 -16.99 11.43 -13.18 -6.15
motor2 -8.79 -25.20 -26.37 12.60 -13.18 -31.64
motor1 -3.22 -16.99 -16.99 11.43 -13.48 -6.15
motor2 -8.79 -22.85 -24.02 12.89 -23.14 -29.59
motor1 -3.22 -16.99 -16.99 11.43 -13.18 -6.15
motor2 -9.08 -21.68 -22.56 12.60 -21.97 -27.83
motor1 -3.52 -16.99 -16.99 11.72 -13.48 -6.15
motor2 -9.08 -20.21 -20.51 13.18 -21.09 -26.37
motor1 -4.10 -17.29 -16.99 11.43 -13.18 -5.86
motor2 -9.38 -19.04 -18.75 13.18 -19.63 -24.61
motor1 -3.52 -16.99 -16.99 11.43 -13.18 -6.15
motor2 -9.67 -17.58 -16.70 13.48 -18.75 -22.56
motor1 -3.22 -16.99 -16.99 11.43 -13.18 -6.15
motor2 -9.96 -16.41 -14.65 13.77 -17.29 -20.51
motor1 -3.52 -16.99 -16.99 11.43 -13.18 -6.15
motor2 -9.96 -15.23 -12.60 13.48 -16.41 -18.75
motor1 -3.52 -16.99 -16.99 11.13 -13.48 -6.15
motor2 -9.96 -14.36 -10.55 13.77 -15.23 -16.99
motor1 -3.52 -17.29 -16.99 11.43 -13.18 -6.15
motor2 -9.96 -13.48 -16.99 13.48 -14.06 -15.23
motor1 -3.52 -16.99 -16.99 11.43 -13.48 -6.15
motor2 -9.96 -12.30 -16.99 13.48 -13.48 -14.36
motor1 -3.22 -16.99 -16.99 11.43 -13.48 -6.15
motor2 -10.25 -11.43 -16.99 13.48 -13.77 -14.06
motor1 -3.52 -16.99 -16.99 11.13 -13.48 -6.15
motor2 -10.25 -11.43 -3.81 13.48 -13.48 -14.36
motor1 -3.52 -11.43 -16.99 11.43 -13.48 -6.15
motor2 -9.96 -11.13 -2.93 13.18 -13.77 -14.65
motor1 -3.52 -16.99 -16.99 11.43 -13.18 -6.15
motor2 -9.96 -11.13 -2.93 13.48 -13.48 -14.94
motor1 -3.52 -16.99 -16.99 11.43 -13.48 -6.15
motor2 -9.96 -10.84 -2.93 13.18 -13.48 -14.65
motor1 -3.52 -16.99 -16.99 11.13 -13.48 -6.15
motor2 -9.96 -10.55 -2.93 13.18 -13.48 -14.65
motor1 -3.52 -16.99 -16.99 11.43 -13.18 -6.15
motor2 -9.96 -10.55 -3.22 13.18 -13.77 -15.23
motor1 -3.22 -16.99 -16.99 11.43 -13.18 -6.15
motor2 -9.96 -10.55 -3.52 13.18 -14.06 -14.65
motor1 -2.93 -16.99 -16.99 11.13 -12.89 -6.45
motor2 -9.96 -10.55 -3.22 13.18 -14.65 -14.94
motor1 -2.64 -16.99 -16.99 11.43 -13.18 -6.45
motor2 -10.25 -10.55 -3.81 13.18 -14.06 -14.94
motor1 -2.34 -16.99 -16.99 11.43 -13.18 -6.15
motor2 -10.25 -10.55 -4.10 13.18 -14.06 -14.94
motor1 -2.05 -16.99 -16.99 11.43 -13.18 -6.15
motor2 -9.96 -10.25 -4.10 13.18 -13.77 -14.65
motor1 -2.05 -16.99 -16.99 11.43 -13.18 -6.15
motor2 -9.96 -10.25 -4.10 13.48 -13.77 -14.94
motor1 -2.05 -16.99 -16.99 13.48 -13.18 -6.15
motor2 -9.96 -10.25 -4.10 13.48 -13.77 -14.65
motor1 -2.05 -16.99 -16.99 11.43 -13.18 -6.45
motor2 -9.96 -10.55 -4.10 13.48 -14.06 -14.65
motor1 -2.05 -16.99 -16.99 11.43 -13.18 -6.15
motor2 -9.96 -10.55 -4.10 13.18 -14.06 -14.65
motor1 -1.76 -16.99 -16.99 11.43 -12.89 -6.15
motor2 -9.96 -10.55 -4.10 13.48 -13.77 -14.94
motor1 -2.05 -16.99 -16.99 11.13 -13.18 -6.15
motor2 -9.96 -10.25 -4.10 13.48 -14.06 -14.94
motor1 -2.34 -16.99 -16.99 11.43 -13.18 -6.15
motor2 -9.96 -10.25 -4.10 13.48 -13.77 -14.65
motor1 -2.05 -17.29 -16.99 11.43 -13.18 -6.15
motor2 -9.96 -10.55 -4.10 13.18 -13.77 -14.94
motor1 -2.05 -16.99 -16.99 11.43 -13.18 -6.45
motor2 -9.96 -10.25 -4.10 13.18 -13.77 -14.65
motor1 -2.05 -16.99 -16.99 11.43 -13.18 -6.15
motor2 -9.96 -10.55 -4.10 13.18 -13.77 -14.94
motor1 -2.05 -16.99 -16.99 11.43 -13.18 -6.15
motor2 -9.96 -10.25 -4.10 13.48 -14.06 -14.94
motor1 -2.05 -17.29 -16.99 11.43 -12.89 -6.15
motor2 -9.96 -10.55 -4.10 13.18 -13.77 -14.94
motor1 -2.05 -17.29 -16.99 11.43 -13.18 -6.15
motor2 -9.96 -10.55 -4.10 12.89 -13.77 -14.65
motor1 -2.05 -10.55 -16.99 11.43 -13.18 -6.15
motor2 -9.96 -10.55 -4.10 13.18 -13.77 -14.65
motor1 -2.05 -16.99 -16.99 11.43 -13.18 -6.15
motor2 -9.96 -10.55 -4.39 13.48 -14.06 -14.94
motor1 -2.05 -16.99 -16.99 11.13 -13.18 -6.45
motor2 -10.25 -10.55 -4.10 13.48 -13.77 -14.65
motor1 -2.05 -16.99 -16.99 11.43 -13.18 -6.15
motor2 -10.25 -10.55 -4.10 13.18 -13.77 -14.94
motor1 -2.05 -16.99 -16.99 11.43 -13.18 -6.45
motor2 -10.25 -10.55 -4.10 13.48 -13.77 -14.94
motor1 -2.05 -16.99 -16.99 11.43 -13.18 -6.15
motor2 -10.25 -10.55 -4.10 12.89 -13.77 -14.65
motor1 -2.05 -16.99 -16.99 11.43 -13.18 -6.15
motor2 -9.96 -10.55 -4.10 11.43 -13.77 -6.15
motor1 -2.05 -16.99 -16.99 11.43 -13.18 -6.45
motor2 -9.96 -10.55 -4.10 13.48 -13.77 -14.65
motor1 -2.05 -16.99 -16.99 11.13 -13.18 -6.15
motor2 -9.96 -10.84 -4.10 13.18 -13.77 -14.65
motor1 -2.05 -16.99 -16.99 11.43 -13.18 -6.15
motor2 -9.96 -10.55 -4.10 13.18 -13.77 -14.94
motor1 -2.05 -16.99 -16.99 11.43 -13.18 -6.15
motor2 -9.96 -10.55 -4.10 13.18 -13.77 -14.94
motor1 -2.05 -17.29 -16.99 11.43 -13.18 -6.45
motor2 -9.96 -10.55 -4.69 13.18 -13.77 -14.94
motor1 -2.05 -16.99 -16.99 11.43 -13.18 -6.15
motor2 -9.96 -10.55 -4.98 13.18 -13.77 -14.94
motor1 -2.05 -16.99 -16.99 11.43 -13.18 -6.15
motor2 -10.25 -10.55 -5.57 13.48 -13.77 -14.94
motor1 -1.46 -17.87 -16.99 11.43 -13.18 -6.15
motor2 -10.84 -11.13 -5.57 13.18 -13.77 -14.94
motor1 -1.17 -19.04 -16.99 11.43 -13.18 -6.15
motor2 -10.84 -11.43 -5.57 13.18 -13.77 -14.94
motor1 -1.46 -19.34 -16.99 11.43 -13.18 -6.15
motor2 -11.13 -12.30 -6.15 13.48 -13.77 -14.94
motor1 -1.46 -19.92 -16.99 11.43 -13.18 -6.15
motor2 -11.13 -13.18 -6.74 13.18 -13.77 -14.94
motor1 -1.76 -20.80 -16.99 11.13 -13.18 -6.15
motor2 -11.13 -13.77 -6.74 13.48 -13.77 -14.65
motor1 -1.76 -21.39 -16.99 11.43 -12.89 -6.15
motor2 -11.13 -14.36 -7.32 13.18 -13.77 -14.94
motor1 -1.76 -21.97 -18.16 11.43 -13.18 -6.15
motor2 -11.43 -15.23 -7.91 13.48 -13.77 -14.94
motor1 -1.17 -22.56 -19.04 11.43 -13.18 -6.15
motor2 -12.01 -15.82 -8.20 13.48 -13.77 -14.94
motor1 -1.46 -23.14 -19.34 11.13 -13.18 -6.45
motor2 -12.01 -16.11 -8.79 12.89 -13.77 -14.65
motor1 -0.88 -23.44 -19.92 11.13 -13.18 -6.15
motor2 -12.01 -16.99 -9.38 12.60 -13.77 -14.94
motor1 -0.59 -24.32 -21.09 11.43 -13.18 -6.15
motor2 -12.30 -17.87 -10.25 12.30 -13.77 -14.65
motor1 -0.59 -24.90 -21.97 11.13 -13.18 -6.15
motor2 -12.60 -19.04 -11.13 12.01 -14.06 -14.65
motor1 -0.59 -25.49 -23.44 11.13 -13.18 -6.15
motor2 -12.89 -20.21 -12.30 12.01 -13.77 -14.65
motor1 -0.59 -25.78 -24.32 11.43 -13.18 -6.45
motor2 -12.89 -21.09 -13.48 12.01 -13.77 -14.65
motor1 -0.59 -26.66 -25.49 11.43 -12.89 -6.45
motor2 -12.89 -22.27 -14.65 12.01 -13.77 -14.65
motor1 -0.59 -27.54 -26.66 11.43 -13.18 -6.15
motor2 -13.18 -23.73 -16.41 12.01 -13.77 -14.94
motor1 -0.29 -28.42 -28.12 11.13 -13.18 -6.15
motor2 -13.77 -24.90 -17.87 11.43 -13.77 -14.94
motor1 -0.59 -29.30 -29.59 11.13 -13.18 -6.45
motor2 -13.77 -26.37 -19.34 12.01 -13.77 -14.94
motor1 -0.29 -29.88 -30.47 11.43 -13.18 -6.45
motor2 -14.06 -27.25 -20.80 12.01 -14.06 -14.94
motor1 -0.59 -31.35 -32.52 11.13 -13.18 -6.15
motor2 -14.06 -29.00 -22.56 12.01 -13.77 -14.94
motor1 -0.29 -31.93 -33.98 11.43 -13.18 -6.15
motor2 -14.36 -30.47 -24.02 12.01 -13.77 -14.94
motor1 -0.59 -32.81 -35.45 11.43 -13.18 -6.45
motor2 -14.36 -31.93 -25.78 12.01 -13.77 -14.94
motor1 -0.29 -34.28 -37.21 11.13 -13.18 -6.15
motor2 -14.36 -33.98 -27.25 12.01 -13.77 -14.94
motor1 -0.29 -35.45 -39.26 11.13 -13.18 -6.45
motor2 -14.65 -35.16 -29.30 12.01 -14.06 -14.94
motor1 -0.29 -36.62 -41.02 11.43 -13.18 -6.15
motor2 -14.94 -36.91 -30.47 12.01 -13.77 -14.65
motor1 -0.59 -37.50 -42.48 11.13 -13.18 -6.15
motor2 -14.94 -38.38 -32.81 12.01 -13.77 -14.94
motor1 -0.29 -38.96 -44.82 11.43 -13.18 -6.15
motor2 -15.53 -40.14 -34.86 12.01 -13.77 -14.36
motor1 0.00 -40.14 -46.58 11.43 -13.18 -6.45
motor2 -16.11 -41.89 -37.21 12.01 -13.77 -14.65
motor1 0.29 -41.02 -48.63 11.43 -13.18 -6.15
motor2 -16.99 -43.36 -38.96 12.30 -13.77 -14.65
motor1 0.59 -42.19 -50.10 11.43 -13.18 -6.15
motor2 -17.87 -45.12 -40.43 12.01 -13.77 -14.94
motor1 1.17 -43.36 -51.86 11.43 -13.18 -6.15
motor2 -18.46 -46.29 -42.48 12.01 -13.77 -14.65
motor1 1.46 -44.24 -53.32 11.43 -13.18 -6.15
motor2 -19.63 -47.75 -53.32 12.01 -13.77 -14.94
motor1 2.93 -46.29 -55.66 11.43 -13.18 -6.45
motor2 -21.09 -49.80 -47.75 12.01 -14.06 -14.94
motor1 3.22 -47.46 -56.54 11.43 -13.18 -6.45
motor2 -22.27 -50.98 -49.51 12.01 -14.06 -14.94
motor1 3.81 -48.34 -56.84 11.43 -13.18 -6.15
motor2 -23.44 -51.56 -51.27 12.01 -13.77 -14.65
motor1 4.69 -49.80 -58.01 11.13 -13.18 -6.45
motor2 -24.61 -52.73 -53.32 12.01 -13.77 -14.65
motor1 6.15 -50.98 -58.59 11.43 -13.18 -6.15
motor2 -26.07 -53.61 -55.37 12.01 -14.06 -14.94
motor1 7.03 -52.15 -59.18 11.43 -13.18 -6.15
motor2 -27.54 -54.20 -56.54 11.43 -13.77 -14.94
motor1 7.91 -53.32 -59.77 11.43 -13.18 -6.15
motor2 -29.30 -54.49 -58.30 12.01 -13.77 -14.65
motor1 8.50 -54.49 -60.94 11.43 -13.18 -6.15
motor2 -30.76 -55.66 -60.35 12.30 -13.77 -14.65
motor1 9.08 -54.79 -61.52 11.13 -13.18 -6.15
motor2 -32.81 -56.54 -61.52 11.43 -13.77 -14.94
motor1 9.67 -55.96 -62.11 11.13 -13.18 -6.15
motor2 -34.28 -57.13 -62.40 12.01 -13.77 -14.94
motor1 10.84 -56.84 -62.70 11.13 -13.18 -6.15
motor2 -36.04 -58.30 -64.16 12.01 -13.77 -14.65
motor1 11.43 -57.71 -63.57 11.43 -13.18 -6.45
motor2 -37.79 -59.18 -65.62 11.43 -13.77 -14.94
motor1 12.60 -58.01 -64.16 11.43 -13.18 -6.15
motor2 -39.55 -59.47 -66.21 12.01 -13.77 -14.65
motor1 13.48 -58.59 -64.75 11.43 -13.18 -14.65
motor2 -41.89 -60.94 -67.38 12.01 -14.06 -14.65
motor1 15.23 -59.18 -66.21 11.43 -13.18 -6.45
motor2 -43.95 -61.52 -68.26 12.01 -13.77 -14.94
motor1 16.11 -59.47 -66.50 11.43 -13.18 -6.45
motor2 -45.70 -62.11 -68.85 12.01 -13.77 -14.94
motor1 16.99 -60.35 -67.38 11.43 -13.18 -6.15
motor2 -47.75 -62.70 -69.43 12.01 -13.77 -14.94
motor1 18.46 -60.64 -67.97 11.43 -13.18 -6.45
motor2 -49.51 -63.87 -69.73 12.01 -13.77 -14.65
motor1 19.63 -60.64 -69.14 11.13 -13.18 -6.15
motor2 -51.27 -64.45 -70.31 12.01 -13.77 -14.94
motor1 20.80 -60.64 -69.73 11.43 -12.89 -6.15
motor2 -53.32 -65.04 -70.90 12.01 -14.06 -14.94
motor1 22.56 -60.94 -70.31 11.13 -13.18 -6.15
motor2 -54.79 -65.33 -71.19 12.01 -14.06 -14.94
motor1 23.44 -60.94 -70.90 11.43 -13.18 -6.45
motor2 -56.84 -65.92 -71.48 12.01 -13.77 -14.94
motor1 25.49 -60.94 -72.07 11.43 -12.89 -6.15
motor2 -58.30 -66.21 -71.78 12.01 -13.77 -14.65
motor1 26.95 -60.94 -72.95 11.13 -13.18 -6.15
motor2 -60.35 -66.80 -72.07 11.43 -13.77 -14.65
motor1 28.42 -60.94 -73.24 11.13 -13.18 -6.15
motor2 -61.52 -67.09 -72.07 12.01 -13.77 -14.94
motor1 29.59 -60.94 -74.12 11.43 -13.18 -6.15
motor2 -62.70 -67.38 -72.07 12.01 -13.77 -14.94
motor1 30.47 -60.94 -74.71 11.13 -13.18 -6.15
motor2 -63.57 -67.38 -72.36 12.30 -13.77 -14.65
motor1 31.93 -60.94 -75.00 11.13 -13.18 -6.15
motor2 -64.75 -67.38 -72.36 12.01 -13.77 -14.94
motor1 33.11 -60.94 -75.59 11.43 -13.18 -6.15
motor2 -65.04 -67.38 -72.36 12.01 -13.77 -14.94
motor1 33.69 -60.94 -75.59 11.13 -13.18 -6.45
motor2 -65.33 -67.38 -72.36 12.01 -13.77 -14.94
motor1 34.57 -60.94 -75.59 11.13 -13.18 -6.15
motor2 -65.92 -67.38 -72.36 12.01 -14.06 -14.94
motor1 34.86 -60.94 -75.59 11.13 -13.18 -6.15
motor2 -66.21 -67.38 -72.36 12.01 -13.77 -14.65
motor1 35.74 -60.94 -75.59 11.13 -13.18 -6.45
motor2 -66.21 -67.09 -72.36 12.01 -13.77 -14.65
motor1 36.04 -60.94 -75.59 11.13 -13.18 -6.15
motor2 -66.21 -67.09 -72.36 12.01 -13.77 -14.94
motor1 36.33 -60.94 -75.59 11.13 -13.18 -6.15
motor2 -66.21 -67.09 -72.07 12.01 -13.77 -14.65
motor1 36.62 -60.94 -75.59 11.13 -13.18 -6.15
motor2 -66.21 -67.09 -72.36 12.01 -13.77 -14.94
motor1 36.33 -60.94 -75.59 11.43 -13.18 -6.15
motor2 -65.92 -67.09 -72.07 11.43 -14.06 -14.65
motor1 36.62 -60.94 -75.29 11.43 -13.18 -6.15
motor2 -65.33 -66.80 -72.07 12.01 -13.77 -14.94
motor1 36.04 -60.64 -75.59 11.43 -13.18 -6.15
motor2 -65.04 -65.92 -72.07 12.01 -14.06 -6.15
motor1 34.57 -60.06 -75.29 11.43 -13.18 -6.15
motor2 -64.45 -65.62 -71.78 11.43 -13.77 -14.65
motor1 33.98 -59.18 -75.29 11.43 -13.18 -6.15
motor2 -64.45 -65.62 -72.07 12.01 -13.77 -14.94
motor1 33.98 -58.89 -75.59 11.43 -13.18 -6.15
motor2 -64.45 -65.62 -72.07 12.01 -13.77 -14.94
motor1 33.98 -58.89 -75.59 11.13 -13.18 -6.45
motor2 -64.45 -65.62 -72.07 12.01 -13.77 -14.94
motor1 34.28 -58.89 -75.59 11.13 -13.18 -6.15
motor2 -64.45 -65.62 -72.07 12.01 -13.77 -6.15
motor1 34.28 -58.89 -75.29 11.13 -13.18 -6.15
motor2 -64.45 -65.62 -72.07 12.01 -13.77 -14.94
motor1 34.57 -65.62 -75.59 11.13 -13.18 -6.45
motor2 -64.45 -65.62 -72.07 12.01 -14.06 -14.65
motor1 34.28 -58.89 -75.59 11.43 -13.18 -6.15
motor2 -64.45 -65.62 -72.07 11.43 -13.77 -14.94
motor1 34.28 -58.89 -75.29 11.13 -13.18 -6.15
motor2 -64.45 -65.62 -72.07 12.01 -13.77 -14.65
motor1 34.28 -58.89 -75.59 11.43 -13.18 -6.74
motor2 -64.45 -65.62 -72.07 12.01 -13.77 -14.65
motor1 34.57 -58.89 -75.59 11.43 -13.18 -6.15
motor2 -64.45 -65.62 -72.07 12.01 -13.77 -14.94
motor1 34.57 -58.89 -75.29 11.43 -13.18 -6.15
motor2 -64.45 -65.62 -71.78 12.01 -13.77 -14.65
motor1 34.28 -58.89 -75.59 11.43 -13.18 -6.15
motor2 -64.45 -65.62 -71.78 12.01 -13.77 -14.65
motor1 34.28 -58.89 -75.59 11.13 -13.18 -6.15
motor2 -64.45 -65.62 -72.07 12.01 -13.77 -14.94
motor1 34.28 -58.89 -75.59 11.43 -13.18 -6.15
motor2 -64.45 -65.62 -71.78 11.43 -13.77 -14.94
motor1 34.28 -58.89 -75.59 11.43 -13.18 -6.45
motor2 -64.45 -65.62 -72.07 12.01 -14.06 -14.65
motor1 34.28 -58.59 -75.59 11.43 -13.18 -6.45
motor2 -64.45 -65.62 -72.07 12.01 -13.77 -14.94
motor1 34.28 -58.89 -75.59 11.13 -13.18 -6.45
motor2 -64.45 -65.62 -72.07 12.01 -13.77 -14.65
motor1 34.28 -58.89 -75.59 11.43 -13.18 -6.15
motor2 -64.45 -65.62 -72.07 12.01 -13.77 -14.94
motor1 34.57 -58.89 -75.59 11.43 -13.18 -6.45
motor2 -64.45 -65.62 -71.78 11.43 -13.77 -14.65
motor1 34.28 -58.89 -75.29 11.13 -13.18 -6.15
motor2 -64.45 -65.62 -71.78 12.30 -13.77 -14.94
motor1 34.57 -58.89 -75.59 11.43 -13.18 -6.45
motor2 -64.45 -65.62 -72.07 11.13 -14.06 -14.94
motor1 34.28 -58.89 -75.59 11.43 -13.18 -6.15
motor2 -64.45 -65.62 -72.07 12.01 -13.77 -14.94
motor1 34.28 -58.89 -75.59 11.43 -13.18 -6.15
motor2 -64.45 -65.62 -72.07 12.01 -13.77 -14.94
motor1 34.57 -58.89 -75.59 11.43 -13.18 -6.15
motor2 -64.45 -65.62 -72.07 12.01 -13.77 -14.65
motor1 34.28 -58.89 -75.59 11.13 -13.18 -6.15
motor2 -64.45 -65.62 -72.07 12.01 -14.06 -14.65
motor1 34.57 -58.89 -75.59 12.01 -12.89 -6.45
motor2 -64.45 -65.62 -72.07 12.01 -13.77 -14.94
motor1 33.98 -58.89 -75.59 11.43 -12.89 -6.45
motor2 -64.45 -65.62 -72.07 11.43 -14.06 -14.65
motor1 34.28 -58.89 -75.29 11.13 -12.60 -6.45
motor2 -64.45 -65.62 -72.07 12.01 -13.77 -14.94
motor1 34.57 -58.89 -75.59 11.13 -12.60 -6.45
motor2 -64.45 -65.62 -72.07 11.43 -13.77 -14.94
motor1 34.28 -58.89 -75.59 11.13 -12.30 -6.45
motor2 -64.45 -65.33 -72.07 11.43 -13.77 -14.94
motor1 34.28 -58.89 -75.59 11.43 -12.01 -6.45
motor2 -64.45 -65.33 -72.07 11.43 -13.77 -14.94
motor1 34.28 -58.89 -75.59 10.84 -12.01 -6.45
motor2 -64.45 -65.62 -72.07 12.01 -13.77 -14.94
motor1 34.28 -58.89 -75.29 10.25 -12.01 -6.45
motor2 -64.45 -65.62 -72.07 12.01 -13.77 -15.53
motor1 34.57 -58.59 -75.59 9.38 -12.01 -6.45
motor2 -64.45 -65.62 -72.07 11.43 -13.18 -15.82
motor1 34.86 -58.89 -75.59 8.79 -12.01 -6.15
motor2 -64.45 -65.62 -71.78 12.01 -13.48 -15.82
motor1 35.16 -58.89 -75.59 9.08 -12.01 -6.45
motor2 -64.45 -65.62 -72.07 12.01 -13.48 -15.82
motor1 35.74 -58.89 -75.59 9.67 -12.01 -6.45
motor2 -64.16 -65.62 -72.07 12.89 -13.48 -16.70
motor1 35.74 -58.89 -75.59 9.38 -12.89 -6.45
motor2 -64.45 -65.62 -71.78 13.48 -13.48 -16.99
motor1 35.16 -58.89 -75.59 9.38 -14.06 -7.03
motor2 -64.45 -65.62 -72.07 14.06 -14.06 -17.58
motor1 35.74 -58.89 -75.29 9.67 -14.36 -7.03
motor2 -64.16 -65.62 -72.07 14.36 -14.65 -18.46
motor1 35.74 -58.89 -75.59 9.38 -14.94 -7.62
motor2 -64.16 -65.62 -71.78 14.94 -15.53 -19.34
motor1 35.16 -58.89 -75.59 9.38 -14.94 -8.20
motor2 -64.45 -65.62 -72.07 15.53 -16.11 -20.51
motor1 34.86 -58.89 -75.59 9.38 -14.94 -9.08
motor2 -64.16 -65.62 -72.07 16.70 -16.70 -21.68
motor1 34.86 -58.89 -75.29 9.08 -15.23 -9.96
motor2 -64.16 -65.62 -71.78 16.99 -16.70 -22.85
motor1 35.74 -58.89 -75.29 9.08 -15.53 -10.84
motor2 -64.16 -65.62 -72.07 17.58 -16.99 -24.61
motor1 35.74 -58.89 -75.59 9.08 -15.82 -12.60
motor2 -64.45 -65.62 -72.07 18.46 -17.29 -26.37
motor1 34.86 -58.89 -75.29 8.50 -16.41 -13.77
motor2 -64.16 -65.62 -72.07 19.63 -17.29 -28.12
motor1 35.16 -58.89 -75.59 8.20 -16.70 -15.53
motor2 -64.45 -65.62 -71.78 20.51 -17.29 -30.18
motor1 35.16 -58.89 -75.59 7.62 -16.99 -16.99
motor2 -64.16 -65.62 -72.07 21.97 -17.29 -32.23
motor1 35.16 -58.89 -75.29 7.32 -17.58 -18.75
motor2 -64.45 -65.62 -72.07 22.56 -17.29 -18.75
motor1 35.16 -58.89 -75.59 7.03 -18.46 -21.68
motor2 -64.16 -65.62 -72.07 23.73 -17.29 -37.79
motor1 35.16 -58.89 -75.59 6.74 -19.04 -23.14
motor2 -64.16 -65.62 -72.07 24.90 -17.58 -39.26
motor1 35.74 -58.89 -75.59 6.15 -20.21 -25.20
motor2 -64.16 -65.33 -72.07 26.07 -17.58 -41.60
motor1 35.16 -58.89 -75.59 6.15 -20.80 -26.95
motor2 -64.16 -65.62 -71.78 26.95 -17.58 -43.36
motor1 36.04 -58.89 -75.59 6.15 -21.68 -28.42
motor2 -64.16 -65.33 -72.07 27.83 -17.58 -45.41
motor1 35.74 -58.89 -75.59 6.15 -23.14 -30.18
motor2 -64.16 -65.33 -72.07 29.00 -17.87 -46.88
motor1 36.04 -58.89 -75.59 6.15 -24.02 -31.93
motor2 -64.16 -65.62 -75.59 30.47 -18.75 -50.10
motor1 35.74 -58.89 -75.29 5.57 -25.49 -35.45
motor2 -64.16 -65.62 -72.07 31.05 -19.04 -52.15
motor1 36.33 -58.59 -75.29 6.15 -26.66 -37.21
motor2 -64.16 -65.62 -75.29 32.23 -19.92 -55.66
motor1 36.04 -58.59 -75.29 6.15 -28.42 -41.02
motor2 -64.16 -65.62 -72.07 33.40 -20.80 -57.42
motor1 35.16 -58.89 -75.29 6.15 -29.59 -42.48
motor2 -64.16 -65.62 -75.29 33.98 -21.39 -60.35
motor1 36.04 -58.89 -75.59 6.45 -31.35 -60.35
motor2 -64.16 -65.33 -72.07 35.74 -22.27 -63.28
motor1 35.74 -58.89 -75.59 6.45 -33.98 -48.93
motor2 -64.16 -65.33 -72.07 36.33 -22.85 -65.33
motor1 35.74 -58.89 -72.07 6.74 -36.62 -51.86
motor2 -64.16 -65.62 -72.07 37.50 -23.73 -68.26
motor1 35.74 -58.89 -75.59 6.74 -38.38 -53.61
motor2 -64.16 -65.62 -71.78 37.79 -24.02 -70.02
motor1 36.04 -58.59 -75.29 6.45 -40.43 -55.66
motor2 -64.16 -65.62 -72.07 39.26 -24.90 -71.78
motor1 35.74 -58.89 -75.59 6.45 -42.19 -57.13
motor2 -64.16 -65.33 -72.07 39.84 -25.49 -73.83
motor1 35.74 -58.89 -75.59 6.45 -43.95 -58.59
motor2 -64.16 -65.62 -72.07 41.31 -26.66 -75.29
motor1 36.04 -58.89 -75.59 6.74 -46.00 -60.35
motor2 -64.16 -65.62 -72.07 6.74 -27.83 -77.93
motor1 36.04 -58.89 -75.59 6.74 -48.34 -62.99
motor2 -64.16 -65.62 -72.07 44.53 -28.12 -79.39
motor1 35.74 -58.59 -75.29 6.45 -50.39 -64.45
motor2 -64.16 -65.62 -72.07 45.70 -29.59 -81.15
motor1 36.04 -58.89 -75.59 6.74 -51.86 -66.21
motor2 -64.16 -65.62 -72.07 47.17 -30.47 -82.32
motor1 36.04 -58.89 -75.29 6.74 -53.32 -68.26
motor2 -64.16 -65.62 -71.78 6.74 -31.93 -84.08
motor1 36.04 -58.89 -75.59 6.45 -56.25 -70.90
motor2 -64.16 -65.62 -72.07 50.98 -32.81 -85.55
motor1 36.04 -58.59 -75.29 6.45 -57.42 -72.36
motor2 -64.16 -65.62 -72.07 53.03 -33.69 -86.43
motor1 36.04 -58.59 -75.59 6.45 -58.89 -74.12
motor2 -64.16 -65.62 -71.78 54.49 -34.28 -86.72
motor1 36.04 -58.59 -75.59 6.15 -59.77 -75.29
motor2 -64.16 -65.33 -72.07 55.96 -35.45 -87.60
motor1 35.74 -58.89 -72.07 5.57 -61.23 -77.64
motor2 -64.16 -65.62 -72.07 58.89 -36.91 -87.89
motor1 35.74 -58.89 -75.59 5.57 -62.40 -78.81
motor2 -64.16 -65.62 -72.07 60.94 -38.38 -87.89
motor1 35.74 -58.89 -75.29 5.57 -62.99 -79.98
motor2 -64.16 -65.62 -72.07 62.99 -39.26 -87.89
motor1 36.04 -58.89 -75.59 5.57 -64.16 -81.15
motor2 -64.16 -65.62 -72.07 65.04 -40.43 -87.89
motor1 35.74 -58.89 -75.59 5.27 -65.04 -82.32
motor2 -64.16 -65.62 -72.07 66.80 -41.31 -88.18
motor1 35.74 -58.59 -75.59 4.69 -65.92 -83.20
motor2 -64.16 -65.62 -72.07 68.55 -42.19 -88.77
motor1 35.74 -58.89 -75.59 4.39 -66.50 -84.37
motor2 -64.16 -65.62 -72.07 70.90 -43.07 -89.36
motor1 35.74 -58.89 -75.29 3.81 -67.68 -85.55
motor2 -64.16 -65.62 -72.07 72.07 -43.65 -89.36
motor1 36.04 -58.89 -75.29 3.52 -67.97 -86.72
motor2 -64.16 -65.62 -72.07 74.41 -44.53 -89.94
motor1 36.04 -58.89 -75.59 3.52 -68.55 -87.89
motor2 -64.16 -65.62 -72.07 76.76 -45.12 -89.94
motor1 36.04 -65.62 -75.29 2.64 -69.14 -89.65
motor2 -64.16 -65.62 -72.07 80.86 -45.70 -89.65
motor1 35.74 -65.62 -75.29 2.34 -69.73 -92.29
motor2 -64.16 -65.62 -72.07 86.43 -46.88 -91.70
motor1 36.04 -58.89 -75.29 2.34 -69.73 -92.87
motor2 -64.16 -65.62 -72.07 89.06 -47.17 -91.99
motor1 36.04 -58.59 -75.29 2.34 -70.02 -93.75
motor2 -64.16 -65.62 -72.07 90.53 -47.17 -92.58
motor1 35.74 -58.89 -75.59 2.34 -70.02 -94.63
motor2 35.74 -65.62 -72.07 93.75 -47.17 -92.58
motor1 35.74 -58.89 -75.59 1.17 -70.02 -95.80
motor2 -64.16 -65.62 -72.07 95.21 -47.17 -92.58
motor1 36.04 -58.89 -75.59 1.17 -70.31 -96.97
motor2 -64.16 -65.62 -72.07 95.80 -47.46 -92.58
motor1 36.04 -58.89 -75.59 0.88 -47.46 -97.85
motor2 -64.16 -65.62 -72.07 96.68 -47.75 -92.58
motor1 36.33 -58.89 -75.59 -0.29 -71.48 -98.44
motor2 -64.16 -65.62 -72.07 96.97 -47.75 -92.58
motor1 36.04 -58.59 -75.59 -1.17 -71.48 -99.32
motor2 -64.16 -65.62 -72.07 96.68 -47.75 -92.58
motor1 36.04 -58.89 -75.59 -1.76 -71.78 -99.90
motor2 -64.16 -65.62 -71.78 96.97 -47.46 -92.58
motor1 36.04 -58.89 -75.29 -2.05 -71.78 -100.49
motor2 -64.75 -65.62 -71.78 96.97 -47.75 -92.58
motor1 36.33 -58.59 -75.29 -3.52 -71.78 -100.78
motor2 -64.16 -65.62 -72.07 -3.52 -47.75 -92.58
motor1 36.04 -58.89 -75.59 -3.81 -72.07 -101.66
motor2 -64.16 -65.62 -72.07 96.97 -47.75 -92.58
motor1 36.04 -58.89 -75.59 -4.69 -72.07 -102.25
motor2 -64.16 -65.62 -71.78 96.68 -47.75 -92.58
motor1 35.74 -58.89 -75.59 -5.27 -71.78 -102.54
motor2 -64.16 -65.62 -72.07 96.97 -47.75 -92.58
motor1 35.74 -58.89 -75.59 -6.15 -72.07 -104.00
motor2 -64.16 -65.62 -75.59 96.97 -47.75 -92.58
motor1 35.74 -58.89 -75.29 -7.62 -72.07 -104.30
motor2 -64.16 -65.62 -72.07 96.97 -47.75 -92.58
motor1 36.04 -58.59 -75.29 -8.79 -72.07 -104.88
motor2 -64.16 -65.33 -72.07 96.97 -48.05 -92.58
motor1 35.74 -58.59 -75.59 -9.67 -72.07 -105.18
motor2 -64.16 -65.62 -72.07 96.68 -48.34 -92.58
motor1 35.74 -58.89 -75.59 -10.25 -72.07 -105.76
motor2 -64.16 -65.62 -72.07 97.56 -48.34 -92.58
motor1 36.04 -58.89 -75.59 -10.84 -72.07 -106.05
motor2 -64.16 -65.62 -71.78 96.97 -48.34 -92.58
motor1 35.74 -58.89 -75.29 -11.43 -72.07 -106.64
motor2 -64.16 -65.62 -71.78 96.68 -48.05 -92.58
motor1 36.04 -58.89 -75.59 -11.72 -72.07 -106.64
motor2 -64.16 -65.62 -71.78 96.68 -48.05 -106.64
motor1 35.74 -58.89 -75.59 -12.01 -72.07 -106.93
motor2 -64.16 -65.62 -72.07 96.97 -48.05 -91.99
motor1 36.04 -58.59 -75.59 -12.01 -72.07 -106.93
motor2 -64.16 -65.33 -72.07 96.97 -48.05 -91.70
motor1 35.74 -58.89 -75.59 -12.01 -72.07 -106.64
motor2 -64.16 -65.62 -72.07 96.97 -72.07 -91.11
motor1 36.04 -58.89 -75.59 -11.72 -72.07 -106.64
motor2 -64.16 -65.62 -72.07 96.68 -48.34 -91.11
motor1 36.04 -58.89 -75.29 -11.43 -72.07 -106.05
motor2 -64.16 -65.62 -72.07 96.97 -48.05 -91.11
motor1 35.74 -58.89 -75.59 -11.72 -71.78 -106.64
motor2 35.74 -65.62 -75.59 96.68 -48.05 -91.11
motor1 36.04 -58.89 -75.59 -11.72 -70.90 -106.64
motor2 -64.16 -65.62 -71.78 96.68 -48.05 -91.11
motor1 35.74 -58.89 -75.29 -11.72 -70.31 -106.64
motor2 -64.16 -65.62 -72.07 96.68 -48.05 -91.11
motor1 35.74 -58.89 -75.59 -11.43 -70.90 -106.05
motor2 -64.16 -65.62 -72.07 96.39 -48.34 -91.11
motor1 36.33 -58.89 -75.29 -11.43 -70.90 -106.05
motor2 -64.16 -65.62 -72.07 -11.43 -48.05 -91.11
motor1 35.74 -58.59 -75.59 -11.72 -70.90 -106.05
motor2 -64.16 -65.62 -72.07 96.68 -48.05 -90.82
motor1 35.74 -58.89 -75.59 -11.72 -70.90 -106.05
motor2 -64.16 -65.62 -72.07 96.68 -48.05 -91.11
motor1 36.04 -58.89 -75.59 -11.72 -70.90 -106.05
motor2 -64.16 -65.62 -71.78 96.97 -48.05 -90.82
motor1 36.04 -58.89 -75.59 -11.72 -70.90 -106.05
motor2 -64.16 -65.62 -71.78 96.97 -48.05 -91.11
motor1 36.04 -58.59 -75.59 -11.43 -70.90 -106.05
motor2 -63.57 -65.62 -71.78 96.68 -48.05 -91.11
motor1 35.74 -58.59 -75.59 -11.72 -70.90 -106.05
motor2 -63.28 -58.59 -71.78 96.97 -48.05 -91.11
motor1 36.04 -58.59 -75.59 -11.72 -70.90 -106.05
motor2 -63.28 -65.62 -71.78 96.68 -48.05 -91.11
motor1 35.74 -58.89 -75.59 -11.72 -70.90 -106.05
motor2 -63.57 -65.62 -72.07 96.68 -48.05 -91.11
motor1 35.74 -65.62 -75.29 -11.43 -70.31 -106.05
motor2 -63.57 -65.62 -71.78 96.97 -48.05 -91.11
motor1 35.74 -58.89 -75.59 -11.43 -48.05 -106.05
motor2 -63.57 -65.62 -71.78 96.97 -48.05 -91.11
motor1 36.04 -58.89 -75.59 -11.72 -70.90 -106.05
motor2 36.04 -65.62 -75.59 96.68 -48.05 -91.11
motor1 35.74 -58.59 -75.29 -11.72 -70.90 -106.05
motor2 -63.57 -65.62 -71.78 96.68 -48.05 -91.11
motor1 35.74 -58.59 -75.29 -11.43 -70.90 -106.05
motor2 -63.57 -65.62 -71.78 96.97 -48.05 -91.11
motor1 35.74 -58.59 -75.59 -11.72 -70.90 -106.05
motor2 -63.57 -65.33 -72.07 96.68 -48.05 -91.11
motor1 36.04 -58.89 -75.29 -11.43 -70.90 -106.05
motor2 -63.57 -65.62 -71.78 96.97 -48.05 -90.82
motor1 36.04 -58.89 -75.59 -11.72 -70.90 -106.05
motor2 -63.57 -65.62 -71.78 96.39 -48.05 -91.11
motor1 36.04 -58.89 -75.29 -11.72 -70.90 -106.05
motor2 -63.57 -65.62 -71.78 96.97 -48.05 -91.11
motor1 35.74 -58.89 -75.29 -11.72 -70.90 -106.05
motor2 -63.57 -65.62 -71.78 96.97 -48.05 -91.11
motor1 36.04 -58.89 -75.59 -11.43 -70.90 -106.05
motor2 -63.57 -58.89 -71.78 96.97 -48.05 -91.11
motor1 35.74 -58.89 -75.29 -11.72 -70.90 -106.05
motor2 -63.57 -65.62 -71.78 96.97 -48.05 -91.11
motor1 35.74 -58.89 -75.29 -11.72 -70.90 -106.05
motor2 -63.57 -65.62 -71.78 96.68 -48.05 -91.11
motor1 36.04 -58.89 -75.59 -11.43 -70.90 -106.05
motor2 -63.57 -65.62 -71.78 96.97 -48.05 -91.11
motor1 36.04 -58.89 -75.59 -11.72 -70.90 -106.05
motor2 -63.57 -65.62 -71.78 96.68 -48.05 -90.82
motor1 36.33 -58.89 -75.59 -11.72 -70.90 -106.05
motor2 -63.57 -65.62 -71.78 96.68 -48.05 -90.82
motor1 36.04 -58.89 -75.59 -11.72 -70.90 -106.05
motor2 -63.57 -65.33 -71.78 96.68 -48.05 -90.82
motor1 36.04 -58.89 -75.59 -11.72 -70.90 -106.05
motor2 -63.57 -65.33 -71.78 96.39 -48.05 -90.82
motor1 36.04 -58.89 -75.59 -11.72 -70.90 -106.05
motor2 -63.57 -65.62 -72.07 96.97 -48.05 -91.11
motor1 36.04 -58.89 -75.29 -11.72 -70.90 -106.05
motor2 -63.57 -65.62 -71.78 96.68 -48.05 -90.82
motor1 36.04 -58.89 -75.59 -11.43 -70.90 -106.05
motor2 -63.57 -65.62 -71.78 96.97 -48.34 -90.82
motor1 36.04 -58.89 -75.59 -11.43 -70.90 -106.05
motor2 -63.57 -65.62 -71.78 96.97 -48.05 -91.11
motor1 35.74 -58.89 -75.59 -11.72 -70.90 -106.05
motor2 -63.57 -65.62 -71.78 96.97 -48.05 -91.11
motor1 36.04 -58.89 -75.59 -11.43 -70.90 -106.05
motor2 -63.57 -65.62 -71.78 96.68 -48.05 -91.11
motor1 35.74 -58.89 -75.59 -11.72 -70.90 -106.05
motor2 -63.57 -65.33 -71.78 96.68 -48.05 -90.82
motor1 36.04 -58.89 -75.59 -11.43 -70.90 -106.05
motor2 -63.57 -65.62 -71.78 96.97 -48.05 -91.11
motor1 -63.57 -58.89 -75.59 -11.72 -70.90 -106.05
motor2 -63.57 -65.62 -75.59 96.68 -48.05 -90.82
motor1 36.04 -58.89 -75.59 -11.72 -70.90 -106.05
motor2 36.04 -65.62 -71.78 96.68 -48.34 -91.11
motor1 36.04 -58.89 -75.59 -11.43 -70.90 -106.05
motor2 -63.57 -65.33 -71.78 96.97 -48.05 -91.11
motor1 36.04 -58.89 -75.59 -11.72 -70.90 -106.05
motor2 -63.57 -65.62 -71.78 96.97 -48.05 -91.11
motor1 36.04 -58.89 -75.29 -11.43 -70.90 -106.05
motor2 -63.57 -65.62 -72.07 96.97 -48.05 -90.82
motor1 36.04 -58.89 -75.59 -11.43 -70.90 -106.05
motor2 -63.57 -65.62 -71.78 96.68 -48.34 -91.11
motor1 35.16 -58.59 -75.29 -11.43 -70.90 -106.05
motor2 -63.57 -65.62 -72.07 96.97 -48.05 -91.11
motor1 36.04 -58.89 -75.59 -11.72 -70.90 -106.05
motor2 -63.87 -65.62 -71.78 96.97 -48.05 -90.82
motor1 35.74 -58.89 -75.29 -11.72 -70.90 -106.05
motor2 -63.57 -65.62 -71.78 96.39 -48.05 -91.11
motor1 35.74 -58.89 -75.29 -11.72 -70.90 -106.05
motor2 -63.57 -65.62 -71.78 96.68 -48.05 -91.11
motor1 36.04 -58.89 -75.59 -11.72 -70.90 -106.05
motor2 -63.57 -65.62 -72.07 96.97 -48.05 -91.11
motor1 35.74 -58.89 -75.59 -11.72 -70.90 -106.05
motor2 -63.57 -65.62 -71.78 96.68 -48.05 -91.11
motor1 35.74 -58.59 -75.59 -11.72 -70.90 -106.05
motor2 -63.57 -65.62 -71.78 96.68 -48.05 -91.11
motor1 36.04 -58.89 -75.59 -11.72 -70.90 -106.05
motor2 -63.87 -65.62 -71.78 96.39 -48.05 -91.11
motor1 35.74 -58.89 -75.59 -11.72 -70.31 -106.05
motor2 -63.57 -65.62 -71.78 96.68 -48.05 -91.11
motor1 36.04 -58.89 -71.78 -11.72 -70.90 -106.05
motor2 -63.57 -65.62 -72.07 96.97 -48.05 -90.82
motor1 36.04 -58.59 -75.59 -11.72 -70.90 -106.05
motor2 -63.57 -58.59 -71.78 96.97 -48.05 -91.11
motor1 36.04 -58.89 -75.59 -11.13 -70.90 -106.05
motor2 -63.57 -65.62 -71.78 96.97 -48.05 -91.11
motor1 36.04 -58.89 -75.59 -11.43 -70.90 -106.05
motor2 -63.57 -65.62 -71.78 96.68 -48.05 -90.82
motor1 36.04 -58.89 -75.59 -11.72 -70.90 -106.05
motor2 -63.57 -65.62 -71.78 96.97 -48.05 -91.11
motor1 35.74 -58.89 -75.29 -11.72 -70.90 -106.05
motor2 -63.57 -65.62 -71.78 96.97 -48.05 -106.05
motor1 35.74 -58.89 -75.59 -11.43 -70.90 -106.05
motor2 -63.57 -65.62 -71.78 96.97 -48.05 -91.11
motor1 36.04 -58.59 -75.29 -11.43 -70.90 -106.05
motor2 -63.57 -65.62 -72.07 96.97 -48.05 -91.11
motor1 36.04 -58.89 -75.59 -11.72 -70.90 -106.05
motor2 -63.57 -65.62 -72.07 96.68 -48.05 -90.82
motor1 36.04 -58.89 -75.59 -11.72 -70.90 -106.05
motor2 -63.57 -65.62 -71.78 96.68 -48.05 -91.11
motor1 36.04 -58.89 -75.59 -11.72 -70.90 -106.05
motor2 -63.57 -65.62 -71.78 96.68 -48.05 -91.11
motor1 36.04 -58.89 -75.59 -11.72 -70.90 -106.05
motor2 -63.57 -65.62 -71.78 96.68 -48.05 -91.11
motor1 36.04 -58.89 -75.59 -11.72 -70.90 -106.05
motor2 -63.57 -65.62 -72.07 96.68 -48.05 -91.11
motor1 36.04 -58.89 -75.29 -11.72 -70.90 -106.05
motor2 -63.57 -65.62 -71.78 96.68 -48.05 -91.11
motor1 36.04 -58.89 -75.59 -11.72 -70.90 -106.05
motor2 -63.57 -65.62 -71.78 96.68 -48.05 -90.82
motor1 36.04 -58.89 -75.59 -11.72 -70.90 -106.05
motor2 -63.57 -65.62 -71.78 96.68 -48.05 -91.11
motor1 36.04 -58.89 -75.59 -11.72 -70.90 -106.05
motor2 -63.57 -65.62 -71.78 96.68 -48.05 -91.11
motor1 36.04 -58.89 -75.59 -11.72 -70.90 -106.05
motor2 -63.57 -65.62 -71.78 96.68 -48.05 -91.11
motor1 36.04 -58.89 -75.59 -11.72 -70.90 -106.05
motor2 -63.57 -65.62 -71.78 96.97 -48.05 -90.82
motor1 36.04 -58.89 -75.59 -11.72 -70.90 -106.05
motor2 -63.57 -65.62 -71.78 96.97 -48.05 -91.11
motor1 36.04 -58.89 -75.29 96.97 -70.90 -106.05
motor2 -63.57 -65.62 -75.29 96.68 -48.05 -91.11
motor1 36.04 -58.89 -75.59 -11.43 -70.90 -106.05
motor2 -63.57 -65.62 -71.78 96.68 -48.05 -90.82
motor1 36.04 -58.89 -75.29 -11.72 -70.90 -106.05
motor2 -63.57 -65.62 -72.07 96.68 -48.05 -90.82
motor1 35.74 -58.89 -75.59 -11.72 -70.90 -106.05
motor2 -63.57 -65.62 -72.07 96.97 -48.34 -91.11
motor1 36.04 -58.89 -75.29 -11.72 -70.90 -106.05
motor2 -63.57 -65.62 -71.78 96.39 -48.05 -91.11
motor1 36.04 -58.59 -75.29 -11.72 -70.90 -106.05
motor2 -63.57 -65.62 -72.07 96.68 -48.34 -91.11
motor1 36.04 -58.89 -75.29 -11.72 -70.90 -106.05
motor2 -63.57 -65.62 -71.78 96.97 -48.05 -91.11
motor1 35.74 -58.89 -75.59 -11.72 -70.90 -106.05
motor2 -63.57 -65.62 -71.78 96.68 -48.05 -90.82
motor1 35.74 -58.89 -75.59 -11.72 -70.90 -106.05
motor2 -63.57 -65.62 -71.78 96.97 -47.46 -91.11
motor1 36.04 -58.89 -75.29 -11.72 -70.90 -106.05
motor2 -63.57 -65.62 -71.78 96.97 -48.05 -91.11
motor1 36.04 -58.89 -75.59 -11.72 -70.90 -106.05
motor2 -63.87 -65.62 -71.78 96.97 -48.05 -91.11
motor1 36.04 -58.89 -75.29 -11.72 -70.90 -106.05
motor2 -63.57 -65.62 -72.07 96.68 -48.05 -90.82
motor1 36.04 -58.59 -75.59 -11.72 -70.90 -106.05
motor2 -63.57 -65.62 -71.78 96.97 -48.05 -91.11
motor1 36.04 -58.89 -75.59 -11.43 -70.90 -106.05
motor2 -63.57 -65.62 -71.78 96.68 -48.34 -90.82
motor1 36.04 -58.89 -75.29 -11.72 -70.90 -106.05
motor2 -63.57 -65.62 -71.78 96.68 -48.05 -91.11
motor1 36.04 -58.89 -75.59 -11.72 -70.90 -106.05
motor2 -63.57 -65.62 -72.07 96.68 -48.05 -91.11
motor1 36.04 -58.59 -75.59 -11.72 -70.90 -106.05
motor2 -63.57 -65.62 -71.78 96.68 -48.05 -91.11
motor1 36.04 -58.89 -75.59 -11.72 -70.90 -106.05
motor2 -63.57 -65.62 -71.78 97.56 -48.05 -90.82
motor1 36.04 -58.59 -75.59 -11.43 -70.90 -106.05
motor2 -63.57 -65.62 -71.78 96.68 -48.05 -91.11
motor1 36.04 -58.89 -75.29 -11.43 -70.90 -91.11
motor2 -63.57 -65.62 -71.78 96.97 -48.05 -91.11
motor1 36.04 -58.59 -75.59 -11.72 -70.90 -106.05
motor2 -63.57 -65.62 -71.78 96.97 -48.05 -91.11
motor1 36.04 -58.89 -75.59 -11.72 -70.90 -106.05
motor2 -63.57 -65.33 -71.78 97.56 -48.05 -91.11
motor1 36.04 -58.89 -75.59 -11.72 -70.90 -106.05
motor2 -63.87 -65.62 -71.78 96.97 -48.05 -91.11
motor1 36.04 -58.89 -75.59 -11.43 -70.90 -106.05
motor2 -63.57 -65.62 -72.07 96.97 -48.05 -91.11
motor1 35.74 -58.89 -75.29 -11.72 -70.90 -106.05
motor2 -63.57 -65.62 -71.78 96.68 -48.05 -91.11
motor1 35.74 -58.89 -75.59 -11.72 -70.90 -106.05
motor2 -63.57 -65.62 -71.78 96.68 -48.05 -91.11
motor1 36.04 -58.89 -75.29 -11.43 -70.90 -106.05
motor2 -63.57 -65.62 -71.78 96.97 -48.05 -91.11
motor1 36.04 -58.89 -75.29 -11.43 -70.90 -106.05
motor2 -63.57 -65.62 -71.78 96.97 -48.05 -91.11
motor1 35.74 -65.62 -75.59 -11.72 -70.90 -106.05
motor2 -63.57 -65.33 -71.78 96.97 -48.05 -91.11
motor1 36.04 -58.89 -75.59 -11.43 -70.90 -106.05
motor2 -63.57 -65.62 -71.78 96.97 -48.05 -91.11
motor1 35.74 -58.59 -75.59 -11.43 -70.90 -106.05
motor2 -63.57 -65.62 -71.78 96.97 -48.05 -91.11
motor1 36.04 -58.59 -75.59 -11.43 -70.90 -106.05
motor2 -63.57 -65.62 -71.78 96.97 -48.05 -91.11
motor1 35.74 -58.89 -75.59 -11.72 -70.90 -106.05
motor2 -63.57 -65.62 -71.78 96.97 -48.05 -91.11
motor1 35.74 -58.89 -75.29 -11.72 -70.90 -106.05
motor2 -63.57 -65.62 -71.78 96.68 -48.05 -90.82
motor1 35.74 -58.89 -75.59 -11.72 -70.90 -106.05
motor2 -63.57 -65.62 -71.78 96.68 -48.05 -91.11
motor1 35.74 -58.89 -75.29 -11.43 -70.90 -106.05
motor2 -63.57 -65.62 -72.07 96.97 -48.05 -106.05
motor1 35.74 -58.89 -75.29 -11.72 -70.90 -106.05
motor2 -63.57 -65.62 -71.78 96.97 -48.05 -106.05
motor1 35.74 -58.89 -75.59 -11.72 -70.90 -106.05
motor2 -63.57 -65.62 -71.78 96.97 -48.34 -91.11
motor1 36.04 -58.89 -75.29 -11.72 -70.90 -106.05
motor2 -63.57 -65.62 -72.07 96.97 -48.05 -91.11
motor1 36.04 -58.89 -75.29 -11.43 -70.90 -106.05
motor2 -63.57 -65.62 -72.07 96.97 -48.05 -91.11
motor1 36.04 -58.89 -75.59 -11.72 -70.90 -106.05
motor2 -63.57 -65.62 -71.78 96.68 -48.05 -90.82
motor1 35.74 -58.89 -75.59 -11.72 -70.90 -106.05
motor2 -63.57 -65.33 -71.78 96.97 -48.05 -91.11
motor1 35.74 -58.59 -75.59 -11.43 -70.90 -106.05
motor2 -63.57 -65.62 -71.78 96.68 -48.05 -91.11
motor1 36.04 -58.89 -75.59 -11.72 -70.90 -106.05
motor2 -63.57 -65.62 -71.78 96.97 -48.05 -91.11
motor1 36.04 -58.89 -75.29 -11.72 -70.90 -106.05
motor2 -63.87 -65.62 -71.78 96.97 -48.05 -91.11
motor1 36.04 -58.89 -75.59 -11.43 -71.48 -106.05
motor2 -63.57 -65.62 -72.07 96.68 -48.05 -90.82
motor1 36.04 -58.59 -75.59 -11.43 -70.90 -106.05
motor2 -63.57 -65.33 -71.78 96.68 -48.05 -91.11
motor1 35.74 -59.47 -75.29 -11.72 -70.90 -106.05
motor2 -63.57 -65.62 -72.07 96.68 -48.05 -90.82
motor1 36.04 -58.89 -75.59 -11.43 -70.90 -106.05
motor2 -63.57 -65.62 -71.78 96.68 -48.05 -91.11
motor1 36.04 -58.89 -75.59 -11.72 -70.90 -106.05
motor2 -63.57 -65.62 -71.78 96.68 -48.34 -91.11
motor1 36.04 -58.89 -75.59 -11.43 -70.90 -106.05
motor2 -63.57 -65.62 -71.78 96.68 -48.05 -91.11
motor1 35.16 -58.89 -75.29 -11.72 -70.90 -106.05
motor2 -63.57 -65.62 -72.07 96.68 -48.05 -91.11
motor1 36.04 -58.59 -75.59 -11.72 -70.90 -106.05
motor2 -63.57 -65.62 -71.78 96.68 -48.05 -91.11
motor1 -63.57 -58.89 -75.59 -11.72 -70.90 -106.05
motor2 -63.57 -65.62 -71.78 96.68 -48.05 -91.11
motor1 36.04 -58.89 -75.59 -11.72 -70.90 -106.05
motor2 -63.57 -65.62 -71.78 96.68 -48.05 -91.11
motor1 36.04 -58.89 -75.59 -11.72 -70.90 -106.05
motor2 36.04 -65.62 -75.59 96.68 -48.05 -91.11
motor1 35.74 -58.89 -75.59 -11.72 -70.90 -106.05
motor2 -63.57 -65.62 -71.78 96.68 -48.05 -90.82
motor1 36.04 -65.62 -75.59 -11.72 -70.90 -106.05
motor2 -63.57 -65.62 -71.78 96.68 -48.05 -91.11
motor1 36.04 -58.89 -75.59 -11.72 -70.90 -106.05
motor2 -63.57 -65.33 -71.78 96.68 -48.05 -91.11
motor1 35.74 -58.89 -75.29 -11.72 -70.90 -106.05
motor2 -63.57 -65.33 -71.78 96.68 -48.05 -91.11
motor1 36.04 -58.89 -75.59 -11.72 -70.90 -106.05
motor2 -63.57 -65.62 -72.07 96.68 -48.05 -91.11
motor1 36.04 -58.89 -75.59 -11.72 -70.90 -106.05
motor2 -63.57 -65.62 -72.07 96.39 -48.05 -90.82
motor1 36.04 -58.89 -75.29 -11.72 -70.90 -106.05
motor2 -63.57 -65.62 -71.78 96.97 -48.05 -91.11
motor1 36.04 -65.62 -75.29 -11.72 -70.90 -106.05
motor2 -63.87 -65.62 -71.78 96.68 -70.90 -91.11
motor1 36.04 -58.59 -75.59 -11.72 -70.90 -106.05
motor2 -63.57 -65.62 -71.78 96.97 -48.05 -91.11
motor1 36.04 -58.89 -75.59 -11.43 -70.90 -106.05
motor2 -63.57 -65.62 -71.78 96.97 -48.05 -91.11
motor1 35.74 -58.89 -75.59 -11.72 -70.90 -106.05
motor2 -63.57 -65.62 -71.78 96.68 -48.05 -91.11
motor1 35.74 -58.89 -75.59 -11.72 -70.90 -106.05
motor2 -63.57 -65.62 -71.78 96.68 -48.05 -106.05
motor1 35.74 -58.89 -75.29 -11.43 -70.90 -106.05
motor2 -63.57 -65.62 -72.07 96.68 -48.05 -91.11
motor1 35.74 -58.89 -75.29 -11.43 -70.90 -106.05
motor2 -63.57 -65.62 -71.78 96.68 -48.05 -91.11
motor1 35.74 -58.89 -75.29 -11.43 -70.90 -106.05
motor2 -63.57 -65.62 -71.78 96.68 -48.05 -90.82
motor1 35.74 -58.89 -75.59 -11.72 -70.90 -106.05
motor2 -63.57 -65.62 -71.78 96.97 -48.05 -91.11
motor1 35.74 -58.89 -75.29 -11.72 -70.90 -106.05
motor2 -63.57 -65.33 -72.07 96.97 -48.05 -91.11
motor1 36.04 -58.89 -75.59 -11.72 -70.90 -106.05
motor2 -63.57 -65.62 -71.78 96.68 -48.05 -90.82
motor1 36.04 -58.01 -75.59 -11.72 -70.90 -106.05
motor2 -63.57 -65.62 -72.07 96.68 -48.05 -91.11
motor1 35.74 -58.89 -75.59 -11.72 -70.90 -106.05
motor2 -63.57 -65.62 -71.78 96.97 -48.05 -90.82
motor1 35.74 -58.59 -75.29 -11.43 -70.90 -106.05
motor2 -63.57 -65.62 -71.78 96.68 -48.05 -91.11
motor1 35.74 -58.89 -75.59 -11.72 -70.90 -106.05
motor2 -63.57 -65.62 -72.07 96.97 -48.05 -90.82
motor1 35.74 -58.89 -75.59 -11.72 -70.90 -106.05
motor2 -63.57 -65.33 -71.78 96.68 -48.05 -91.11
motor1 36.04 -58.59 -75.59 -11.43 -70.90 -106.05
motor2 -63.87 -65.62 -71.78 96.68 -48.05 -106.05
motor1 36.04 -58.89 -75.59 -11.72 -70.90 -106.05
motor2 -63.57 -65.62 -71.78 96.68 -48.05 -90.82
motor1 35.74 -58.59 -75.59 -11.72 -70.90 -106.05
motor2 -63.57 -65.62 -71.78 96.68 -48.05 -91.11
motor1 35.74 -58.89 -75.59 -11.43 -70.90 -106.05
motor2 -63.57 -65.62 -71.78 96.68 -48.05 -91.11
motor1 36.33 -58.89 -75.59 -11.43 -70.90 -106.05
motor2 -63.57 -65.62 -71.78 96.97 -48.05 -91.11
motor1 35.74 -58.89 -75.29 -11.43 -70.90 -106.05
motor2 -63.57 -65.62 -71.78 96.68 -48.05 -91.11
motor1 35.74 -58.89 -75.59 -11.72 -70.90 -106.05
motor2 -63.57 -65.62 -71.78 96.97 -48.05 -91.11
motor1 35.74 -58.89 -75.59 -11.72 -70.90 -106.05
motor2 -63.57 -65.62 -71.78 96.68 -48.05 -91.11
motor1 35.74 -58.89 -75.29 -11.72 -70.90 -106.05
motor2 -63.57 -65.62 -71.78 96.97 -48.05 -90.82
motor1 35.74 -58.89 -75.29 -11.72 -70.90 -106.05
motor2 -63.57 -65.62 -71.78 96.68 -48.05 -91.11
motor1 35.74 -58.89 -75.59 -11.72 -70.90 -106.05
motor2 -63.57 -65.62 -71.78 96.97 -48.05 -91.11
motor1 35.74 -58.89 -75.59 -11.43 -70.90 -106.05
motor2 -63.28 -65.62 -71.78 96.97 -48.05 -91.11
motor1 35.74 -58.59 -75.29 -11.72 -70.90 -105.76
motor2 -63.87 -65.62 -71.78 96.97 -48.05 -91.11
motor1 35.74 -58.89 -75.29 -11.43 -70.90 -106.05
motor2 -63.57 -65.62 -71.78 96.97 -48.05 -91.11
motor1 35.74 -58.89 -75.59 -11.72 -70.31 -106.05
motor2 -63.57 -65.33 -72.07 96.68 -48.05 -91.11
motor1 35.74 -58.89 -75.59 -11.72 -70.90 -106.05
motor2 -63.57 -65.33 -71.78 -11.72 -48.05 -91.11
motor1 36.04 -58.59 -75.59 -11.43 -70.90 -91.11
motor2 -63.57 -65.62 -71.78 96.68 -48.34 -90.82
motor1 35.16 -58.89 -75.59 -11.72 -70.90 -106.05
motor2 -63.57 -65.62 -71.78 96.68 -48.05 -90.82
motor1 36.04 -58.89 -75.59 -11.72 -70.90 -106.05
motor2 -63.57 -65.62 -71.78 96.97 -70.90 -91.11
motor1 36.04 -58.89 -75.59 -11.72 -70.90 -106.05
motor2 -63.57 -65.62 -71.78 96.97 -48.05 -91.11
motor1 35.74 -58.59 -75.59 -11.72 -70.90 -106.05
motor2 -63.57 -65.33 -71.78 96.97 -48.05 -91.11
motor1 36.04 -58.89 -75.59 -11.72 -70.90 -106.05
motor2 -63.57 -65.62 -71.78 96.97 -48.05 -91.11
motor1 35.74 -58.89 -75.59 -11.72 -70.90 -106.05
motor2 -63.57 -65.62 -71.78 -11.72 -48.05 -91.11
motor1 36.04 -58.89 -75.29 -11.72 -70.90 -106.05
motor2 -63.57 -65.62 -71.78 96.68 -48.05 -91.11
motor1 35.74 -58.89 -75.29 -11.72 -70.90 -106.05
motor2 -63.57 -65.62 -71.78 96.97 -48.05 -90.82
motor1 35.16 -58.89 -75.59 -11.72 -70.90 -106.05
motor2 -63.57 -65.62 -71.78 96.97 -48.05 -90.82
motor1 36.04 -58.59 -75.59 -11.72 -70.90 -106.05
motor2 -63.57 -65.33 -71.78 96.97 -48.05 -90.82
motor1 35.74 -58.89 -75.29 96.97 -70.90 -106.05
motor2 -63.57 -65.62 -71.78 96.68 -48.05 -91.11
motor1 -63.57 -58.89 -75.59 -11.72 -70.90 -106.05
motor2 -63.57 -58.89 -72.07 96.68 -48.05 -91.11
motor1 35.74 -58.89 -75.59 -11.43 -70.90 -106.05
motor2 -63.57 -65.62 -71.78 96.97 -48.05 -91.11
motor1 36.04 -58.89 -75.59 -11.72 -70.90 -106.05
motor2 -63.57 -65.62 -71.78 96.68 -48.05 -90.82
motor1 36.04 -58.89 -75.59 -11.72 -70.90 -106.05
motor2 -63.57 -65.62 -75.59 96.68 -48.05 -90.82
motor1 35.74 -58.89 -75.59 -11.43 -70.90 -106.05
motor2 -63.57 -65.62 -71.78 96.97 -48.05 -90.82
motor1 36.04 -58.30 -75.29 -11.43 -70.90 -106.05
motor2 -63.87 -65.62 -71.78 96.68 -48.05 -91.11
motor1 35.74 -58.89 -75.29 -11.72 -70.90 -106.05
motor2 -63.57 -65.33 -71.78 96.68 -48.05 -91.11
motor1 36.04 -58.59 -75.29 -11.72 -70.90 -106.05
motor2 -63.57 -65.62 -71.78 96.68 -48.05 -90.82
motor1 35.74 -58.89 -75.29 -11.72 -70.90 -106.05
motor2 -63.57 -65.62 -71.78 96.68 -48.05 -90.82
motor1 35.74 -58.89 -75.59 -11.43 -70.90 -106.05
motor2 -63.57 -65.62 -71.78 96.68 -48.05 -90.82
motor1 35.74 -58.89 -75.59 -11.72 -70.90 -106.05
motor2 -63.57 -65.62 -71.78 96.68 -48.05 -90.82
motor1 36.04 -58.89 -75.59 -11.72 -70.90 -106.05
motor2 -63.57 -65.62 -71.78 96.68 -48.05 -91.11
motor1 36.04 -58.89 -75.29 -11.72 -70.90 -106.05
motor2 -63.57 -65.62 -72.07 96.68 -48.34 -90.82
motor1 36.04 -58.89 -75.29 -11.72 -70.90 -106.05
motor2 -63.57 -65.33 -72.07 96.68 -48.05 -90.82
motor1 36.04 -58.59 -75.59 -11.72 -70.90 -106.05
motor2 -63.57 -65.62 -72.07 96.68 -48.05 -90.82
motor1 36.04 -58.89 -75.59 -11.72 -70.90 -106.05
motor2 -63.57 -65.62 -72.07 96.68 -48.05 -91.11
motor1 36.04 -58.89 -75.59 -11.72 -70.90 -106.05
motor2 -63.57 -65.62 -71.78 97.56 -48.05 -90.82
motor1 35.74 -58.89 -75.59 -11.72 -70.90 -106.05
motor2 -63.57 -65.62 -71.78 96.68 -48.05 -90.82
motor1 36.04 -58.89 -75.59 -11.72 -70.90 -106.05
motor2 -63.57 -65.62 -71.78 96.39 -48.05 -91.11
motor1 35.74 -58.89 -75.59 -11.72 -70.90 -106.05
motor2 -63.57 -65.62 -71.78 96.68 -48.05 -91.11
motor1 35.74 -58.89 -75.59 -11.72 -70.90 -106.05
motor2 -63.57 -65.62 -71.78 96.97 -48.05 -91.11
motor1 36.04 -58.89 -75.29 -11.72 -70.90 -106.05
motor2 -63.57 -65.62 -71.78 96.68 -48.34 -91.11
motor1 35.74 -58.89 -75.59 -11.43 -70.90 -106.05
motor2 -63.57 -65.62 -71.78 96.68 -48.05 -91.11
motor1 36.04 -58.89 -75.59 -11.72 -70.90 -106.05
motor2 -63.57 -65.62 -72.07 96.68 -48.34 -91.11
motor1 36.04 -58.59 -75.59 -11.43 -70.90 -106.05
motor2 -63.57 -65.62 -71.78 96.68 -48.05 -90.82
motor1 35.74 -58.89 -75.59 -11.72 -70.90 -106.05
motor2 -63.57 -65.62 -71.78 96.97 -48.05 -91.11
motor1 36.04 -58.89 -75.59 -11.72 -70.90 -106.05
motor2 -63.57 -65.62 -71.78 96.97 -48.05 -91.11
motor1 35.16 -58.89 -75.59 -11.72 -70.90 -106.05
motor2 -63.57 -65.62 -71.78 96.97 -48.05 -91.11
motor1 36.04 -58.89 -75.59 -11.43 -70.90 -106.05
motor2 -63.57 -58.89 -71.78 96.97 -48.05 -91.11
motor1 35.74 -58.59 -75.29 -11.72 -70.90 -106.05
motor2 -63.57 -65.62 -71.78 96.97 -48.05 -91.11
motor1 35.74 -58.89 -75.59 -11.72 -70.90 -106.05
motor2 -63.87 -65.62 -72.07 96.97 -48.05 -106.05
motor1 35.74 -58.89 -75.29 -11.43 -70.90 -106.05
motor2 -63.57 -65.62 -71.78 96.68 -48.34 -90.82
motor1 36.04 -58.89 -75.59 -11.72 -70.90 -106.05
motor2 -63.57 -65.62 -72.07 96.68 -48.05 -91.11
motor1 -63.57 -58.89 -75.29 -11.72 -70.90 -106.05
motor2 -63.57 -65.62 -71.78 97.56 -48.05 -91.11
motor1 35.74 -58.89 -75.29 -11.72 -70.90 -106.05
motor2 -63.57 -65.62 -71.78 96.97 -48.34 -91.11
motor1 36.04 -58.89 -75.59 -11.72 -70.90 -106.05
motor2 -63.57 -65.62 -71.78 96.68 -48.05 -91.11
motor1 36.04 -58.89 -75.59 -11.72 -70.90 -106.05
motor2 -63.57 -58.89 -71.78 96.68 -48.05 -91.11
motor1 36.04 -58.89 -75.29 -11.72 -70.90 -106.05
motor2 -63.57 -65.62 -71.78 96.68 -47.75 -91.11
motor1 36.04 -58.59 -75.59 96.68 -70.90 -91.11
motor2 -63.57 -65.62 -71.78 96.97 -48.05 -91.11
motor1 35.74 -58.89 -75.59 -11.72 -70.90 -106.05
motor2 -63.57 -58.89 -71.78 96.97 -48.05 -91.11
motor1 36.04 -58.89 -75.59 96.97 -70.90 -106.05
motor2 -63.57 -65.62 -72.07 96.97 -48.05 -91.11
motor1 36.04 -58.89 -75.59 -11.43 -70.90 -106.05
motor2 -63.57 -65.62 -71.78 96.97 -48.05 -91.11
motor1 -63.57 -58.89 -75.59 -11.43 -70.90 -106.05
motor2 -63.57 -65.62 -71.78 96.97 -48.05 -91.11
motor1 36.04 -58.89 -75.59 -11.43 -70.90 -106.05
motor2 -63.57 -65.33 -71.78 96.68 -48.05 -91.11
motor1 35.74 -58.89 -75.59 -11.72 -70.90 -106.05
motor2 -63.57 -65.62 -71.78 96.97 -48.05 -91.11
motor1 36.04 -58.59 -75.59 -11.72 -70.90 -106.05
motor2 -63.57 -65.62 -71.78 96.68 -48.05 -91.11
motor1 36.04 -58.89 -75.59 -11.43 -70.90 -106.05
motor2 -63.57 -65.62 -71.78 96.97 -48.05 -91.11
motor1 36.04 -58.89 -75.29 -11.72 -70.90 -106.05
motor2 -63.57 -65.62 -71.78 96.68 -48.05 -90.82
motor1 36.04 -58.89 -75.29 -11.72 -70.90 -106.05
motor2 -63.57 -65.62 -71.78 96.97 -48.05 -91.11
motor1 35.74 -58.89 -75.59 -11.72 -70.90 -106.05
motor2 -63.57 -65.62 -71.78 96.68 -48.05 -91.11
motor1 35.74 -58.89 -75.29 -11.43 -70.90 -106.05
motor2 -63.57 -65.62 -71.78 96.68 -48.05 -91.11
motor1 35.74 -58.89 -75.59 -11.72 -70.90 -106.05
motor2 -63.57 -65.62 -71.78 96.39 -48.05 -91.11
motor1 36.04 -58.89 -75.29 -11.43 -70.90 -106.05
motor2 -63.57 -65.62 -71.78 96.68 -70.90 -91.11
motor1 35.74 -58.89 -75.59 -11.72 -70.90 -106.05
motor2 -63.57 -65.62 -71.78 96.97 -48.05 -90.82
motor1 36.04 -58.89 -75.59 -11.72 -70.90 -106.05
