learning
The learning mode will be enabled, you'll need to reboot the board to return to normal operation
0 -2.34
1 -55.96
2 -143.55
3 -3.22
4 -62.11
5 -141.21
6 -5.86
7 -56.25
8 -144.43
9 2.93
10 -53.03
11 -142.38
0 -2.34
1 -55.96
2 -143.55
3 -3.22
4 -62.11
5 -141.21
6 -5.86
7 -56.25
8 -144.14
9 3.22
10 -53.03
11 -142.38
0 -2.34
1 -55.96
2 -143.55
3 -3.22
4 -62.11
5 -141.80
6 -5.86
7 -56.25
8 -144.14
9 2.93
10 -53.03
11 -142.38
0 -2.64
1 -55.96
2 -143.55
3 -3.22
4 -62.11
5 -141.21
6 -5.86
7 -56.25
8 -144.43
9 2.93
10 -53.03
11 -142.38
0 -2.34
1 -55.96
2 -143.55
3 -3.22
4 -62.40
5 -141.21
6 -5.86
7 -56.25
8 -144.43
9 2.93
10 -53.03
11 -142.38
0 -2.64
1 -55.96
2 -143.55
3 -3.22
4 -62.11
5 -141.21
6 -5.86
7 -56.25
8 -144.14
9 3.22
10 -53.03
11 -142.38
0 -2.64
1 -55.96
2 -143.55
3 -3.22
4 -62.11
5 -141.21
6 -5.86
7 -56.25
8 -144.43
9 2.93
10 -53.03
11 -142.38
0 -2.64
1 -55.96
2 -143.55
3 -3.22
4 -62.11
5 -141.21
6 -5.86
7 -56.25
8 -144.43
9 3.22
10 -53.03
11 -142.38
0 -2.34
1 -55.96
2 -143.55
3 -3.22
4 -62.40
5 -141.21
6 -5.86
7 -56.25
8 -144.43
9 3.22
10 -53.03
11 -142.38
0 -2.34
1 -55.96
2 -143.55
3 -3.22
4 -62.11
5 -141.21
6 -5.86
7 -56.25
8 -144.14
9 3.22
10 -53.03
11 -142.38
0 -2.64
1 -55.96
2 -143.55
3 -3.22
4 -62.70
5 -141.21
6 -6.15
7 -56.25
8 -144.43
9 3.22
10 -53.03
11 -142.38
0 -2.34
1 -55.96
2 -143.55
3 -3.22
4 -62.40
5 -141.21
6 -6.15
7 -56.25
8 -144.43
9 2.93
10 -53.03
11 -142.38
0 -2.34
1 -55.96
2 -143.55
3 -3.22
4 -62.40
5 -141.21
6 -6.15
7 -56.25
8 -144.43
9 2.93
10 -53.03
11 -142.38
0 -2.64
1 -55.96
2 -143.26
3 -3.22
4 -61.82
5 -141.21
6 -5.86
7 -55.66
8 -144.43
9 2.93
10 -52.73
11 -141.21
0 -3.22
1 -55.96
2 -143.26
3 -2.93
4 -60.94
5 -140.33
6 -5.86
7 -54.49
8 -144.43
9 2.93
10 -52.44
11 -139.16
0 -3.22
1 -55.96
2 -143.26
3 -1.17
4 -60.64
5 -138.87
6 -5.86
7 -54.49
8 -144.43
9 2.34
10 -51.27
11 -134.47
0 -2.93
1 -55.96
2 -143.26
3 -1.17
4 -58.89
5 -134.77
6 -5.86
7 -54.49
8 -144.43
9 2.34
10 -50.68
11 -127.73
0 -2.93
1 -55.96
2 -143.26
3 -1.17
4 -57.71
5 -128.91
6 -5.86
7 -54.49
8 -144.43
9 2.34
10 -50.39
11 -120.41
0 -3.22
1 -55.96
2 -143.26
3 -1.17
4 -55.08
5 -122.75
6 -5.86
7 -54.49
8 -144.43
9 2.34
10 -50.10
11 -113.09
0 -3.52
1 -55.96
2 -143.26
3 -0.88
4 -52.15
5 -119.82
6 -5.27
7 -54.49
8 -144.73
9 2.34
10 -50.39
11 -111.33
0 -3.52
1 -56.84
2 -143.26
3 -1.17
4 -54.49
5 -119.82
6 -5.57
7 -56.84
8 -144.73
9 2.34
10 -50.68
11 -112.21
0 -2.05
1 -57.71
2 -143.55
3 -1.46
4 -54.79
5 -119.82
6 -6.15
7 -56.84
8 -144.73
9 2.34
10 -50.68
11 -112.21
0 -2.05
1 -57.71
2 -143.55
3 -1.76
4 -54.49
5 -119.82
6 -6.15
7 -56.54
8 -144.73
9 2.34
10 -51.56
11 -112.21
0 -2.64
1 -57.71
2 -143.55
3 -1.76
4 -54.49
5 -119.82
6 -6.15
7 -56.84
8 -145.02
9 2.34
10 -51.56
11 -112.21
0 -2.64
1 -57.42
2 -143.55
3 -1.76
4 -54.49
5 -119.82
6 -6.15
7 -56.54
8 -145.02
9 2.34
10 -51.56
11 -112.21
0 -2.64
1 -57.71
2 -143.55
3 -1.76
4 -54.49
5 -119.82
6 -6.15
7 -56.84
8 -145.02
9 2.34
10 -51.86
11 -112.21
0 -2.64
1 -58.01
2 -143.55
3 -2.05
4 -54.49
5 -119.82
6 -6.15
7 -56.84
8 -144.73
9 2.34
10 -51.86
11 -112.21
0 -2.64
1 -58.89
2 -143.55
3 -1.76
4 -54.49
5 -119.82
6 -6.15
7 -57.71
8 -144.73
9 2.34
10 -52.15
11 -112.21
0 -2.93
1 -60.35
2 -138.57
3 -2.93
4 -54.49
5 -119.82
6 -3.22
7 -55.96
8 -142.09
9 2.34
10 -52.15
11 -112.21
0 -5.27
1 -60.64
2 -128.91
3 -3.81
4 -54.79
5 -119.82
6 -2.64
7 -56.54
8 -133.89
9 2.93
10 -53.03
11 -111.91
0 -4.98
1 -58.30
2 -118.95
3 -3.81
4 -55.08
5 -119.82
6 -3.22
7 -55.66
8 -121.29
9 3.52
10 -54.49
11 -111.33
0 -4.39
1 -56.84
2 -110.45
3 -3.81
4 -59.47
5 -119.53
6 -3.81
7 -54.49
8 -106.64
9 3.52
10 -56.84
11 -111.33
0 -3.22
1 -52.44
2 -104.30
3 -3.52
4 -61.52
5 -119.53
6 -4.10
7 -50.39
8 -93.46
9 3.52
10 -57.13
11 -111.33
0 -2.34
1 -47.75
2 -98.14
3 -3.52
4 -61.82
5 -119.53
6 -4.10
7 -45.41
8 -84.08
9 3.52
10 -56.84
11 -111.33
0 -2.05
1 -45.12
2 -93.16
3 -3.52
4 -61.82
5 -119.53
6 -3.81
7 -42.77
8 -78.81
9 3.52
10 -56.84
11 -111.33
0 -1.76
1 -44.82
2 -91.11
3 -3.52
4 -61.82
5 -119.53
6 -3.81
7 -42.77
8 -78.81
9 3.52
10 -56.84
11 -111.33
0 -2.34
1 -44.82
2 -91.99
3 -3.52
4 -61.82
5 -119.53
6 -3.81
7 -42.77
8 -78.81
9 3.52
10 -57.13
11 -111.33
0 -2.05
1 -44.82
2 -91.99
3 -3.52
4 -61.82
5 -119.53
6 -3.81
7 -42.77
8 -78.81
9 3.52
10 -57.13
11 -111.33
0 -2.05
1 -44.82
2 -91.41
3 -3.52
4 -61.82
5 -119.53
6 -3.81
7 -42.77
8 -78.81
9 3.52
10 -57.13
11 -111.33
0 -2.05
1 -44.82
2 -91.99
3 -3.52
4 -61.82
5 -119.53
6 -3.81
7 -42.77
8 -78.81
9 3.52
10 -57.13
11 -111.33
0 -2.05
1 -44.82
2 -91.99
3 -3.52
4 -61.82
5 -119.53
6 -3.81
7 -42.77
8 -78.81
9 3.52
10 -56.84
11 -111.33
0 -2.05
1 -44.82
2 -91.99
3 -3.52
4 -61.82
5 -119.24
6 -3.81
7 -42.77
8 -78.81
9 3.22
10 -56.84
11 -111.33
0 -2.05
1 -44.82
2 -91.99
3 -3.81
4 -61.82
5 -113.96
6 -3.81
7 -42.77
8 -78.81
9 2.64
10 -55.08
11 -106.05
0 -2.34
1 -46.00
2 -91.41
3 -3.52
4 -58.89
5 -100.78
6 -3.81
7 -42.77
8 -78.81
9 2.64
10 -51.27
11 -91.70
0 -2.05
1 -46.88
2 -91.11
3 -3.22
4 -55.08
5 -87.01
6 -3.81
7 -42.77
8 -78.81
9 2.34
10 -45.12
11 -77.93
0 -2.34
1 -46.88
2 -91.11
3 -2.93
4 -48.93
5 -70.31
6 -3.81
7 -42.77
8 -78.81
9 1.76
10 -36.62
11 -63.28
0 -2.34
1 -46.88
2 -91.11
3 -2.34
4 -39.55
5 -52.15
6 -3.81
7 -42.77
8 -78.81
9 1.17
10 -27.25
11 -46.88
0 -2.34
1 -46.88
2 -91.11
3 -2.34
4 -29.59
5 -36.04
6 -3.81
7 -42.77
8 -78.81
9 0.88
10 -19.63
11 -31.93
0 -2.05
1 -46.88
2 -91.11
3 -2.34
4 -22.56
5 -22.27
6 -3.81
7 -42.77
8 -78.81
9 0.29
10 -14.94
11 -20.51
0 -2.34
1 -46.88
2 -91.11
3 -1.46
4 -16.99
5 -12.01
6 -3.81
7 -42.77
8 -78.81
9 -0.29
10 -9.38
11 -10.55
0 -2.05
1 -46.88
2 -91.11
3 -0.88
4 -10.84
5 -4.39
6 -3.81
7 -42.77
8 -78.81
9 -0.88
10 -2.64
11 -2.64
0 -2.05
1 -46.88
2 -91.11
3 -0.88
4 -7.03
5 0.00
6 -3.81
7 -42.77
8 -78.81
9 -0.59
10 -0.29
11 2.34
0 -2.34
1 -46.58
2 -91.41
3 -0.88
4 -4.98
5 0.88
6 -3.81
7 -42.77
8 -78.81
9 -0.59
10 0.59
11 4.98
0 -2.34
1 -46.58
2 -91.11
3 -0.88
4 -4.39
5 0.88
6 -3.81
7 -42.77
8 -78.81
9 -0.59
10 0.59
11 5.27
0 -2.34
1 -46.88
2 -91.11
3 -1.17
4 -3.52
5 -0.59
6 -3.81
7 -42.77
8 -78.81
9 0.29
10 0.29
11 4.98
0 -2.34
1 -46.29
2 -91.41
3 -1.76
4 -3.52
5 -0.29
6 -3.81
7 -42.77
8 -78.81
9 1.17
10 0.59
11 4.98
0 -2.34
1 -46.58
2 -91.41
3 -1.76
4 -3.52
5 -0.29
6 -3.81
7 -42.77
8 -78.81
9 0.88
10 0.59
11 4.98
0 -2.34
1 -46.29
2 -91.41
3 -1.76
4 -3.52
5 -0.29
6 -3.81
7 -42.77
8 -78.81
9 0.88
10 0.29
11 4.98
0 -2.34
1 -46.29
2 -91.41
3 -1.76
4 -3.52
5 -0.29
6 -3.81
7 -42.77
8 -78.81
9 0.88
10 0.59
11 4.98
0 -2.34
1 -46.29
2 -91.41
3 -1.76
4 -3.52
5 -0.29
6 -3.81
7 -42.77
8 -78.81
9 1.17
10 0.29
11 4.98
0 -4.10
1 -46.29
2 -90.53
3 -1.76
4 -3.52
5 -0.29
6 -5.86
7 -41.89
8 -78.22
9 1.17
10 0.29
11 4.98
0 -2.64
1 -45.70
2 -83.79
3 -1.76
4 -3.52
5 -0.29
6 -5.86
7 -37.50
8 -71.78
9 1.17
10 0.59
11 4.98
0 -1.76
1 -41.60
2 -70.02
3 -1.76
4 -3.52
5 -0.29
6 -5.27
7 -29.00
8 -57.13
9 0.88
10 0.59
11 4.98
0 -1.46
1 -34.86
2 -56.54
3 -1.76
4 -3.52
5 -0.29
6 -5.27
7 -20.80
8 -42.77
9 0.88
10 0.59
11 4.98
0 -1.17
1 -26.95
2 -44.24
3 -1.76
4 -3.52
5 -0.59
6 -5.57
7 -13.77
8 -31.93
9 1.17
10 0.59
11 4.98
0 -0.88
1 -20.80
2 -32.52
3 -1.76
4 -3.52
5 -0.29
6 -5.57
7 -7.62
8 -22.56
9 1.17
10 0.59
11 4.98
0 -0.88
1 -14.65
2 -21.68
3 -1.76
4 -3.52
5 -0.29
6 -5.27
7 -2.93
8 -13.18
9 1.17
10 0.59
11 4.98
0 -0.88
1 -10.25
2 -12.30
3 -1.76
4 -3.52
5 -0.29
6 -5.57
7 0.00
8 -9.08
9 1.17
10 0.59
11 4.98
0 -0.59
1 -7.03
2 -5.86
3 -1.76
4 -3.52
5 -0.59
6 -5.27
7 1.46
8 -7.91
9 1.17
10 0.59
11 4.98
0 -0.88
1 -4.39
2 -4.10
3 -1.76
4 -3.52
5 -0.59
6 -5.27
7 1.46
8 -7.62
9 1.17
10 0.59
11 4.69
0 -0.88
1 -3.22
2 -4.39
3 -2.34
4 -3.52
5 -0.29
6 -4.98
7 0.59
8 -8.20
9 1.17
10 0.59
11 4.98
0 -1.17
1 -3.52
2 -4.69
3 -1.76
4 -3.52
5 -0.29
6 -5.27
7 0.59
8 -8.20
9 1.17
10 0.29
11 5.27
0 -2.05
1 -3.52
2 -4.69
3 -1.76
4 -3.52
5 -0.29
6 -5.57
7 0.59
8 -8.20
9 0.88
10 0.59
11 4.98
0 -2.34
1 -3.52
2 -4.69
3 -1.76
4 -3.81
5 -0.29
6 -5.57
7 0.59
8 -8.20
9 1.17
10 0.59
11 4.98
0 -2.34
1 -3.22
2 -4.69
3 -1.76
4 -3.52
5 -0.29
6 -5.27
7 0.59
8 -8.20
9 0.88
10 0.29
11 4.98
0 -2.05
1 -3.52
2 -4.69
3 -1.76
4 -3.52
5 -0.29
6 -5.57
7 0.59
8 -8.20
9 1.17
10 0.59
11 4.98
0 -2.05
1 -3.52
2 -4.69
3 -2.05
4 -3.52
5 -0.59
6 -5.57
7 0.59
8 -8.20
9 1.17
10 0.59
11 4.69
0 -2.05
1 -3.52
2 -4.69
3 -2.05
4 -3.52
5 -0.29
6 -5.27
7 0.59
8 -8.20
9 1.17
10 0.29
11 4.98
0 -2.05
1 -3.52
2 -4.69
3 -2.34
4 -4.10
5 -0.29
6 -5.27
7 0.59
8 -8.20
9 1.76
10 -0.59
11 4.39
0 -2.34
1 -3.52
2 -4.69
3 -2.05
4 -7.62
5 0.59
6 -5.27
7 0.29
8 -8.20
9 1.76
10 -5.57
11 2.34
0 -2.05
1 -3.22
2 -4.69
3 -2.05
4 -12.01
5 0.88
6 -5.57
7 0.00
8 -8.20
9 2.34
10 -12.01
11 0.59
0 -2.05
1 -3.52
2 -4.69
3 -1.76
4 -20.21
5 0.88
6 -5.86
7 0.00
8 -8.20
9 2.34
10 -21.97
11 0.59
0 -2.05
1 -3.22
2 -4.69
3 -2.05
4 -28.42
5 0.88
6 -5.57
7 0.00
8 -8.20
9 2.34
10 -31.05
11 0.88
0 -2.05
1 -3.22
2 -4.69
3 -2.05
4 -36.04
5 0.88
6 -5.57
7 0.29
8 -8.20
9 2.34
10 -38.09
11 0.88
0 -2.05
1 -3.52
2 -4.69
3 -2.05
4 -42.19
5 1.17
6 -5.57
7 0.00
8 -8.20
9 2.34
10 -43.07
11 0.59
0 -2.05
1 -3.52
2 -4.69
3 -2.05
4 -47.17
5 0.88
6 -5.57
7 0.00
8 -8.20
9 1.76
10 -46.00
11 0.88
0 -2.05
1 -3.52
2 -4.69
3 -2.34
4 -51.86
5 0.88
6 -5.57
7 0.00
8 -8.20
9 1.46
10 -47.75
11 0.59
0 -2.05
1 -3.52
2 -4.69
3 -3.22
4 -55.66
5 0.88
6 -5.57
7 0.00
8 -8.20
9 1.46
10 -48.05
11 0.59
0 -2.34
1 -3.52
2 -4.69
3 -3.22
4 -58.89
5 0.88
6 -5.57
7 0.00
8 -8.20
9 0.88
10 -47.75
11 0.88
0 -2.34
1 -3.52
2 -4.69
3 -2.05
4 -59.18
5 0.88
6 -5.57
7 0.00
8 -8.20
9 0.59
10 -46.88
11 1.17
0 -2.05
1 -3.52
2 -4.69
3 -1.76
4 -58.59
5 -0.29
6 -5.57
7 0.29
8 -8.20
9 0.59
10 -46.00
11 1.17
0 -2.05
1 -3.52
2 -4.69
3 -2.05
4 -57.13
5 -0.29
6 -5.57
7 0.29
8 -8.20
9 0.59
10 -46.00
11 1.46
0 -2.05
1 -3.52
2 -4.69
3 -1.76
4 -57.13
5 -0.29
6 -5.57
7 0.29
8 -8.20
9 0.59
10 -46.00
11 1.46
0 -2.05
1 -3.22
2 -4.69
3 -2.05
4 -57.13
5 -0.29
6 -5.57
7 0.29
8 -8.20
9 0.59
10 -46.00
11 1.46
0 -2.05
1 -3.52
2 -4.69
3 -1.76
4 -57.13
5 -0.29
6 -5.57
7 0.29
8 -8.20
9 0.59
10 -46.00
11 1.46
0 -2.05
1 -3.22
2 -4.69
3 -2.05
4 -57.13
5 -0.29
6 -5.57
7 0.59
8 -8.20
9 0.59
10 -46.29
11 1.46
0 -1.76
1 -3.52
2 -4.69
3 -2.05
4 -57.13
5 -0.29
6 -5.57
7 0.59
8 -8.20
9 0.59
10 -46.00
11 1.46
0 -1.76
1 -3.52
2 -4.69
3 -1.76
4 -57.13
5 -0.29
6 -5.57
7 0.59
8 -8.20
9 0.59
10 -46.29
11 1.46
0 -6.15
1 -3.22
2 -4.98
3 -1.76
4 -56.84
5 -0.29
6 -3.81
7 0.59
8 -8.20
9 1.76
10 -46.00
11 1.46
0 -8.79
1 -3.22
2 -4.98
3 -1.76
4 -56.84
5 -0.29
6 -3.81
7 0.29
8 -8.20
9 1.76
10 -46.29
11 1.46
0 -9.08
1 -3.52
2 -5.57
3 -1.76
4 -56.84
5 -0.29
6 -4.39
7 -1.17
8 -8.79
9 1.76
10 -46.00
11 1.46
0 -8.79
1 -3.81
2 -5.86
3 -2.34
4 -57.13
5 -0.29
6 -6.15
7 -1.17
8 -8.79
9 2.64
10 -46.29
11 1.46
0 -7.03
1 -4.39
2 -5.57
3 -2.93
4 -57.13
5 -0.29
6 -7.32
7 -2.34
8 -8.79
9 3.52
10 -46.29
11 1.46
0 -6.15
1 -5.86
2 -4.39
3 -3.22
4 -56.84
5 -0.29
6 -10.25
7 -6.74
8 -7.32
9 4.39
10 -46.29
11 1.46
0 -6.15
1 -9.67
2 -2.93
3 -3.22
4 -57.13
5 -0.29
6 -10.84
7 -16.41
8 -7.03
9 4.39
10 -46.29
11 1.46
0 -7.03
1 -18.16
2 2.05
3 -3.22
4 -57.13
5 -0.29
6 -9.96
7 -26.37
8 -4.69
9 4.69
10 -46.29
11 1.46
0 -7.32
1 -24.61
2 8.50
3 -2.93
4 -57.13
5 -0.29
6 -8.20
7 -34.57
8 -1.46
9 4.39
10 -46.29
11 1.46
0 -7.32
1 -28.71
2 13.77
3 -2.93
4 -56.84
5 -0.29
6 -8.20
7 -42.48
8 0.88
9 4.69
10 -46.29
11 1.46
0 -7.03
1 -32.23
2 17.29
3 -2.93
4 -56.84
5 -0.29
6 -8.20
7 -48.63
8 2.34
9 4.69
10 -46.29
11 1.46
0 -5.86
1 -34.28
2 20.21
3 -2.93
4 -57.13
5 -0.29
6 -8.79
7 -53.91
8 2.34
9 4.69
10 -46.00
11 1.46
0 -5.27
1 -36.62
2 20.80
3 -2.93
4 -57.13
5 -0.29
6 -9.08
7 -58.30
8 2.34
9 4.39
10 -46.29
11 1.17
0 -2.93
1 -38.96
2 20.80
3 -3.22
4 -56.84
5 -0.29
6 -8.79
7 -61.52
8 2.34
9 4.39
10 -46.00
11 1.46
0 -0.88
1 -39.55
2 21.09
3 -3.22
4 -57.13
5 -0.29
6 -8.79
7 -61.82
8 2.93
9 4.69
10 -46.29
11 1.46
0 0.29
1 -39.84
2 20.80
3 -3.22
4 -57.13
5 -0.29
6 -8.20
7 -60.35
8 2.64
9 4.39
10 -46.00
11 1.17
0 0.29
1 -38.67
2 19.04
3 -3.22
4 -57.13
5 -0.29
6 -9.08
7 -59.77
8 2.34
9 4.39
10 -46.00
11 1.46
0 0.00
1 -37.79
2 19.04
3 -2.93
4 -57.13
5 -0.29
6 -9.08
7 -59.77
8 2.34
9 4.69
10 -46.00
11 1.46
0 0.00
1 -37.79
2 19.04
3 -3.22
4 -57.13
5 -0.29
6 -9.08
7 -59.77
8 2.34
9 4.69
10 -46.00
11 1.46
0 0.00
1 -37.79
2 19.04
3 -2.93
4 -57.13
5 -0.29
6 -9.08
7 -59.77
8 2.34
9 4.39
10 -46.29
11 1.46
0 0.00
1 -37.79
2 19.04
3 -2.93
4 -57.13
5 -0.29
6 -8.79
7 -59.77
8 2.34
9 4.39
10 -46.29
11 1.46
0 -0.29
1 -37.79
2 19.34
3 -2.93
4 -57.13
5 -0.29
6 -8.79
7 -60.35
8 2.34
9 4.39
10 -46.00
11 1.46
0 -0.29
1 -37.79
2 19.04
3 -2.93
4 -57.13
5 -0.29
6 -8.79
7 -60.35
8 2.34
9 4.39
10 -46.29
11 1.46
0 -0.29
1 -37.50
2 19.04
3 -2.93
4 -57.13
5 -0.29
6 -8.79
7 -60.35
8 2.34
9 4.39
10 -46.29
11 1.46
0 -0.29
1 -37.79
2 19.34
3 -2.93
4 -57.13
5 -0.29
6 -8.79
7 -59.77
8 2.34
9 4.39
10 -46.29
11 1.17
0 -0.29
1 -37.79
2 19.04
3 -2.93
4 -56.84
5 -0.29
6 -8.50
7 -59.47
8 2.34
9 3.81
10 -46.00
11 1.46
0 -0.29
1 -37.79
2 19.34
3 -2.93
4 -57.13
5 -0.29
6 -7.32
7 -58.30
8 2.34
9 1.46
10 -45.70
11 1.46
0 -0.29
1 -37.50
2 19.34
3 -2.34
4 -56.84
5 -0.29
6 -3.81
7 -57.71
8 2.34
9 -1.17
10 -45.70
11 1.46
0 -0.29
1 -37.79
2 19.34
3 -2.34
4 -57.13
5 -0.29
6 2.34
7 -57.71
8 2.34
9 -5.27
10 -45.70
11 1.76
0 -0.29
1 -37.50
2 19.34
3 -2.34
4 -57.13
5 0.00
6 9.67
7 -57.71
8 2.34
9 -10.84
10 -46.29
11 2.34
0 -0.29
1 -37.79
2 19.04
3 -2.34
4 -57.13
5 -0.29
6 17.87
7 -56.54
8 2.34
9 -15.82
10 -46.88
11 2.64
0 -0.59
1 -37.79
2 19.04
3 -2.34
4 -57.13
5 -0.29
6 26.37
7 -54.49
8 2.34
9 -20.80
10 -47.46
11 2.34
0 -0.59
1 -37.50
2 19.34
3 -2.34
4 -57.13
5 -0.29
6 33.98
7 -51.56
8 2.34
9 -25.20
10 -47.46
11 2.64
0 -0.88
1 -37.79
2 19.34
3 -2.34
4 -56.84
5 -0.29
6 42.19
7 -48.34
8 2.34
9 -30.18
10 -46.29
11 2.64
0 -0.88
1 -37.50
2 19.34
3 -2.34
4 -57.13
5 -0.29
6 48.93
7 -46.88
8 2.34
9 -35.45
10 -47.17
11 2.34
0 -0.88
1 -37.50
2 19.34
3 -2.34
4 -56.84
5 -0.29
6 53.32
7 -45.70
8 2.34
9 -37.21
10 -47.17
11 2.34
0 -1.17
1 -37.50
2 19.04
3 -2.34
4 -57.13
5 -0.29
6 53.03
7 -46.00
8 2.64
9 -34.57
10 -45.41
11 2.64
0 -1.76
1 -37.50
2 19.34
3 -2.34
4 -57.13
5 -0.29
6 47.17
7 -45.70
8 2.64
9 -31.35
10 -44.53
11 2.64
0 -1.46
1 -37.50
2 19.34
3 -2.34
4 -57.13
5 -0.29
6 47.46
7 -46.29
8 2.64
9 -32.81
10 -44.53
11 2.64
0 -1.46
1 -37.50
2 19.04
3 -2.34
4 -56.84
5 -0.29
6 54.20
7 -45.70
8 2.64
9 -37.21
10 -44.53
11 2.64
0 -1.46
1 -37.50
2 19.04
3 -2.34
4 -56.84
5 -0.29
6 55.08
7 -45.70
8 2.64
9 -35.74
10 -44.82
11 2.64
0 -1.46
1 -37.50
2 19.34
3 -2.34
4 -56.84
5 -0.29
6 50.10
7 -45.41
8 2.64
9 -31.05
10 -44.82
11 2.64
0 -1.46
1 -37.50
2 19.04
3 -2.34
4 -56.84
5 -0.29
6 42.19
7 -45.41
8 2.64
9 -22.85
10 -44.53
11 2.93
0 -1.46
1 -37.50
2 19.34
3 -2.34
4 -56.84
5 -0.29
6 32.81
7 -45.12
8 2.64
9 -13.77
10 -44.53
11 2.64
0 -1.46
1 -37.50
2 19.04
3 -2.34
4 -56.84
5 -0.29
6 22.56
7 -42.77
8 2.64
9 -5.27
10 -41.60
11 2.64
0 -1.46
1 -37.50
2 19.34
3 -2.34
4 -56.84
5 -0.29
6 12.89
7 -39.84
8 2.64
9 1.46
10 -39.26
11 2.64
0 -1.46
1 -37.50
2 19.04
3 -2.34
4 -56.84
5 -0.29
6 4.69
7 -36.91
8 2.64
9 7.62
10 -36.33
11 2.64
0 -1.46
1 -37.50
2 19.34
3 -2.34
4 -56.84
5 -0.29
6 -0.29
7 -34.86
8 2.64
9 10.25
10 -35.74
11 2.64
0 -1.46
1 -37.50
2 19.34
3 -2.34
4 -56.84
5 -0.29
6 -1.17
7 -34.57
8 2.34
9 10.25
10 -36.04
11 1.76
0 -1.46
1 -37.50
2 19.34
3 -2.34
4 -56.84
5 -0.29
6 -0.59
7 -34.28
8 2.34
9 10.25
10 -36.04
11 1.76
0 -1.46
1 -37.50
2 19.34
3 -2.34
4 -56.84
5 -0.29
6 -0.59
7 -34.57
8 2.34
9 10.25
10 -36.04
11 1.76
0 -1.46
1 -37.50
2 19.34
3 -2.34
4 -56.84
5 -0.29
6 -0.59
7 -34.57
8 2.34
9 10.25
10 -36.04
11 1.76
0 -1.46
1 -37.50
2 19.04
3 -2.34
4 -56.84
5 -0.29
6 -0.29
7 -34.28
8 2.34
9 10.25
10 -35.74
11 1.76
0 -1.46
1 -37.50
2 19.04
3 -2.34
4 -56.84
5 -0.29
6 -0.59
7 -34.28
8 2.34
9 10.25
10 -36.04
11 1.76
0 0.29
1 -37.50
2 19.34
3 -4.39
4 -56.84
5 -0.29
6 -0.59
7 -34.28
8 2.34
9 10.25
10 -36.04
11 2.34
0 2.93
1 -37.50
2 19.04
3 -8.50
4 -56.84
5 0.00
6 -0.59
7 -34.57
8 2.34
9 10.25
10 -36.04
11 1.76
0 10.55
1 -37.79
2 19.34
3 -15.82
4 -56.54
5 -0.29
6 -0.59
7 -34.57
8 2.34
9 10.25
10 -36.04
11 1.76
0 19.92
1 -38.38
2 19.34
3 -24.02
4 -56.54
5 -0.29
6 -0.59
7 -34.57
8 2.34
9 10.25
10 -36.04
11 1.76
0 29.59
1 -38.38
2 19.34
3 -31.35
4 -55.37
5 0.00
6 -0.59
7 -34.57
8 2.34
9 10.25
10 -36.04
11 1.76
0 38.09
1 -38.67
2 19.34
3 -38.38
4 -54.79
5 0.00
6 -0.59
7 -34.57
8 2.34
9 10.25
10 -36.04
11 1.76
0 47.75
1 -38.96
2 19.92
3 -44.53
4 -51.86
5 0.88
6 -0.29
7 -34.86
8 2.64
9 10.25
10 -36.04
11 1.76
0 50.98
1 -38.96
2 19.92
3 -44.24
4 -51.27
5 0.59
6 -0.59
7 -34.57
8 2.34
9 10.25
10 -36.04
11 1.76
0 47.17
1 -38.96
2 19.34
3 -41.60
4 -51.86
5 0.59
6 -0.59
7 -34.28
8 2.64
9 10.25
10 -36.04
11 1.76
0 46.29
1 -37.79
2 19.34
3 -41.60
4 -50.68
5 0.59
6 -0.29
7 -34.57
8 2.34
9 10.25
10 -36.04
11 1.76
0 51.27
1 -39.55
2 19.63
3 -44.82
4 -50.98
5 0.88
6 -0.59
7 -34.28
8 2.34
9 10.25
10 -36.04
11 1.46
0 51.27
1 -38.96
2 19.63
3 -43.95
4 -50.68
5 0.59
6 -0.59
7 -34.28
8 2.34
9 10.25
10 -36.04
11 1.46
0 45.70
1 -38.38
2 19.34
3 -37.21
4 -51.86
5 0.59
6 -0.59
7 -34.28
8 2.34
9 10.25
10 -36.04
11 1.46
0 33.98
1 -36.91
2 19.34
3 -26.95
4 -52.15
5 0.59
6 -0.59
7 -34.57
8 2.34
9 10.25
10 -36.04
11 1.46
0 21.39
1 -36.04
2 19.34
3 -15.82
4 -50.98
5 0.59
6 -0.59
7 -34.57
8 2.64
9 10.25
10 -36.04
11 1.46
0 11.43
1 -34.86
2 19.34
3 -5.86
4 -50.68
5 0.00
6 -0.59
7 -34.57
8 2.34
9 10.25
10 -36.04
11 1.46
0 4.69
1 -32.52
2 19.34
3 -0.59
4 -50.39
5 -0.29
6 -0.59
7 -34.57
8 2.34
9 10.25
10 -36.04
11 1.46
0 3.52
1 -32.23
2 19.34
3 0.59
4 -50.10
5 -0.29
6 -0.59
7 -34.28
8 2.64
9 10.25
10 -36.04
11 1.46
0 4.10
1 -32.23
2 19.34
3 -0.29
4 -49.80
5 -0.29
6 -0.59
7 -34.28
8 2.34
9 10.25
10 -36.04
11 1.46
0 5.27
1 -32.23
2 19.34
3 -0.59
4 -50.10
5 -0.29
6 -0.59
7 -34.28
8 2.34
9 10.25
10 -36.04
11 1.46
0 5.27
1 -32.23
2 19.34
3 -0.59
4 -50.10
5 -0.29
6 -0.59
7 -34.57
8 2.64
9 10.25
10 -36.04
11 1.46
0 5.27
1 -32.23
2 19.04
3 -0.59
4 -50.10
5 -0.29
6 -0.59
7 -34.57
8 2.34
9 10.25
10 -36.04
11 1.46
0 5.27
1 -32.23
2 19.34
3 -0.59
4 -50.10
5 -0.29
6 -0.59
7 -34.57
8 2.34
9 10.25
10 -36.04
11 1.46
0 5.27
1 -32.23
2 19.34
3 -0.59
4 -50.10
5 -0.29
6 -0.59
7 -34.57
8 2.64
9 10.25
10 -36.04
11 1.46
0 5.27
1 -32.23
2 19.34
3 -0.59
4 -50.10
5 -0.29
6 -0.59
7 -34.57
8 2.34
9 10.25
10 -36.04
11 1.46
0 5.27
1 -32.23
2 19.34
3 0.00
4 -49.80
5 -0.29
6 -0.59
7 -34.86
8 2.34
9 10.25
10 -36.04
11 1.46
0 5.27
1 -32.23
2 19.04
3 0.59
4 -50.10
5 -0.29
6 -2.05
7 -34.57
8 2.34
9 10.25
10 -36.04
11 1.46
0 5.27
1 -32.23
2 19.34
3 3.22
4 -50.98
5 -0.29
6 -6.15
7 -35.16
8 2.34
9 10.25
10 -36.04
11 1.46
0 5.27
1 -32.23
2 19.34
3 9.08
4 -50.98
5 -0.29
6 -13.77
7 -36.33
8 2.34
9 10.25
10 -36.04
11 1.46
0 5.27
1 -32.23
2 19.34
3 16.11
4 -50.98
5 -0.29
6 -22.85
7 -37.50
8 2.34
9 10.25
10 -36.04
11 1.46
0 5.27
1 -32.23
2 19.34
3 24.61
4 -50.68
5 -0.29
6 -33.69
7 -39.55
8 2.64
9 10.25
10 -36.04
11 1.46
0 5.27
1 -32.23
2 19.34
3 32.81
4 -50.68
5 -0.29
6 -45.12
7 -41.02
8 2.64
9 10.25
10 -36.04
11 1.46
0 5.27
1 -32.23
2 19.34
3 38.96
4 -50.10
5 0.59
6 -50.98
7 -40.72
8 2.93
9 10.25
10 -36.04
11 1.46
0 5.57
1 -32.23
2 19.34
3 38.96
4 -50.39
5 -0.29
6 -49.51
7 -38.96
8 2.34
9 10.25
10 -36.04
11 1.46
0 5.27
1 -32.23
2 19.34
3 37.21
4 -50.68
5 -0.29
6 -48.05
7 -38.38
8 1.17
9 10.25
10 -36.04
11 1.46
0 5.27
1 -32.23
2 19.34
3 38.96
4 -50.68
5 -0.29
6 -50.10
7 -39.84
8 2.34
9 10.25
10 -35.74
11 1.46
0 4.98
1 -32.52
2 19.34
3 40.14
4 -50.39
5 0.59
6 -52.15
7 -39.55
8 2.34
9 10.25
10 -36.04
11 1.46
0 5.27
1 -32.52
2 19.34
3 37.79
4 -50.10
5 -0.59
6 -50.98
7 -39.55
8 2.34
9 10.25
10 -36.04
11 1.46
0 4.98
1 -32.52
2 19.34
3 31.93
4 -48.05
5 -0.88
6 -42.48
7 -39.55
8 2.34
9 9.96
10 -36.04
11 1.46
0 4.69
1 -32.52
2 19.34
3 22.56
4 -46.00
5 -0.88
6 -32.81
7 -38.38
8 2.34
9 9.96
10 -36.04
11 1.46
0 4.69
1 -32.52
2 19.34
3 13.77
4 -42.19
5 -0.88
6 -22.27
7 -37.79
8 2.34
9 9.96
10 -36.04
11 1.46
0 4.69
1 -32.52
2 19.34
3 6.15
4 -37.50
5 -0.59
6 -12.01
7 -37.21
8 1.46
9 9.96
10 -36.04
11 1.46
0 4.69
1 -32.52
2 19.34
3 0.59
4 -33.40
5 -0.29
6 -3.81
7 -37.21
8 0.88
9 9.96
10 -36.04
11 1.46
0 4.69
1 -32.52
2 19.34
3 -1.17
4 -31.93
5 -0.29
6 1.17
7 -37.50
8 0.88
9 9.96
10 -36.04
11 1.46
0 4.69
1 -32.52
2 19.34
3 -1.46
4 -31.93
5 -0.29
6 2.34
7 -37.50
8 0.88
9 9.96
10 -36.04
11 1.76
0 4.69
1 -32.52
2 19.34
3 -1.17
4 -32.23
5 -0.29
6 2.05
7 -37.50
8 0.88
9 9.96
10 -36.04
11 1.46
0 4.69
1 -32.52
2 19.34
3 -0.59
4 -32.52
5 -0.29
6 1.76
7 -37.79
8 0.88
9 9.96
10 -36.04
11 1.46
0 4.69
1 -32.52
2 19.34
3 -0.59
4 -32.52
5 -0.29
6 1.76
7 -37.79
8 0.88
9 9.96
10 -36.04
11 1.46
0 4.69
1 -32.52
2 19.34
3 -0.29
4 -32.52
5 -0.29
6 1.76
7 -37.79
8 0.88
9 9.96
10 -36.04
11 1.46
0 4.69
1 -32.52
2 19.34
3 -0.29
4 -32.52
5 -0.29
6 1.76
7 -37.79
8 0.88
9 9.96
10 -36.04
11 1.46
0 4.69
1 -32.52
2 19.34
3 -0.29
4 -32.52
5 -0.29
6 1.76
7 -37.79
8 0.88
9 9.96
10 -36.04
11 1.46
0 4.69
1 -32.52
2 19.34
3 -0.29
4 -32.52
5 -0.29
6 2.05
7 -37.79
8 0.88
9 9.96
10 -36.04
11 1.46
0 4.69
1 -32.81
2 19.34
3 -0.29
4 -32.52
5 -0.29
6 1.76
7 -37.50
8 0.88
9 10.25
10 -36.04
11 1.46
0 2.93
1 -32.81
2 19.34
3 -0.29
4 -32.52
5 -0.29
6 1.76
7 -37.79
8 0.88
9 12.01
10 -36.33
11 1.76
0 -1.17
1 -32.81
2 19.34
3 -0.29
4 -32.52
5 -0.29
6 1.76
7 -37.79
8 0.88
9 17.58
10 -36.33
11 1.76
0 -9.38
1 -32.81
2 19.34
3 -0.29
4 -32.52
5 -0.29
6 1.76
7 -37.79
8 0.88
9 26.66
10 -36.04
11 1.46
0 -19.63
1 -32.81
2 19.34
3 -0.29
4 -32.52
5 -0.29
6 1.76
7 -37.79
8 0.88
9 35.74
10 -36.04
11 1.46
0 -29.59
1 -32.81
2 19.04
3 -0.29
4 -32.52
5 -0.29
6 1.76
7 -37.79
8 0.88
9 43.65
10 -36.33
11 1.46
0 -39.55
1 -32.81
2 19.04
3 -0.29
4 -32.52
5 -0.29
6 1.76
7 -37.79
8 0.88
9 49.22
10 -36.04
11 1.17
0 -44.24
1 -32.52
2 18.16
3 -0.29
4 -32.52
5 -0.29
6 1.76
7 -37.79
8 0.88
9 45.41
10 -36.04
11 1.17
0 -41.31
1 -32.52
2 18.16
3 -0.59
4 -32.52
5 -0.29
6 1.76
7 -37.79
8 0.88
9 43.07
10 -36.33
11 1.46
0 -42.19
1 -32.52
2 18.16
3 -0.59
4 -32.52
5 -0.29
6 1.76
7 -37.79
8 0.88
9 47.17
10 -36.33
11 1.46
0 -45.70
1 -32.81
2 18.46
3 -0.59
4 -32.52
5 -0.29
6 1.76
7 -37.79
8 0.88
9 48.05
10 -36.33
11 1.46
0 -45.70
1 -32.81
2 18.46
3 -0.29
4 -32.52
5 -0.29
6 1.76
7 -37.79
8 0.88
9 44.53
10 -36.33
11 1.46
0 -40.43
1 -32.52
2 18.16
3 -0.29
4 -32.52
5 -0.29
6 1.76
7 -37.79
8 0.88
9 34.86
10 -36.33
11 1.46
0 -30.47
1 -32.52
2 18.16
3 -0.29
4 -32.52
5 -0.29
6 1.76
7 -37.79
8 0.88
9 22.85
10 -36.04
11 1.46
0 -20.21
1 -32.52
2 18.16
3 -0.59
4 -32.52
5 -0.29
6 1.76
7 -37.79
8 0.88
9 11.13
10 -35.45
11 1.46
0 -9.08
1 -32.23
2 18.16
3 -0.29
4 -32.52
5 -0.29
6 1.76
7 -37.79
8 0.88
9 1.17
10 -34.86
11 1.46
0 0.88
1 -30.47
2 18.16
3 -0.29
4 -32.52
5 -0.29
6 1.76
7 -37.79
8 0.88
9 -4.98
10 -34.28
11 1.76
0 6.74
1 -29.30
2 18.16
3 -0.29
4 -32.52
5 -0.29
6 1.76
7 -37.79
8 0.88
9 -6.45
10 -34.57
11 1.76
0 6.15
1 -29.30
2 18.16
3 0.59
4 -32.52
5 -0.29
6 1.76
7 -37.79
8 0.88
9 -6.15
10 -35.45
11 1.76
0 4.10
1 -29.30
2 18.16
3 0.59
4 -32.52
5 -0.29
6 1.76
7 -37.79
8 0.88
9 -4.98
10 -35.74
11 2.34
0 4.10
1 -29.30
2 18.16
3 0.29
4 -32.52
5 -0.29
6 1.76
7 -37.79
8 0.88
9 -4.39
10 -35.74
11 2.34
0 4.39
1 -29.30
2 18.16
3 0.29
4 -33.11
5 -0.29
6 1.76
7 -37.79
8 0.88
9 -4.39
10 -35.45
11 2.34
0 4.98
1 -29.30
2 18.16
3 0.29
4 -32.52
5 -0.29
6 1.76
7 -37.79
8 0.88
9 -4.39
10 -35.45
11 2.34
0 4.98
1 -29.30
2 18.46
3 0.29
4 -33.11
5 -0.29
6 1.76
7 -37.79
8 0.88
9 -4.39
10 -35.45
11 2.34
0 4.98
1 -29.30
2 18.16
3 0.59
4 -32.52
5 -0.29
6 1.76
7 -37.79
8 0.88
9 -4.39
10 -35.45
11 2.34
0 4.98
1 -29.30
2 18.16
3 0.59
4 -32.52
5 -0.29
6 1.76
7 -37.79
8 0.88
9 -4.39
10 -35.45
11 2.34
0 4.98
1 -29.30
2 18.16
3 0.59
4 -33.11
5 -0.29
6 1.76
7 -37.79
8 0.88
9 -4.39
10 -35.45
11 2.34
0 4.98
1 -29.30
2 18.16
3 0.59
4 -32.52
5 -0.29
6 1.76
7 -37.79
8 0.88
9 -4.39
10 -35.45
11 2.34
0 4.98
1 -29.30
2 18.16
3 0.59
4 -32.52
5 -0.29
6 1.76
7 -37.79
8 0.88
9 -4.39
10 -35.45
11 2.34
0 4.98
1 -29.30
2 18.46
3 0.59
4 -32.52
5 -0.29
6 1.76
7 -37.79
8 0.88
9 -4.39
10 -35.45
11 2.34
0 4.69
1 -29.30
2 18.16
3 0.59
4 -32.52
5 -0.29
6 1.76
7 -37.79
8 0.88
9 -4.39
10 -35.45
11 2.34
0 4.98
1 -29.30
2 18.16
3 0.29
4 -32.52
5 -0.29
6 1.76
7 -37.79
8 0.88
9 -4.39
10 -35.45
11 2.34
0 4.98
1 -29.30
2 18.16
3 0.59
4 -32.52
5 -0.29
6 1.76
7 -37.79
8 0.88
9 -4.39
10 -35.45
11 2.34
0 4.98
1 -29.30
2 18.16
3 0.59
4 -32.52
5 -0.29
6 1.76
7 -37.79
8 0.88
9 -4.39
10 -35.45
11 2.34
0 4.98
1 -29.30
2 18.46
3 0.29
4 -32.52
5 -0.29
6 1.76
7 -37.79
8 0.88
9 -4.39
10 -35.45
11 2.34
0 4.98
1 -29.30
2 18.46
3 0.29
4 -32.52
5 -0.29
6 1.76
7 -37.79
8 0.88
9 -4.39
10 -35.45
11 2.34
0 4.69
1 -29.30
2 18.16
3 0.59
4 -32.52
5 -0.29
6 1.76
7 -37.50
8 0.88
9 -4.39
10 -35.45
11 2.34
0 4.98
1 -29.30
2 18.46
3 0.59
4 -32.52
5 -0.29
6 1.76
7 -37.79
8 0.88
9 -4.39
10 -35.45
11 2.34
0 4.98
1 -29.30
2 18.46
3 0.88
4 -31.93
5 -0.29
6 1.76
7 -37.79
8 0.88
9 -4.39
10 -35.45
11 2.34
0 4.10
1 -26.95
2 17.87
3 1.46
4 -28.42
5 -0.59
6 1.76
7 -37.50
8 0.88
9 -4.39
10 -35.45
11 2.34
0 2.05
1 -19.34
2 17.29
3 3.81
4 -20.21
5 -0.59
6 1.76
7 -37.79
8 0.88
9 -4.39
10 -35.45
11 2.34
0 0.88
1 -11.72
2 16.41
3 4.10
4 -11.43
5 -0.59
6 1.76
7 -37.79
8 0.88
9 -4.39
10 -35.45
11 2.34
0 0.59
1 -4.39
2 13.48
3 4.10
4 -6.45
5 -0.59
6 1.76
7 -37.79
8 0.88
9 -4.39
10 -35.45
11 2.34
0 0.59
1 0.29
2 8.50
3 4.10
4 -4.39
5 -0.88
6 1.76
7 -37.79
8 0.88
9 -4.39
10 -35.45
11 2.34
0 0.88
1 2.64
2 7.32
3 3.81
4 -3.52
5 -0.59
6 1.76
7 -37.79
8 0.88
9 -4.39
10 -35.45
11 2.34
0 1.46
1 2.64
2 7.62
3 3.52
4 -3.52
5 -0.59
6 1.76
7 -37.50
8 0.88
9 -4.39
10 -35.45
11 2.34
0 1.46
1 2.64
2 7.62
3 3.52
4 -3.52
5 -0.59
6 1.46
7 -37.79
8 0.88
9 -4.39
10 -35.74
11 2.34
0 1.46
1 2.64
2 7.62
3 3.52
4 -3.52
5 -0.59
6 1.76
7 -37.79
8 0.88
9 -4.39
10 -35.45
11 2.34
0 1.46
1 2.64
2 7.62
3 3.52
4 -3.52
5 -0.59
6 1.76
7 -37.21
8 0.88
9 -4.39
10 -35.45
11 2.34
0 1.46
1 2.64
2 7.62
3 3.52
4 -3.22
5 -0.59
6 2.05
7 -33.98
8 0.59
9 -4.39
10 -33.98
11 1.17
0 2.05
1 2.64
2 7.62
3 3.52
4 -3.52
5 -0.59
6 2.05
7 -27.25
8 0.29
9 -4.10
10 -28.71
11 0.59
0 1.46
1 2.64
2 7.62
3 3.52
4 -3.52
5 -0.59
6 1.17
7 -19.34
8 0.00
9 -3.81
10 -19.63
11 -1.46
0 2.05
1 2.64
2 7.62
3 3.52
4 -3.52
5 -0.59
6 0.29
7 -12.01
8 0.00
9 -2.64
10 -12.30
11 -2.64
0 2.05
1 2.64
2 7.62
3 3.52
4 -3.52
5 -0.59
6 0.29
7 -4.39
8 -1.17
9 -2.34
10 -7.91
11 -5.86
0 1.46
1 2.64
2 7.62
3 3.52
4 -3.52
5 -0.59
6 0.29
7 -0.88
8 -1.46
9 -2.34
10 -6.15
11 -5.86
0 2.05
1 2.64
2 7.62
3 3.52
4 -3.52
5 -0.59
6 0.29
7 -0.59
8 -1.46
9 -2.64
10 -5.86
11 -5.86
0 2.05
1 2.64
2 7.62
3 3.52
4 -3.52
5 -0.59
6 0.29
7 -0.59
8 -1.46
9 -2.34
10 -5.86
11 -6.15
0 2.05
1 2.64
2 7.62
3 3.52
4 -3.52
5 -0.59
6 0.29
7 -0.29
8 -1.46
9 -2.34
10 -5.86
11 -6.15
0 1.46
1 2.64
2 7.62
3 3.52
4 -3.52
5 -0.59
6 0.29
7 -0.59
8 -1.46
9 -2.64
10 -5.86
11 -5.86
0 2.05
1 2.64
2 7.62
3 3.52
4 -3.52
5 -0.59
6 0.29
7 -0.59
8 -1.46
9 -2.64
10 -6.15
11 -5.86
0 2.05
1 2.64
2 7.62
3 3.52
4 -3.52
5 -0.59
6 0.29
7 -0.59
8 -1.46
9 -2.64
10 -6.45
11 -6.15
0 2.05
1 2.64
2 7.62
3 3.52
4 -3.22
5 -0.59
6 0.29
7 -0.59
8 -1.46
9 -2.64
10 -6.45
11 -6.15
0 2.05
1 2.64
2 7.62
3 3.52
4 -3.52
5 -0.59
6 0.29
7 -0.29
8 -1.46
9 -2.34
10 -6.45
11 -6.15
0 2.05
1 2.64
2 7.62
3 3.52
4 -3.52
5 -0.59
6 0.29
7 1.17
8 -2.93
9 -1.46
10 -6.45
11 -8.50
0 1.46
1 2.64
2 7.62
3 3.22
4 -3.52
5 -0.59
6 0.00
7 2.64
8 -2.93
9 -0.29
10 -6.74
11 -10.84
0 2.05
1 2.34
2 7.62
3 3.52
4 -3.52
5 -0.59
6 0.00
7 2.64
8 -2.93
9 0.00
10 -6.45
11 -12.01
0 1.46
1 2.64
2 7.62
3 3.52
4 -3.52
5 -0.59
6 0.00
7 2.64
8 -2.93
9 1.17
10 -7.03
11 -14.65
0 1.46
1 2.64
2 7.62
3 3.22
4 -4.98
5 -0.59
6 0.00
7 2.34
8 -2.93
9 4.10
10 -9.38
11 -16.70
0 2.05
1 2.64
2 7.62
3 2.64
4 -5.27
5 -0.59
6 -0.29
7 2.05
8 -2.93
9 6.15
10 -9.08
11 -19.63
0 2.05
1 2.64
2 7.62
3 2.64
4 -4.98
5 -0.59
6 -0.29
7 2.34
8 -3.22
9 6.15
10 -8.20
11 -24.90
0 2.05
1 2.64
2 7.62
3 3.81
4 -4.98
5 -0.59
6 1.76
7 2.93
8 -7.91
9 4.10
10 -8.20
11 -31.64
0 2.05
1 2.64
2 7.62
3 4.10
4 -5.57
5 -0.59
6 2.05
7 4.39
8 -16.11
9 3.52
10 -6.45
11 -40.43
0 2.05
1 2.64
2 7.32
3 3.52
4 -5.57
5 0.88
6 1.17
7 7.03
8 -26.37
9 3.52
10 -6.45
11 -50.39
0 2.05
1 2.34
2 7.62
3 3.22
4 -5.57
5 0.88
6 1.17
7 7.32
8 -35.16
9 3.52
10 -6.45
11 -58.89
0 2.05
1 2.64
2 7.62
3 3.22
4 -4.39
5 0.59
6 1.17
7 7.32
8 -45.12
9 3.52
10 -6.74
11 -65.04
0 2.64
1 2.64
2 7.62
3 2.34
4 -3.52
5 0.29
6 1.17
7 7.62
8 -55.08
9 3.52
10 -7.32
11 -71.19
0 2.93
1 2.64
2 7.62
3 1.46
4 -3.52
5 0.29
6 2.05
7 8.20
8 -68.26
9 3.52
10 -7.62
11 -78.22
0 2.93
1 2.64
2 7.62
3 1.46
4 -3.52
5 0.29
6 3.52
7 9.67
8 -80.86
9 3.22
10 -7.62
11 -83.50
0 2.93
1 2.64
2 7.62
3 2.05
4 -3.52
5 0.29
6 3.52
7 10.25
8 -88.48
9 3.22
10 -6.74
11 -89.06
0 2.93
1 2.64
2 7.62
3 2.05
4 -3.52
5 0.29
6 4.39
7 11.13
8 -93.75
9 1.46
10 -6.45
11 -95.80
0 2.93
1 2.64
2 7.62
3 2.05
4 -3.52
5 0.29
6 8.50
7 11.13
8 -99.32
9 -0.29
10 -6.74
11 -102.25
0 2.93
1 0.00
2 8.50
3 1.46
4 -3.22
5 0.00
6 10.84
7 7.32
8 -103.12
9 -0.59
10 -6.74
11 -106.05
0 2.93
1 0.00
2 8.50
3 1.46
4 -3.52
5 0.29
6 12.60
7 4.10
8 -103.71
9 -0.88
10 -6.45
11 -107.52
0 2.34
1 0.00
2 8.50
3 1.46
4 -3.81
5 0.29
6 16.11
7 1.46
8 -104.88
9 -0.59
10 -7.91
11 -108.69
0 0.88
1 -0.88
2 8.50
3 1.46
4 -3.81
5 0.29
6 16.41
7 0.88
8 -104.88
9 -0.29
10 -9.38
11 -109.28
0 0.59
1 -4.39
2 8.50
3 1.17
4 -5.27
5 0.29
6 16.41
7 0.29
8 -106.93
9 -0.29
10 -9.96
11 -109.86
0 0.59
1 -7.32
2 8.50
3 1.46
4 -5.86
5 0.29
6 16.41
7 -2.34
8 -111.04
9 -0.29
10 -12.01
11 -112.50
0 0.88
1 -8.79
2 8.20
3 2.05
4 -7.91
5 0.29
6 15.53
7 -7.32
8 -116.60
9 -0.59
10 -17.29
11 -117.48
0 1.17
1 -11.13
2 8.50
3 2.34
4 -9.96
5 0.29
6 14.65
7 -13.48
8 -121.87
9 -0.29
10 -24.02
11 -123.63
0 1.46
1 -11.43
2 8.50
3 2.05
4 -9.67
5 0.29
6 14.65
7 -20.21
8 -124.80
9 -0.29
10 -31.35
11 -129.20
0 2.64
1 -11.13
2 8.50
3 2.05
4 -9.08
5 0.29
6 14.65
7 -28.12
8 -128.32
9 -0.29
10 -40.14
11 -133.01
0 2.93
1 -10.25
2 8.50
3 2.05
4 -7.91
5 0.29
6 14.36
7 -35.45
8 -132.13
9 0.29
10 -47.46
11 -135.94
0 2.93
1 -10.25
2 8.50
3 2.05
4 -7.91
5 0.29
6 13.48
7 -41.60
8 -135.64
9 1.17
10 -53.03
11 -138.87
0 2.93
1 -9.96
2 8.50
3 2.34
4 -7.62
5 0.29
6 13.18
7 -44.24
8 -136.82
9 1.17
10 -54.49
11 -139.45
0 2.93
1 -9.96
2 8.50
3 2.64
4 -7.62
5 0.29
6 14.06
7 -44.24
8 -136.52
9 1.46
10 -54.79
11 -139.16
0 2.93
1 -9.96
2 8.50
3 2.64
4 -7.32
5 0.29
6 14.06
7 -44.53
8 -136.52
9 1.17
10 -54.79
11 -139.16
0 2.93
1 -9.96
2 8.50
3 2.64
4 -7.32
5 0.29
6 14.06
7 -44.53
8 -136.52
9 1.46
10 -54.49
11 -139.16
0 2.93
1 -9.96
2 8.50
3 2.64
4 -7.32
5 0.29
6 14.06
7 -44.53
8 -136.52
9 1.17
10 -54.79
11 -139.16
0 2.93
1 -9.96
2 8.50
3 2.64
4 -7.32
5 0.29
6 14.06
7 -44.24
8 -136.52
9 1.17
10 -54.79
11 -139.16
0 0.00
1 -9.67
2 7.91
3 3.81
4 -7.32
5 -0.88
6 14.36
7 -44.53
8 -136.52
9 1.17
10 -54.79
11 -139.16
0 0.00
1 -10.55
2 3.22
3 3.81
4 -6.15
5 -7.03
6 14.06
7 -44.53
8 -136.23
9 1.17
10 -54.49
11 -139.16
0 1.17
1 -9.08
2 -7.91
3 3.81
4 -5.57
5 -19.04
6 14.06
7 -44.53
8 -135.94
9 1.17
10 -54.49
11 -139.16
0 2.05
1 -9.08
2 -20.80
3 3.81
4 -5.57
5 -32.81
6 14.06
7 -44.53
8 -135.94
9 1.46
10 -54.20
11 -139.16
0 2.05
1 -9.08
2 -32.23
3 3.52
4 -4.69
5 -45.70
6 14.36
7 -43.65
8 -135.94
9 1.17
10 -54.49
11 -139.16
0 2.34
1 -9.67
2 -41.31
3 3.22
4 -4.69
5 -56.84
6 14.36
7 -43.65
8 -135.94
9 1.17
10 -54.20
11 -138.87
0 2.93
1 -9.96
2 -50.98
3 1.46
4 -4.69
5 -66.21
6 14.36
7 -44.24
8 -135.94
9 1.17
10 -54.20
11 -138.87
0 3.81
1 -10.55
2 -60.35
3 1.46
4 -7.62
5 -72.95
6 14.36
7 -44.53
8 -135.94
9 1.17
10 -54.20
11 -138.28
0 4.39
1 -11.43
2 -68.85
3 0.88
4 -11.72
5 -79.69
6 14.36
7 -45.70
8 -136.23
9 1.17
10 -54.20
11 -138.28
0 4.69
1 -12.60
2 -78.52
3 -1.46
4 -19.04
5 -88.18
6 14.06
7 -48.63
8 -136.23
9 1.17
10 -54.20
11 -138.28
0 4.69
1 -17.29
2 -88.48
3 -1.46
4 -28.42
5 -99.61
6 13.48
7 -51.86
8 -136.23
9 1.46
10 -54.79
11 -138.28
0 4.39
1 -26.07
2 -100.20
3 -1.46
4 -37.79
5 -110.16
6 14.06
7 -54.49
8 -136.82
9 1.46
10 -54.79
11 -138.28
0 4.39
1 -33.40
2 -112.79
3 -1.76
4 -43.07
5 -122.46
6 13.48
7 -55.08
8 -136.52
9 1.17
10 -54.79
11 -137.99
0 2.93
1 -36.62
2 -125.98
3 -2.05
4 -46.00
5 -133.59
6 14.06
7 -55.08
8 -136.82
9 1.46
10 -54.79
11 -137.99
0 2.34
1 -41.02
2 -136.52
3 -1.76
4 -47.75
5 -138.28
6 14.06
7 -55.08
8 -136.82
9 1.46
10 -54.79
11 -138.28
0 3.22
1 -46.00
2 -142.97
3 -3.81
4 -50.98
5 -140.92
6 14.06
7 -55.08
8 -136.82
9 1.46
10 -54.79
11 -138.87
0 2.64
1 -48.63
2 -143.26
3 -4.10
4 -53.03
5 -141.21
6 14.06
7 -55.08
8 -136.82
9 1.46
10 -54.49
11 -138.87
0 2.34
1 -51.56
2 -143.26
3 -3.22
4 -54.79
5 -141.21
6 14.06
7 -54.49
8 -136.52
9 1.46
10 -55.08
11 -139.16
0 2.64
1 -53.03
2 -143.26
3 -4.10
4 -56.54
5 -141.21
6 14.06
7 -54.49
8 -136.52
9 1.46
10 -55.08
11 -139.16
0 2.34
1 -53.32
2 -143.26
3 -3.81
4 -56.25
5 -141.80
6 14.06
7 -55.08
8 -136.52
9 1.46
10 -55.08
11 -139.16
0 2.34
1 -53.03
2 -143.26
3 -3.81
4 -56.54
5 -141.21
6 14.06
7 -54.49
8 -136.52
9 1.46
10 -55.08
11 -139.16
0 2.34
1 -53.03
2 -143.26
3 -3.81
4 -56.54
5 -141.21
6 14.06
7 -54.49
8 -136.52
9 1.46
10 -55.08
11 -139.16
0 2.34
1 -53.03
2 -143.26
3 -4.10
4 -56.54
5 -141.21
6 14.06
7 -54.49
8 -136.52
9 1.46
10 -55.08
11 -139.16
0 2.64
1 -53.03
2 -143.55
3 -4.10
4 -56.54
5 -141.21
6 14.06
7 -54.49
8 -136.52
9 1.46
10 -55.08
11 -139.16
0 2.34
1 -53.03
2 -143.26
3 -4.10
4 -56.25
5 -141.21
6 14.06
7 -54.49
8 -136.52
9 1.46
10 -55.08
11 -139.16
0 2.34
1 -53.03
2 -143.26
3 -3.81
4 -56.54
5 -141.21
6 14.06
7 -54.49
8 -136.52
9 1.46
10 -55.08
11 -139.16
0 2.34
1 -53.03
2 -143.26
3 -3.81
4 -56.54
5 -141.21
6 14.06
7 -54.49
8 -136.52
9 1.46
10 -55.08
11 -139.16
0 2.34
1 -53.03
2 -143.55
3 -3.81
4 -56.54
5 -141.21
6 14.06
7 -55.08
8 -136.52
9 1.46
10 -55.08
11 -139.16
0 2.34
1 -53.03
2 -143.26
3 -3.81
4 -56.54
5 -141.21
6 14.06
7 -55.08
8 -136.52
9 1.46
10 -55.08
11 -139.16
0 2.64
1 -53.03
2 -143.55
3 -3.81
4 -56.54
5 -141.21
6 14.06
7 -54.49
8 -136.52
9 1.46
10 -55.08
11 -139.16
0 2.34
1 -53.03
2 -143.55
3 -4.10
4 -56.54
5 -141.21
6 14.06
7 -54.49
8 -136.52
9 1.46
10 -55.08
11 -139.16
0 2.34
1 -53.03
2 -143.55
3 -4.10
4 -56.54
5 -141.21
6 14.06
7 -54.49
8 -136.52
9 1.46
10 -55.08
11 -139.16
0 2.34
1 -53.03
2 -143.55
3 -3.81
4 -56.54
5 -141.80
6 14.06
7 -55.08
8 -136.52
9 1.46
10 -55.08
11 -139.16
0 2.34
1 -53.03
2 -143.55
3 -4.10
4 -56.54
5 -141.21
6 14.06
7 -54.49
8 -136.52
9 1.46
10 -55.08
11 -139.16
0 2.34
1 -53.03
2 -143.26
3 -3.81
4 -56.54
5 -141.21
6 14.06
7 -54.49
8 -136.52
9 1.46
10 -55.08
11 -139.16
0 2.34
1 -53.03
2 -143.55
3 -3.81
4 -56.54
5 -141.21
6 14.06
7 -54.49
8 -136.52
9 1.46
10 -55.08
11 -139.16
0 2.34
1 -53.03
2 -143.26
3 -3.81
4 -56.54
5 -141.21
6 14.06
7 -54.49
8 -136.52
9 1.46
10 -55.08
11 -139.16
0 2.34
1 -53.03
2 -143.55
3 -3.81
4 -56.54
5 -141.21
6 14.06
7 -54.49
8 -136.52
9 1.46
10 -55.08
11 -139.16
0 2.34
1 -53.03
2 -143.55
3 -3.81
4 -56.54
5 -141.21
6 14.06
7 -55.08
8 -136.52
9 1.46
10 -54.79
11 -139.16
0 2.34
1 -53.03
2 -143.26
3 -4.10
4 -56.54
5 -141.21
6 14.06
7 -54.49
8 -136.52
9 1.46
10 -55.08
11 -139.16
0 2.34
1 -53.03
2 -143.26
3 -4.10
4 -56.54
5 -141.21
6 14.06
7 -54.49
8 -136.52
9 1.46
10 -55.08
11 -139.16
0 2.34
1 -53.32
2 -143.55
3 -4.10
4 -56.54
5 -141.21
6 14.06
7 -54.49
8 -136.52
9 1.46
10 -54.79
11 -139.16
0 2.34
1 -53.03
2 -143.55
3 -4.10
4 -56.54
5 -141.21
6 14.06
7 -54.49
8 -136.52
9 1.46
10 -55.08
11 -139.16