specialmove
motor1 2.64 -50.10 -142.97 -5.86 -63.28 -141.21
motor2 2.05 -53.61 -144.43 3.52 -47.46 -142.38
motor1 2.64 -50.10 -142.97 -5.86 -62.99 -141.21
motor2 1.76 -53.61 -144.73 3.52 -47.46 -142.38
motor1 2.64 -50.10 -142.97 -5.86 -62.99 -141.21
motor2 2.05 -53.61 -144.73 3.52 -47.46 -142.38
motor1 2.64 -50.10 -142.97 -5.86 -63.28 -141.21
motor2 2.05 -53.61 -144.43 3.52 -47.46 -142.38
motor1 2.64 -50.10 -142.97 -5.57 -62.99 -141.21
motor2 2.05 -53.61 -144.73 3.52 -47.46 -142.38
motor1 2.64 -50.10 -142.97 -5.86 -63.28 -141.21
motor2 1.76 -53.61 -144.43 3.52 -47.46 -142.38
motor1 2.64 -50.10 -142.97 -5.86 -63.28 -141.21
motor2 2.05 -53.61 -144.73 3.52 -47.46 -142.38
motor1 2.64 -50.10 -142.97 -5.86 -63.28 -141.21
motor2 1.76 -53.61 -144.43 3.52 -47.46 -142.38
motor1 2.64 -50.10 -142.97 -5.86 -62.99 -141.21
motor2 1.76 -53.61 -144.73 3.52 -47.46 -142.38
motor1 2.64 -50.10 -142.97 -5.86 -62.99 -141.21
motor2 2.05 -53.61 -144.73 3.52 -47.46 -142.38
motor1 2.64 -50.10 -142.97 -5.86 -62.99 -141.21
motor2 2.05 -53.61 -144.73 3.81 -47.46 -142.38
motor1 2.64 -50.39 -142.97 -5.86 -63.28 -141.80
motor2 1.76 -53.61 -144.73 4.10 -47.46 -142.38
motor1 2.64 -50.39 -142.97 -5.86 -63.28 -141.80
motor2 2.05 -53.61 -144.73 4.39 -47.46 -142.38
motor1 2.64 -50.68 -141.21 -5.86 -63.28 -141.80
motor2 1.76 -53.03 -144.43 4.39 -47.46 -142.38
motor1 2.64 -50.68 -144.43 -5.57 -63.28 -141.80
motor2 1.76 -52.73 -142.97 4.39 -47.17 -142.38
motor1 2.34 -50.98 -133.89 -4.69 -63.28 -141.21
motor2 1.76 -51.86 -142.09 3.81 -47.17 -142.38
motor1 2.05 -50.98 -126.56 -4.39 -62.99 -141.21
motor2 1.76 -50.98 -138.87 3.81 -47.17 -142.38
motor1 1.46 -50.68 -118.95 -4.10 -63.28 -141.21
motor2 1.76 -50.68 -134.18 3.81 -47.46 -142.38
motor1 0.88 -49.22 -111.33 -4.69 -63.28 -141.21
motor2 1.46 -49.51 -127.44 4.69 -47.46 -142.38
motor1 0.59 -47.75 -104.30 -5.57 -63.87 -141.21
motor2 1.46 -46.88 -119.24 4.98 -48.34 -142.38
motor1 0.59 -46.00 -96.97 -6.15 -63.87 -141.21
motor2 1.76 -43.65 -110.74 4.98 -50.68 -142.38
motor1 0.59 -43.07 -88.77 -6.15 -64.16 -141.21
motor2 2.05 -41.02 -101.07 5.27 -52.44 -142.38
motor1 0.88 -39.84 -82.03 -6.15 -66.80 -141.21
motor2 2.05 -38.09 -92.87 4.98 -53.03 -142.68
motor1 0.88 -36.62 -75.29 -6.15 -70.31 -140.92
motor2 2.05 -35.45 -84.67 5.27 -53.03 -142.68
motor1 0.88 -33.69 -69.14 -6.15 -75.29 -140.33
motor2 2.05 -33.11 -77.34 4.98 -53.03 -142.68
motor1 0.88 -30.76 -62.70 -6.15 -79.69 -140.04
motor2 2.05 -30.47 -69.43 5.27 -53.03 -142.68
motor1 1.17 -28.12 -57.13 -6.15 -84.37 -138.28
motor2 2.05 -28.71 -62.11 5.27 -53.91 -142.68
motor1 1.17 -25.78 -52.15 -6.15 -87.60 -137.70
motor2 1.76 -25.49 -55.96 5.27 -55.96 -142.68
motor1 1.46 -23.14 -46.00 -5.86 -88.18 -137.70
motor2 1.76 -21.97 -48.93 4.98 -57.13 -142.68
motor1 1.46 -19.63 -38.96 -5.57 -87.89 -137.70
motor2 1.76 -17.58 -43.36 4.98 -58.89 -142.68
motor1 1.46 -16.99 -32.52 -5.57 -88.18 -137.70
motor2 1.76 -14.36 -38.96 4.98 -59.47 -142.68
motor1 1.46 -14.36 -27.54 -5.57 -88.18 -137.70
motor2 1.76 -12.01 -33.69 4.98 -59.77 -142.68
motor1 1.46 -11.43 -22.27 -5.27 -88.18 -137.70
motor2 1.76 -9.67 -29.30 4.98 -61.23 -142.68
motor1 1.46 -8.50 -17.87 -5.27 -88.18 -137.70
motor2 1.76 -7.03 -24.90 4.98 -62.11 -142.68
motor1 1.46 -4.98 -12.60 -5.27 -88.18 -137.70
motor2 2.05 -4.69 -19.92 4.98 -62.99 -142.68
motor1 1.46 -1.76 -8.79 -5.27 -87.89 -137.70
motor2 2.05 -2.93 -14.36 4.98 -63.87 -142.68
motor1 2.05 0.00 -6.15 -5.27 -87.89 -137.70
motor2 2.05 -1.17 -10.55 4.98 -64.16 -142.38
motor1 2.34 1.46 -2.64 -4.98 -87.60 -137.99
motor2 2.05 1.46 -6.45 4.98 -65.04 -142.38
motor1 2.64 2.93 0.88 -5.27 -87.60 -137.99
motor2 2.05 3.52 -1.17 4.98 -65.04 -142.38
motor1 2.64 5.57 4.69 -5.27 -87.60 -137.99
motor2 2.93 4.39 -0.59 4.98 -65.04 -141.80
motor1 2.34 7.62 4.69 -4.98 -87.60 -137.99
motor2 2.93 4.39 -0.59 4.98 -65.04 -141.80
motor1 2.34 7.62 3.81 -4.98 -87.60 -137.99
motor2 2.34 4.10 -1.46 4.98 -64.75 -141.80
motor1 2.34 7.32 3.81 -4.98 -87.60 -137.99
motor2 2.34 4.10 -1.46 4.98 -64.75 -141.80
motor1 2.34 7.32 3.81 -4.98 -87.60 -137.99
motor2 2.34 4.10 -1.46 4.69 -64.75 -141.80
motor1 2.34 7.32 3.81 -5.27 -87.60 -137.99
motor2 2.34 4.10 -1.46 4.98 -64.75 -141.80
motor1 2.34 7.32 3.81 -4.98 -87.60 -137.99
motor2 2.34 4.10 -1.46 4.69 -64.75 -141.80
motor1 2.34 7.32 3.81 -4.98 -87.60 -137.99
motor2 2.34 4.10 -1.46 4.98 -64.75 -141.80
motor1 2.34 7.32 3.81 -4.98 -87.60 -138.28
motor2 2.34 4.10 -1.46 4.69 -65.04 -141.80
motor1 2.34 7.32 3.81 -5.27 -87.60 -137.99
motor2 2.93 4.10 -1.46 4.69 -64.75 -141.80
motor1 2.34 7.32 3.81 -4.98 -87.89 -137.99
motor2 2.34 4.10 -1.46 4.98 -65.04 -141.80
motor1 2.34 7.32 3.81 -5.27 -87.60 -137.99
motor2 2.34 4.10 -1.17 4.98 -64.75 -141.80
motor1 2.34 7.32 3.81 -5.27 -87.60 -137.99
motor2 2.34 4.10 -1.46 4.39 -64.75 -140.62
motor1 2.34 7.32 3.81 -5.27 -87.30 -137.70
motor2 2.34 4.10 -1.46 4.69 -64.45 -138.28
motor1 2.34 6.74 4.39 -4.98 -86.13 -134.47
motor2 2.34 4.10 -1.46 4.69 -62.99 -132.13
motor1 2.34 6.74 4.39 -4.69 -82.91 -128.61
motor2 2.34 4.10 -1.46 4.69 -60.94 -123.34
motor1 2.34 6.45 4.39 -4.69 -78.52 -120.70
motor2 2.34 4.10 -1.46 4.69 -56.84 -113.96
motor1 2.64 6.45 3.81 -4.69 -72.36 -111.62
motor2 2.34 4.10 -1.76 4.69 -51.27 -103.71
motor1 2.64 6.45 3.81 -4.69 -65.62 -100.49
motor2 2.34 4.10 -1.46 4.39 -44.82 -91.11
motor1 2.34 6.45 3.81 -4.69 -57.13 -87.89
motor2 2.34 4.10 -1.46 4.39 -38.38 -79.69
motor1 2.34 6.45 3.81 -4.69 -48.93 -76.76
motor2 2.34 4.10 -1.46 4.69 -32.23 -68.85
motor1 2.34 6.15 3.81 -4.69 -41.89 -65.62
motor2 2.34 4.10 -1.46 4.39 -26.95 -58.30
motor1 2.34 6.15 3.81 -4.69 -34.57 -54.20
motor2 2.34 4.10 -1.46 4.10 -21.97 -46.88
motor1 2.34 6.45 3.81 -4.39 -28.42 -43.36
motor2 2.93 4.10 -1.46 3.52 -17.58 -36.62
motor1 2.34 6.45 3.81 -4.39 -23.14 -33.69
motor2 2.34 4.10 -1.46 3.22 -12.89 -26.66
motor1 2.34 6.15 3.81 -4.39 -17.87 -24.90
motor2 2.34 4.10 -1.76 3.22 -8.20 -17.58
motor1 2.34 6.15 3.81 -4.10 -13.48 -17.87
motor2 2.34 4.10 -1.46 2.93 -2.93 -9.96
motor1 2.34 6.15 3.81 -4.10 -8.79 -10.84
motor2 2.34 4.10 -1.46 2.93 1.46 -3.81
motor1 2.64 6.15 3.81 -4.10 -5.57 -6.15
motor2 2.93 4.10 -1.46 2.64 4.39 -0.29
motor1 2.34 6.15 3.81 -4.39 -4.10 -2.93
motor2 2.34 4.10 -1.46 2.64 5.57 1.17
motor1 2.34 6.15 3.81 -4.39 -3.81 -3.22
motor2 2.34 4.10 -1.46 3.22 5.57 1.76
motor1 2.34 6.15 3.81 -4.39 -2.93 -2.64
motor2 2.34 4.10 -1.46 3.52 5.57 1.76
motor1 2.34 6.15 3.81 -4.69 -2.93 -3.22
motor2 2.34 4.10 -1.46 3.52 5.57 1.17
motor1 2.34 6.15 3.81 -4.69 -3.22 -3.52
motor2 2.34 4.10 -1.46 3.52 5.57 1.17
motor1 2.34 6.45 3.81 -4.69 -3.22 -3.52
motor2 2.34 4.10 -1.46 3.52 5.57 1.17
motor1 2.64 6.45 3.81 -4.69 -3.22 -3.22
motor2 2.34 4.10 -1.46 3.52 5.57 1.17
motor1 2.34 6.45 3.81 -4.69 -3.22 -3.22
motor2 2.34 4.10 -1.46 3.52 5.57 1.17
motor1 2.34 6.45 3.81 -4.69 -3.22 -3.52
motor2 2.34 4.39 -1.46 3.52 5.57 1.17
motor1 2.34 6.45 3.81 -4.69 -2.93 -3.52
motor2 2.34 4.10 -1.46 3.52 5.57 1.17
motor1 2.34 6.74 3.81 -4.69 -2.93 -3.52
motor2 2.34 4.10 -1.46 3.81 5.57 1.17
motor1 2.34 6.74 3.81 -4.69 -3.22 -3.22
motor2 2.34 4.10 -1.46 3.52 5.57 1.17
motor1 2.05 6.74 3.81 -4.69 -3.22 -3.52
motor2 2.34 4.10 -1.46 4.39 5.57 1.17
motor1 0.29 6.74 4.39 -4.69 -3.22 -3.52
motor2 3.52 4.39 -1.46 4.69 5.27 1.17
motor1 0.29 6.74 4.39 -4.69 -3.22 -3.52
motor2 3.52 4.39 -1.46 4.98 5.27 1.17
motor1 0.59 6.45 4.39 -4.69 -3.22 -3.52
motor2 2.05 4.39 -1.46 4.98 5.27 1.17
motor1 1.46 6.45 4.39 -4.69 -3.22 -3.52
motor2 0.00 4.39 -1.46 5.27 5.27 1.17
motor1 2.64 6.45 4.39 -4.69 -3.22 -3.52
motor2 -1.17 4.39 -1.46 5.27 5.27 1.17
motor1 2.64 6.45 4.39 -4.69 -3.22 -3.52
motor2 -4.10 4.39 -1.46 8.20 5.27 1.17
motor1 0.29 6.45 4.39 -4.98 -3.22 -3.52
motor2 -6.15 4.39 -1.76 10.25 5.27 1.17
motor1 1.46 6.45 4.39 -4.98 -3.22 -3.52
motor2 -8.20 4.39 -1.46 10.25 5.27 1.17
motor1 1.17 6.45 4.39 -4.98 -3.22 -2.93
motor2 -8.79 4.39 -1.46 10.84 5.27 1.17
motor1 0.00 6.74 4.39 -3.52 -2.93 -2.93
motor2 -11.13 4.39 -1.46 12.60 5.57 1.17
motor1 -1.76 6.45 4.39 -0.29 -2.93 -2.93
motor2 -14.06 4.39 -1.46 14.94 5.57 1.17
motor1 -6.15 6.45 4.39 4.69 -2.64 -2.93
motor2 -17.58 4.39 -1.46 18.46 5.57 1.17
motor1 -11.43 6.45 4.39 11.13 -2.64 -2.93
motor2 -19.92 4.39 -1.76 22.56 5.57 1.17
motor1 -18.46 6.74 4.39 18.46 -2.64 -2.93
motor2 -23.14 4.39 -1.46 26.07 5.57 1.17
motor1 -25.78 6.74 4.39 24.32 -2.64 -2.93
motor2 -26.37 4.39 -1.76 29.88 5.57 1.17
motor1 -30.76 6.74 4.39 28.71 -2.64 -2.93
motor2 -30.18 4.39 -1.76 33.40 5.57 1.17
motor1 -35.74 6.74 4.39 32.81 -2.64 -2.93
motor2 -34.28 4.10 -2.34 36.33 5.57 1.17
motor1 -40.43 6.74 4.39 36.33 -2.64 -2.93
motor2 -37.50 4.10 -2.34 38.38 5.57 1.17
motor1 -43.65 6.74 4.39 38.96 -2.64 -2.93
motor2 -40.43 4.10 -2.34 40.43 5.27 1.17
motor1 -47.46 6.74 4.39 41.02 -2.64 -2.93
motor2 -43.07 4.10 -2.34 42.19 5.27 1.17
motor1 -49.22 6.74 4.39 41.89 -2.64 -2.93
motor2 -44.24 4.10 -2.34 42.77 5.27 1.17
motor1 -50.10 6.74 4.39 43.65 -2.64 -2.93
motor2 -44.82 4.10 -2.34 42.48 5.57 1.17
motor1 -50.10 6.74 4.39 43.95 -2.64 -2.93
motor2 -44.82 4.10 -2.34 42.48 5.27 1.17
motor1 -50.10 7.32 4.39 43.36 -2.64 -2.93
motor2 -44.82 4.10 -2.34 42.19 5.27 1.17
motor1 -49.51 6.74 4.39 42.77 -2.93 -3.22
motor2 -44.82 4.10 -2.34 42.19 5.57 1.17
motor1 -49.51 6.74 4.39 42.77 -2.93 -3.22
motor2 -44.82 4.10 -2.34 42.19 5.57 1.17
motor1 -49.80 6.74 3.81 42.77 -2.93 -3.22
motor2 -44.82 4.10 -2.34 42.19 5.27 1.17
motor1 -49.80 6.74 3.81 42.77 -2.93 -3.22
motor2 -44.82 4.10 -2.34 42.19 5.57 1.17
motor1 -49.80 6.74 3.81 43.36 -3.22 -3.22
motor2 -44.82 4.10 -2.34 42.19 5.57 1.17
motor1 -49.80 6.74 3.81 44.24 -3.22 -3.22
motor2 -45.12 4.10 -2.34 42.19 5.27 1.17
motor1 -50.68 6.74 3.81 45.12 -3.22 -3.22
motor2 -45.70 4.10 -2.34 42.48 5.27 1.17
motor1 -50.98 6.74 3.81 45.12 -3.22 -3.22
motor2 -46.00 4.10 -2.34 42.48 5.27 1.17
motor1 -50.98 6.74 3.81 45.12 -3.22 -3.52
motor2 -46.00 4.10 -2.34 42.48 5.27 1.17
motor1 -50.98 6.74 3.81 45.12 -3.22 -3.22
motor2 -46.00 4.10 -2.34 42.48 5.27 1.17
motor1 -50.98 6.74 3.81 45.12 -3.52 -3.22
motor2 -46.00 3.52 -2.34 42.48 5.27 1.17
motor1 -50.98 6.45 4.39 45.12 -4.69 -3.22
motor2 -46.00 2.64 -1.76 42.48 2.93 1.17
motor1 -50.98 4.39 4.69 45.41 -5.57 -2.93
motor2 -46.29 0.59 -1.17 42.77 1.46 1.46
motor1 -50.98 2.64 5.57 45.12 -8.79 -2.64
motor2 -46.29 -2.93 -0.88 42.77 -2.05 1.76
motor1 -50.68 -0.88 6.74 45.12 -13.18 -2.64
motor2 -46.58 -7.62 -0.29 42.77 -6.74 1.76
motor1 -50.68 -5.27 9.08 45.12 -18.16 -0.88
motor2 -46.58 -13.77 -0.29 43.07 -12.89 2.64
motor1 -50.68 -11.13 11.13 45.12 -24.02 1.17
motor2 -46.58 -20.51 2.34 42.77 -19.63 4.69
motor1 -50.68 -17.29 14.06 45.12 -30.18 4.10
motor2 -46.58 -27.54 4.69 42.77 -26.95 7.32
motor1 -50.68 -24.32 16.99 44.82 -32.52 4.69
motor2 -46.88 -37.50 7.91 42.77 -33.40 9.08
motor1 -50.68 -29.59 19.34 44.53 -30.18 3.52
motor2 -46.88 -44.24 9.08 43.07 -37.79 9.96
motor1 -50.68 -31.64 19.92 44.24 -29.88 3.52
motor2 -47.75 -43.65 8.50 42.77 -37.21 9.38
motor1 -50.68 -31.35 19.34 44.53 -30.18 3.52
motor2 -48.05 -41.60 7.62 42.77 -36.62 9.08
motor1 -50.68 -29.88 19.04 44.53 -29.88 2.93
motor2 -47.17 -38.38 7.03 42.77 -35.74 8.79
motor1 -50.10 -29.88 19.04 44.24 -29.88 3.52
motor2 -47.17 -34.86 7.03 42.19 -35.74 8.79
motor1 -50.10 -29.59 18.46 44.53 -29.88 3.52
motor2 -47.17 -33.69 7.32 41.89 -35.74 8.79
motor1 -50.10 -29.59 18.46 44.24 -30.18 3.52
motor2 -46.88 -33.11 7.03 42.19 -35.74 8.79
motor1 -50.10 -29.30 17.58 44.24 -29.88 3.52
motor2 -47.17 -31.64 7.03 42.19 -35.74 8.79
motor1 -50.10 -29.00 17.58 44.24 -29.88 3.52
motor2 -46.88 -30.47 7.03 41.02 -35.74 8.79
motor1 -50.10 -28.71 17.58 44.24 -30.18 3.52
motor2 -46.88 -29.59 7.03 40.43 -34.86 8.50
motor1 -50.10 -28.12 17.29 44.24 -29.00 2.64
motor2 -46.88 -24.90 6.45 41.02 -31.64 7.32
motor1 -50.10 -24.32 16.99 44.24 -25.49 1.76
motor2 -46.88 -18.46 6.15 41.02 -25.49 7.03
motor1 -50.10 -18.75 14.65 44.24 -20.51 0.00
motor2 -46.88 -10.55 6.15 41.02 -17.29 5.27
motor1 -50.10 -11.43 11.72 44.24 -14.65 -0.88
motor2 -46.88 -3.81 6.15 41.02 -9.96 3.52
motor1 -50.68 -4.98 9.38 44.24 -9.96 -1.76
motor2 -46.88 1.46 6.45 41.02 -4.10 2.93
motor1 -50.10 -1.17 9.08 44.24 -8.20 -1.76
motor2 -46.88 3.22 6.74 41.31 -2.05 2.93
motor1 -50.10 0.59 9.08 44.24 -7.32 -1.46
motor2 -46.88 4.39 7.32 41.02 -0.59 3.22
motor1 -50.10 2.05 9.08 44.24 -7.32 -1.46
motor2 -46.88 4.69 7.32 40.43 0.00 3.22
motor1 -49.80 2.05 9.67 44.24 -7.62 -0.88
motor2 -46.88 4.10 7.62 41.31 -0.29 3.52
motor1 -49.22 0.88 11.13 44.24 -9.96 0.00
motor2 -46.88 2.05 8.20 42.19 -2.93 4.98
motor1 -48.93 -2.64 12.01 44.24 -12.89 1.17
motor2 -46.88 -2.93 9.38 42.48 -6.74 5.86
motor1 -48.93 -7.32 14.36 44.24 -18.16 4.39
motor2 -46.88 -9.67 11.72 42.48 -13.18 9.08
motor1 -48.93 -14.06 16.70 44.24 -24.90 7.62
motor2 -46.58 -19.04 14.36 42.19 -21.68 12.89
motor1 -48.93 -21.97 19.92 44.24 -32.52 11.13
motor2 -46.88 -27.54 16.70 42.19 -31.05 16.70
motor1 -48.93 -30.76 23.44 44.24 -41.02 14.36
motor2 -46.88 -36.91 19.34 42.19 -40.43 20.51
motor1 -48.93 -39.55 27.54 43.95 -48.93 17.87
motor2 -46.88 -45.41 21.97 42.48 -49.80 24.61
motor1 -49.22 -48.34 31.05 43.95 -56.84 20.21
motor2 -46.58 -53.03 24.61 42.19 -59.18 27.83
motor1 -49.22 -55.66 34.28 44.24 -63.87 22.56
motor2 -46.88 -59.47 26.07 42.48 -66.21 29.59
motor1 -49.22 -61.23 35.16 44.82 -67.68 22.85
motor2 -46.58 -62.40 26.07 42.19 -69.14 29.00
motor1 -49.80 -62.11 34.86 45.12 -68.55 22.56
motor2 -46.58 -62.40 25.78 41.89 -69.14 27.25
motor1 -50.10 -61.82 33.11 45.41 -68.55 21.39
motor2 -46.58 -61.52 24.02 41.60 -67.09 24.90
motor1 -50.10 -59.18 30.47 45.41 -66.50 20.51
motor2 -46.88 -59.47 23.14 41.02 -64.45 19.04
motor1 -50.10 -55.37 24.90 45.12 -64.16 18.16
motor2 -46.88 -55.96 19.34 41.02 -58.59 12.60
motor1 -50.68 -49.51 18.16 45.12 -58.89 13.18
motor2 -46.88 -48.93 14.94 41.31 -51.27 5.86
motor1 -50.68 -43.07 12.01 44.53 -51.27 8.50
motor2 -46.88 -42.77 9.08 41.60 -43.65 -0.29
motor1 -49.80 -36.04 6.15 43.95 -43.65 4.98
motor2 -47.17 -35.16 4.10 41.60 -36.33 -5.27
motor1 -49.51 -29.59 2.05 43.95 -35.74 1.76
motor2 -47.17 -28.42 0.29 41.89 -29.59 -8.20
motor1 -48.93 -24.32 -1.17 43.95 -28.42 -0.88
motor2 -47.75 -21.09 -2.34 42.19 -23.44 -10.25
motor1 -48.93 -18.75 -3.81 43.95 -23.14 -2.64
motor2 -47.75 -15.53 -3.22 42.48 -18.16 -10.25
motor1 -48.93 -15.53 -4.98 43.65 -18.75 -2.93
motor2 -48.05 -11.13 -3.22 42.48 -15.53 -10.25
motor1 -48.93 -13.77 -4.98 43.65 -16.99 -2.93
motor2 -48.05 -9.67 -2.93 42.48 -14.65 -9.96
motor1 -48.93 -13.77 -4.98 43.65 -16.99 -2.93
motor2 -47.17 -9.67 -2.93 41.89 -14.94 -9.96
motor1 -48.93 -13.77 -4.98 43.95 -16.99 -2.93
motor2 -47.17 -9.67 -2.93 41.89 -14.94 -9.96
motor1 -48.93 -13.77 -4.98 43.95 -16.99 -2.93
motor2 -47.17 -9.67 -2.93 41.89 -14.65 -9.96
motor1 -48.93 -13.77 -4.98 43.95 -16.99 -2.93
motor2 -47.17 -9.67 -2.93 41.89 -14.65 -9.96
motor1 -49.80 -13.77 -4.98 44.53 -17.87 -2.64
motor2 -48.05 -9.96 -2.93 42.77 -15.53 -9.08
motor1 -50.98 -15.53 -4.98 44.53 -19.63 -2.34
motor2 -48.63 -12.30 -2.64 43.65 -17.58 -8.20
motor1 -50.98 -18.75 -4.69 44.53 -22.85 -1.76
motor2 -48.63 -16.11 -2.64 43.95 -22.27 -8.20
motor1 -50.98 -24.90 -4.39 44.53 -28.12 -1.17
motor2 -48.63 -22.56 -2.64 43.95 -29.00 -8.20
motor1 -51.27 -31.93 -4.39 44.53 -35.16 -1.17
motor2 -48.63 -30.47 -2.64 43.95 -36.91 -8.20
motor1 -51.27 -39.26 -4.10 44.53 -41.02 -1.17
motor2 -48.34 -38.09 -2.34 43.65 -45.41 -8.20
motor1 -52.15 -45.70 -3.81 45.12 -46.29 -1.46
motor2 -48.34 -45.41 -2.64 42.77 -52.44 -8.20
motor1 -52.73 -49.80 -3.81 45.41 -50.10 -1.76
motor2 -48.05 -48.93 -2.64 42.48 -56.84 -8.50
motor1 -53.32 -50.39 -4.39 45.41 -50.68 -2.34
motor2 -48.05 -50.39 -2.64 42.48 -58.59 -8.50
motor1 -53.32 -49.80 -4.39 45.12 -50.10 -2.34
motor2 -48.05 -50.39 -2.64 42.19 -58.30 -8.50
motor1 -53.32 -48.63 -4.39 45.12 -48.93 -2.34
motor2 -48.05 -48.63 -2.64 42.19 -56.84 -8.79
motor1 -53.03 -48.63 -4.39 44.82 -48.93 -2.34
motor2 -48.05 -46.88 -2.93 42.19 -54.20 -9.96
motor1 -53.03 -48.34 -4.98 44.82 -47.17 -2.93
motor2 -48.05 -41.89 -3.22 42.48 -47.75 -9.96
motor1 -52.44 -43.07 -5.57 44.82 -41.89 -3.22
motor2 -48.05 -34.57 -3.22 42.48 -39.55 -10.25
motor1 -52.15 -35.45 -5.57 44.82 -34.57 -3.22
motor2 -48.05 -28.42 -3.22 42.48 -31.05 -9.96
motor1 -52.15 -26.66 -5.57 44.82 -27.54 -3.22
motor2 -48.05 -21.97 -3.22 42.48 -22.56 -10.25
motor1 -51.86 -18.46 -5.57 44.82 -20.21 -2.93
motor2 -48.05 -15.53 -3.22 42.48 -15.23 -10.25
motor1 -51.56 -11.43 -4.98 44.82 -13.48 -2.93
motor2 -48.05 -9.96 -3.22 42.48 -9.67 -9.67
motor1 -51.56 -6.74 -4.98 44.24 -9.96 -2.93
motor2 -48.05 -6.15 -3.22 42.48 -7.32 -9.67
motor1 -51.56 -4.10 -4.98 44.24 -9.38 -2.93
motor2 -48.05 -4.98 -2.93 42.19 -7.32 -9.08
motor1 -51.86 -4.10 -4.98 44.53 -9.38 -2.93
motor2 -48.05 -4.98 -2.93 42.48 -7.62 -9.67
motor1 -52.73 -4.10 -4.98 44.82 -9.67 -2.93
motor2 -48.05 -4.98 -2.93 41.89 -7.91 -9.08
motor1 -53.32 -4.10 -4.69 45.12 -9.67 -2.64
motor2 -48.05 -5.57 -2.93 42.19 -8.20 -9.67
motor1 -53.32 -4.69 -4.69 45.41 -10.55 -2.64
motor2 -47.75 -6.74 -2.64 42.19 -9.67 -9.67
motor1 -53.32 -6.15 -4.69 45.12 -11.43 -2.64
motor2 -48.05 -6.74 -2.64 42.19 -9.67 -9.67
motor1 -52.73 -6.15 -4.69 44.53 -11.43 -2.64
motor2 -48.34 -6.74 -2.64 42.19 -9.96 -9.67
motor1 -53.03 -6.45 -4.39 44.82 -12.01 -2.64
motor2 -48.34 -7.32 -1.46 42.48 -10.84 -8.20
motor1 -53.03 -8.20 -4.10 44.82 -13.48 -2.93
motor2 -48.34 -8.79 -1.17 42.48 -13.48 -7.91
motor1 -53.03 -13.48 -4.10 44.82 -17.58 -2.93
motor2 -48.34 -13.18 -1.17 42.48 -19.63 -7.91
motor1 -52.73 -19.92 -3.81 44.53 -23.14 -2.93
motor2 -48.34 -19.34 -1.76 42.48 -26.95 -7.91
motor1 -53.03 -26.37 -3.81 44.82 -27.83 -2.64
motor2 -48.34 -26.07 -2.34 42.48 -33.40 -7.91
motor1 -53.03 -33.40 -3.81 44.82 -35.16 -2.64
motor2 -48.34 -32.81 -2.34 42.48 -41.02 -7.91
motor1 -53.32 -40.14 -3.81 44.82 -42.19 -2.93
motor2 -48.34 -39.26 -2.34 42.48 -48.05 -8.20
motor1 -53.32 -47.17 -3.81 44.82 -48.63 -3.22
motor2 -48.34 -44.53 -2.34 42.48 -55.96 -7.91
motor1 -54.20 -53.91 -4.10 45.12 -54.49 -3.22
motor2 -48.34 -49.51 -2.34 42.48 -62.99 -7.91
motor1 -55.08 -60.64 -4.69 45.41 -57.71 -4.98
motor2 -48.05 -52.44 -2.34 42.19 -68.85 -7.91
motor1 -55.66 -64.16 -5.27 45.41 -57.71 -6.74
motor2 -48.34 -51.56 -2.34 41.60 -69.14 -8.20
motor1 -55.66 -62.11 -5.57 45.12 -54.49 -7.91
motor2 -48.63 -48.63 -2.34 41.60 -64.75 -9.96
motor1 -55.08 -56.84 -7.62 45.12 -50.39 -9.67
motor2 -48.34 -42.48 -2.64 41.89 -56.84 -10.25
motor1 -53.32 -49.51 -8.79 44.82 -43.95 -10.55
motor2 -48.34 -34.28 -2.93 41.89 -47.46 -10.25
motor1 -52.73 -42.19 -9.08 44.24 -37.21 -10.55
motor2 -48.34 -26.37 -2.93 41.89 -38.38 -9.96
motor1 -52.15 -34.86 -9.08 43.95 -30.18 -10.55
motor2 -48.34 -19.04 -2.93 41.60 -30.47 -9.96
motor1 -50.68 -28.12 -8.50 43.95 -24.02 -10.55
motor2 -48.34 -12.30 -2.64 41.60 -23.44 -10.25
motor1 -50.10 -21.39 -8.20 43.95 -16.70 -10.55
motor2 -48.05 -5.86 -2.64 41.60 -16.41 -9.96
motor1 -49.80 -15.53 -7.91 43.65 -12.01 -10.55
motor2 -48.05 0.00 -2.64 41.89 -10.84 -10.25
motor1 -49.80 -11.13 -7.91 44.53 -10.84 -10.55
motor2 -48.05 2.93 -2.64 41.89 -8.50 -9.96
motor1 -50.68 -10.25 -7.91 43.95 -11.43 -10.55
motor2 -48.05 2.93 -2.64 41.89 -8.50 -10.25
motor1 -52.73 -10.84 -7.91 44.24 -11.72 -10.55
motor2 -46.88 0.59 -2.93 41.89 -10.55 -9.08
motor1 -52.73 -12.30 -7.62 44.53 -12.89 -10.55
motor2 -46.58 -1.17 -2.64 41.89 -12.60 -8.20
motor1 -52.73 -14.06 -7.32 44.53 -14.65 -10.55
motor2 -46.58 -6.74 -2.93 41.89 -18.46 -8.20
motor1 -52.44 -20.80 -7.03 44.53 -21.09 -10.25
motor2 -46.58 -14.65 -2.93 41.89 -26.95 -8.20
motor1 -52.44 -29.30 -7.03 44.53 -28.42 -10.25
motor2 -46.58 -22.27 -2.93 41.89 -35.45 -8.20
motor1 -52.73 -36.91 -7.03 44.24 -37.21 -10.25
motor2 -46.58 -29.88 -2.93 41.89 -43.07 -8.20
motor1 -52.73 -43.65 -7.03 44.53 -44.53 -10.25
motor2 -46.58 -37.50 -2.93 41.89 -50.68 -8.20
motor1 -52.73 -50.98 -7.03 44.53 -52.15 -10.25
motor2 -46.58 -44.24 -2.93 41.89 -58.30 -8.20
motor1 -53.32 -58.01 -7.03 44.53 -58.89 -10.55
motor2 -46.88 -50.39 -2.93 41.89 -65.62 -8.20
motor1 -53.32 -64.75 -7.32 44.53 -64.45 -10.84
motor2 -46.58 -55.08 -2.93 41.89 -71.78 -8.20
motor1 -54.49 -69.73 -7.91 44.82 -66.80 -11.13
motor2 -46.88 -56.84 -2.93 41.89 -74.12 -8.20
motor1 -54.49 -70.90 -8.50 44.82 -64.75 -12.01
motor2 -46.88 -54.49 -2.64 41.60 -71.78 -9.96
motor1 -54.20 -66.80 -8.79 44.53 -60.94 -12.30
motor2 -46.88 -50.10 -2.93 41.89 -66.80 -10.25
motor1 -52.73 -60.94 -8.79 44.24 -54.79 -14.06
motor2 -47.17 -41.89 -3.22 42.19 -57.13 -9.96
motor1 -52.15 -52.44 -9.08 43.95 -46.29 -14.36
motor2 -47.75 -32.23 -2.93 42.48 -47.46 -9.96
motor1 -51.56 -44.24 -9.08 43.95 -37.50 -14.65
motor2 -47.75 -24.02 -3.22 42.77 -38.96 -9.96
motor1 -51.56 -36.91 -9.08 43.95 -30.18 -15.23
motor2 -47.75 -17.29 -2.93 42.77 -31.05 -9.96
motor1 -51.56 -29.30 -10.25 43.95 -24.02 -15.53
motor2 -47.75 -9.96 -3.22 42.48 -23.14 -9.96
motor1 -50.98 -23.14 -11.13 43.65 -17.29 -16.11
motor2 -47.75 -2.93 -3.22 42.77 -17.29 -9.96
motor1 -50.98 -17.87 -11.72 43.65 -12.60 -16.99
motor2 -48.05 2.34 -2.93 42.77 -11.72 -9.96
motor1 -50.98 -12.60 -11.72 43.36 -9.67 -17.58
motor2 -48.05 4.69 -2.93 42.77 -7.62 -9.96
motor1 -50.98 -9.96 -11.43 42.77 -9.08 -17.29
motor2 -48.05 4.69 -2.93 42.77 -6.74 -9.67
motor1 -50.98 -9.67 -9.96 42.77 -9.96 -16.11
motor2 -48.05 2.64 -2.93 42.77 -10.25 -8.20
motor1 -50.98 -13.18 -9.08 43.36 -13.18 -15.53
motor2 -48.05 -3.52 -2.93 43.65 -16.41 -7.91
motor1 -50.98 -19.92 -9.08 43.36 -21.68 -15.23
motor2 -48.05 -13.48 -3.22 43.65 -26.37 -8.20
motor1 -51.27 -30.47 -9.08 43.36 -32.23 -14.65
motor2 -48.05 -23.73 -3.22 43.07 -38.09 -7.91
motor1 -52.44 -40.72 -9.08 43.36 -42.48 -15.23
motor2 -48.05 -33.69 -3.22 42.48 -49.80 -7.91
motor1 -52.73 -51.86 -9.08 43.36 -51.86 -15.53
motor2 -48.05 -42.48 -3.22 42.48 -60.94 -7.91
motor1 -52.73 -61.82 -9.08 43.65 -60.35 -15.53
motor2 -48.05 -50.10 -2.93 42.48 -70.90 -7.91
motor1 -52.73 -71.19 -9.08 43.65 -66.80 -15.53
motor2 -48.05 -56.84 -2.93 42.48 -79.98 -7.91
motor1 -53.03 -80.57 -9.08 44.24 -72.36 -15.53
motor2 -48.05 -62.40 -2.93 42.48 -86.72 -7.91
motor1 -54.20 -84.96 -9.08 44.82 -75.59 -15.53
motor2 -47.75 -65.62 -2.93 42.48 -87.30 -8.20
motor1 -54.49 -84.96 -10.84 45.41 -75.59 -15.82
motor2 -46.88 -65.04 -2.93 42.19 -84.96 -10.25
motor1 -54.20 -80.86 -11.43 45.12 -71.78 -16.70
motor2 -47.17 -60.35 -2.93 41.60 -79.10 -10.25
motor1 -53.91 -73.83 -11.43 44.53 -65.62 -16.99
motor2 -47.17 -52.44 -3.22 42.19 -69.14 -10.25
motor1 -52.44 -65.04 -11.72 43.95 -58.59 -16.99
motor2 -48.05 -44.53 -3.22 42.48 -59.18 -10.25
motor1 -51.56 -56.84 -11.72 43.36 -51.86 -16.99
motor2 -48.34 -37.50 -3.22 42.77 -50.10 -10.25
motor1 -50.98 -48.34 -11.72 42.77 -44.53 -16.99
motor2 -48.34 -30.18 -3.22 43.07 -40.43 -9.96
motor1 -50.68 -40.14 -11.72 42.48 -37.21 -16.99
motor2 -48.63 -22.85 -2.93 43.07 -31.35 -9.96
motor1 -49.80 -31.35 -11.72 41.89 -29.30 -16.99
motor2 -48.63 -14.65 -2.93 43.07 -22.85 -9.96
motor1 -49.22 -24.32 -11.72 41.31 -21.97 -16.99
motor2 -48.63 -6.45 -2.93 43.07 -15.23 -9.96
motor1 -48.93 -17.58 -11.43 41.31 -14.06 -16.99
motor2 -48.63 0.29 -2.93 43.07 -8.20 -9.96
motor1 -48.34 -12.30 -11.13 41.31 -9.67 -16.99
motor2 -48.63 3.81 -2.93 43.07 -5.57 -8.79
motor1 -48.34 -9.96 -11.13 41.60 -9.67 -16.99
motor2 -48.34 4.39 -1.76 42.77 -5.57 -9.08
motor1 -48.93 -9.67 -10.84 41.60 -9.67 -16.70
motor2 -48.34 4.39 -1.76 42.77 -5.57 -8.79
motor1 -49.51 -9.96 -10.84 41.89 -9.67 -16.99
motor2 -48.05 4.39 -1.76 42.77 -5.57 -9.08
motor1 -49.51 -9.96 -10.25 41.60 -9.67 -16.70
motor2 -48.05 4.39 -1.76 42.77 -5.57 -9.08
motor1 -49.51 -9.96 -10.25 41.60 -9.67 -16.70
motor2 -48.05 4.10 -1.76 41.89 -5.57 -9.08
motor1 -49.22 -9.67 -10.25 41.60 -9.67 -16.70
motor2 -48.34 4.39 -1.76 41.89 -5.57 -9.08
motor1 -49.22 -9.96 -10.25 41.31 -9.67 -15.82
motor2 -48.34 4.39 -1.76 41.89 -5.57 -9.08
motor1 -46.58 -9.96 -10.25 41.60 -9.67 -15.82
motor2 -44.24 4.39 -1.76 41.89 -5.57 -9.08
motor1 -41.02 -9.96 -10.25 41.60 -9.38 -16.11
motor2 -38.09 4.39 -1.76 41.89 -5.57 -9.08
motor1 -32.52 -9.96 -10.84 41.89 -9.67 -16.11
motor2 -28.71 4.39 -1.76 42.19 -5.57 -9.08
motor1 -23.14 -9.96 -10.84 41.60 -9.67 -16.11
motor2 -18.16 4.39 -1.76 42.19 -5.57 -9.08
motor1 -12.60 -9.67 -10.84 41.60 -9.67 -16.11
motor2 -9.38 4.10 -2.64 41.89 -5.57 -9.08
motor1 -3.52 -9.96 -10.84 41.60 -9.67 -15.82
motor2 -2.64 3.22 -2.93 42.48 -5.86 -9.08
motor1 -0.29 -9.96 -10.84 41.60 -9.67 -16.11
motor2 1.17 3.22 -3.22 42.48 -5.86 -9.08
motor1 2.93 -9.67 -10.84 41.60 -9.67 -15.82
motor2 4.69 4.10 -3.22 42.48 -5.57 -9.08
motor1 7.62 -8.79 -11.13 41.60 -9.67 -16.11
motor2 6.45 4.10 -3.22 42.48 -5.57 -9.08
motor1 14.36 -9.08 -10.84 41.60 -9.67 -16.11
motor2 10.84 4.10 -3.22 42.48 -5.57 -9.08
motor1 17.29 -9.08 -10.84 41.60 -9.67 -16.11
motor2 14.06 4.10 -3.22 42.48 -5.57 -9.08
motor1 16.41 -9.08 -10.25 41.89 -9.67 -16.11
motor2 14.06 4.10 -3.22 42.48 -5.57 -9.08
motor1 14.94 -9.08 -10.25 41.60 -9.67 -16.11
motor2 12.60 4.39 -2.93 42.48 -5.57 -9.08
motor1 15.23 -9.08 -10.25 41.60 -9.67 -15.82
motor2 12.60 4.39 -2.93 42.48 -5.57 -9.08
motor1 15.23 -9.67 -10.25 41.60 -9.67 -16.11
motor2 12.30 4.39 -2.93 42.48 -5.86 -9.08
motor1 14.94 -9.67 -10.25 41.60 -9.67 -15.82
motor2 12.60 4.39 -2.93 42.48 -5.57 -9.08
motor1 14.94 -9.67 -10.25 41.89 -9.67 -16.11
motor2 12.60 4.39 -2.64 42.48 -5.57 -9.08
motor1 15.23 -9.67 -10.25 41.60 -9.67 -15.82
motor2 12.60 4.39 -2.93 42.48 -5.57 -9.08
motor1 15.23 -9.67 -10.25 41.60 -9.38 -16.11
motor2 12.60 4.39 -2.93 41.89 -5.57 -9.08
motor1 15.23 -9.67 -10.25 39.26 -9.67 -16.11
motor2 12.60 4.39 -2.64 39.26 -5.57 -9.08
motor1 15.23 -9.67 -10.25 34.57 -9.96 -16.11
motor2 12.60 4.39 -2.64 33.69 -5.57 -9.08
motor1 14.94 -9.08 -10.25 27.25 -10.25 -16.11
motor2 12.60 4.39 -2.93 25.49 -5.57 -9.08
motor1 15.23 -9.67 -10.25 17.87 -10.25 -16.11
motor2 12.60 4.39 -2.93 17.29 -5.86 -9.08
motor1 15.23 -9.67 -10.25 9.38 -10.25 -16.41
motor2 12.60 4.39 -2.93 9.96 -5.86 -9.08
motor1 15.23 -9.67 -10.25 3.81 -10.55 -16.41
motor2 12.60 4.39 -2.93 2.34 -5.86 -9.08
motor1 15.23 -9.67 -10.25 -0.59 -10.55 -16.41
motor2 12.60 4.39 -2.93 -2.34 -5.86 -9.08
motor1 15.23 -9.67 -10.25 -4.10 -10.55 -16.41
motor2 12.60 4.39 -2.93 -3.52 -5.57 -9.08
motor1 15.23 -9.67 -10.25 -7.62 -10.25 -16.41
motor2 12.60 4.39 -2.93 -2.93 -5.57 -9.08
motor1 15.23 -9.67 -10.25 -8.20 -9.96 -16.41
motor2 12.60 4.39 -2.93 -0.88 -5.57 -9.08
motor1 15.23 -9.67 -10.25 -6.15 -9.67 -16.41
motor2 12.60 4.39 -2.64 -0.29 -5.57 -9.08
motor1 15.23 -9.67 -10.25 -5.86 -9.67 -16.41
motor2 12.60 4.39 -2.93 -0.29 -5.57 -9.08
motor1 15.23 -9.67 -10.25 -5.86 -9.67 -16.41
motor2 12.60 4.39 -2.93 -0.59 -5.57 -9.08
motor1 15.23 -9.67 -10.25 -6.45 -9.67 -16.41
motor2 12.60 4.39 -2.93 -0.29 -5.57 -9.08
motor1 15.23 -9.67 -10.25 -5.86 -9.67 -16.41
motor2 12.60 4.39 -2.93 -0.59 -5.57 -9.08
motor1 15.23 -9.67 -10.25 -4.69 -9.67 -16.41
motor2 12.60 4.39 -2.64 -0.29 -5.57 -9.08
motor1 14.94 -9.67 -10.25 -1.46 -9.67 -16.41
motor2 12.60 4.39 -2.93 4.39 -5.57 -9.08
motor1 15.23 -9.67 -10.25 2.93 -9.67 -16.41
motor2 12.60 4.39 -2.93 10.25 -5.57 -9.08
motor1 14.94 -9.67 -10.25 7.62 -9.67 -16.41
motor2 12.60 4.39 -2.64 14.06 -5.57 -9.08
motor1 15.23 -9.67 -10.25 11.13 -9.67 -16.41
motor2 12.30 4.39 -2.93 13.77 -5.57 -9.08
motor1 15.23 -9.67 -10.25 10.55 -9.67 -16.41
motor2 12.60 4.39 -2.93 12.60 -5.57 -9.08
motor1 15.23 -9.67 -10.25 10.25 -9.67 -16.41
motor2 12.60 4.39 -2.93 12.60 -5.57 -9.08
motor1 15.23 -9.67 -10.25 10.25 -9.67 -16.41
motor2 12.60 4.39 -2.93 12.89 -5.57 -9.08
motor1 15.23 -9.67 -10.25 10.25 -9.67 -16.41
motor2 12.60 4.39 -2.93 12.60 -5.57 -9.08
motor1 15.23 -9.67 -10.25 10.25 -9.67 -16.41
motor2 12.60 4.39 -2.93 12.60 -5.57 -9.08
motor1 15.23 -9.67 -10.25 10.25 -9.67 -16.41
motor2 12.60 4.39 -2.93 12.60 -5.57 -9.08
motor1 15.23 -9.67 -10.25 10.25 -9.67 -16.41
motor2 12.60 4.39 -2.93 12.89 -5.57 -9.08
motor1 15.23 -9.67 -10.25 10.25 -9.67 -16.41
motor2 12.01 5.57 -2.64 12.89 -5.57 -9.08
motor1 14.65 -9.67 -9.08 10.25 -9.67 -16.41
motor2 11.72 6.45 -2.64 12.60 -5.57 -9.08
motor1 11.43 -9.67 -9.08 10.25 -9.67 -16.41
motor2 11.43 6.74 -2.64 12.89 -5.57 -9.08
motor1 7.03 -9.67 -9.08 10.25 -9.67 -16.41
motor2 11.72 7.03 -2.93 12.89 -5.57 -9.08
motor1 3.22 -9.67 -9.08 10.25 -9.67 -16.41
motor2 11.72 7.03 -2.93 12.60 -5.57 -9.08
motor1 2.64 -9.67 -9.08 10.25 -9.67 -16.41
motor2 11.43 6.74 -2.93 12.60 -5.57 -9.67
motor1 4.69 -9.67 -9.08 10.25 -9.67 -16.41
motor2 10.84 6.74 -2.93 12.60 -5.57 -9.67
motor1 5.27 -9.67 -9.08 10.25 -9.67 -16.41
motor2 10.84 6.74 -2.64 12.60 -5.86 -9.08
motor1 4.98 -9.08 -9.38 10.25 -9.67 -16.41
motor2 11.43 6.45 -2.64 12.60 -5.57 -9.08
motor1 4.98 -9.08 -9.38 10.25 -9.67 -16.41
motor2 11.43 6.45 -2.93 12.60 -5.57 -9.08
motor1 4.98 -9.08 -9.38 10.25 -9.67 -16.41
motor2 11.43 6.45 -2.93 12.60 -5.57 -9.08
motor1 4.98 -9.08 -9.38 10.25 -9.67 -16.41
motor2 11.43 6.45 -2.64 12.60 -5.57 -9.08
motor1 4.98 -9.67 -9.38 10.25 -9.67 -16.41
motor2 11.43 6.45 -2.93 12.60 -5.57 -9.08
motor1 4.98 -9.08 -9.38 10.25 -9.67 -16.41
motor2 11.43 6.45 -2.93 12.60 -5.57 -9.08
motor1 4.98 -9.67 -9.67 10.25 -9.67 -16.41
motor2 11.43 6.45 -2.64 12.60 -5.57 -9.08
motor1 4.98 -9.08 -9.67 10.25 -9.67 -16.41
motor2 11.43 6.45 -2.64 12.89 -5.57 -9.08
motor1 4.98 -9.08 -9.38 9.67 -9.67 -16.41
motor2 11.43 6.45 -2.93 12.60 -5.57 -9.08
motor1 4.98 -9.08 -9.38 10.25 -9.67 -16.41
motor2 11.43 6.45 -2.64 12.60 -5.57 -9.08
motor1 4.98 -9.67 -9.67 10.25 -9.67 -16.41
motor2 11.43 6.45 -2.93 12.60 -5.57 -9.08
motor1 4.98 -9.67 -9.38 10.25 -9.67 -16.11
motor2 11.43 6.45 -2.64 12.60 -5.57 -9.08
motor1 4.98 -9.08 -9.67 10.25 -9.67 -16.41
motor2 11.43 6.45 -2.93 12.60 -5.57 -9.08
motor1 4.98 -9.08 -9.38 10.25 -9.67 -16.41
motor2 11.43 6.45 -2.64 12.89 -5.57 -9.08
motor1 4.98 -9.08 -9.67 10.25 -9.67 -16.41
motor2 11.43 6.45 -2.93 12.60 -5.57 -9.08
motor1 4.98 -9.08 -9.67 10.25 -9.67 -16.41
motor2 11.43 6.45 -2.64 12.89 -5.57 -9.08
motor1 4.98 -9.67 -9.38 10.25 -9.67 -16.41
motor2 11.43 6.45 -2.93 12.89 -5.57 -9.08
motor1 4.98 -9.08 -9.38 10.25 -9.67 -16.41
motor2 11.43 6.45 -2.93 12.60 -5.57 -9.08
motor1 4.98 -9.08 -9.38 10.25 -9.67 -16.41
motor2 11.43 6.45 -2.64 12.60 -5.57 -9.08
motor1 4.98 -9.08 -9.38 10.25 -9.67 -16.41
motor2 11.43 6.45 -2.64 12.60 -5.57 -9.08
motor1 4.98 -9.67 -9.67 10.25 -9.67 -16.41
motor2 11.43 6.45 -2.64 12.60 -5.57 -9.08
motor1 4.98 -9.67 -9.38 10.25 -9.67 -16.41
motor2 11.43 6.45 -2.64 12.60 -5.57 -9.08
motor1 4.98 -9.08 -9.38 10.25 -9.67 -16.41
motor2 11.43 6.45 -2.93 12.60 -5.57 -9.08
motor1 4.98 -9.08 -9.38 10.25 -9.67 -16.41
motor2 11.43 6.45 -2.64 12.89 -5.57 -9.08
motor1 4.98 -9.08 -9.38 10.25 -9.67 -16.41
motor2 11.43 6.45 -2.93 12.60 -5.57 -9.08
motor1 4.98 -9.08 -9.38 10.25 -9.67 -16.41
motor2 11.43 6.45 -2.93 12.60 -5.57 -9.08
motor1 4.98 -9.67 -9.38 10.25 -9.67 -16.41
motor2 11.72 6.45 -2.93 12.60 -5.86 -9.08
