learning
The learning mode will be enabled, you'll need to reboot the board to return to normal operation
0 2.64
1 -50.10
2 -142.97
3 -5.86
4 -63.28
5 -141.21
6 2.05
7 -53.61
8 -144.43
9 3.52
10 -47.46
11 -142.38
0 2.64
1 -50.10
2 -142.97
3 -5.86
4 -62.99
5 -141.21
6 1.76
7 -53.61
8 -144.73
9 3.52
10 -47.46
11 -142.38
0 2.64
1 -50.10
2 -142.97
3 -5.86
4 -62.99
5 -141.21
6 2.05
7 -53.61
8 -144.73
9 3.52
10 -47.46
11 -142.38
0 2.64
1 -50.10
2 -142.97
3 -5.86
4 -63.28
5 -141.21
6 2.05
7 -53.61
8 -144.43
9 3.52
10 -47.46
11 -142.38
0 2.64
1 -50.10
2 -142.97
3 -5.57
4 -62.99
5 -141.21
6 2.05
7 -53.61
8 -144.73
9 3.52
10 -47.46
11 -142.38
0 2.64
1 -50.10
2 -142.97
3 -5.86
4 -63.28
5 -141.21
6 1.76
7 -53.61
8 -144.43
9 3.52
10 -47.46
11 -142.38
0 2.64
1 -50.10
2 -142.97
3 -5.86
4 -63.28
5 -141.21
6 2.05
7 -53.61
8 -144.73
9 3.52
10 -47.46
11 -142.38
0 2.64
1 -50.10
2 -142.97
3 -5.86
4 -63.28
5 -141.21
6 1.76
7 -53.61
8 -144.43
9 3.52
10 -47.46
11 -142.38
0 2.64
1 -50.10
2 -142.97
3 -5.86
4 -62.99
5 -141.21
6 1.76
7 -53.61
8 -144.73
9 3.52
10 -47.46
11 -142.38
0 2.64
1 -50.10
2 -142.97
3 -5.86
4 -62.99
5 -141.21
6 2.05
7 -53.61
8 -144.73
9 3.52
10 -47.46
11 -142.38
0 2.64
1 -50.10
2 -142.97
3 -5.86
4 -62.99
5 -141.21
6 2.05
7 -53.61
8 -144.73
9 3.81
10 -47.46
11 -142.38
0 2.64
1 -50.39
2 -142.97
3 -5.86
4 -63.28
5 -141.80
6 1.76
7 -53.61
8 -144.73
9 4.10
10 -47.46
11 -142.38
0 2.64
1 -50.39
2 -142.97
3 -5.86
4 -63.28
5 -141.80
6 2.05
7 -53.61
8 -144.73
9 4.39
10 -47.46
11 -142.38
0 2.64
1 -50.68
2 -141.21
3 -5.86
4 -63.28
5 -141.80
6 1.76
7 -53.03
8 -144.43
9 4.39
10 -47.46
11 -142.38
0 2.64
1 -50.68
2 -139.16
3 -5.57
4 -63.28
5 -141.80
6 1.76
7 -52.73
8 -142.97
9 4.39
10 -47.17
11 -142.38
0 2.34
1 -50.98
2 -133.89
3 -4.69
4 -63.28
5 -141.21
6 1.76
7 -51.86
8 -142.09
9 3.81
10 -47.17
11 -142.38
0 2.05
1 -50.98
2 -126.56
3 -4.39
4 -62.99
5 -141.21
6 1.76
7 -50.98
8 -138.87
9 3.81
10 -47.17
11 -142.38
0 1.46
1 -50.68
2 -118.95
3 -4.10
4 -63.28
5 -141.21
6 1.76
7 -50.68
8 -134.18
9 3.81
10 -47.46
11 -142.38
0 0.88
1 -49.22
2 -111.33
3 -4.69
4 -63.28
5 -141.21
6 1.46
7 -49.51
8 -127.44
9 4.69
10 -47.46
11 -142.38
0 0.59
1 -47.75
2 -104.30
3 -5.57
4 -63.87
5 -141.21
6 1.46
7 -46.88
8 -119.24
9 4.98
10 -48.34
11 -142.38
0 0.59
1 -46.00
2 -96.97
3 -6.15
4 -63.87
5 -141.21
6 1.76
7 -43.65
8 -110.74
9 4.98
10 -50.68
11 -142.38
0 0.59
1 -43.07
2 -88.77
3 -6.15
4 -64.16
5 -141.21
6 2.05
7 -41.02
8 -101.07
9 5.27
10 -52.44
11 -142.38
0 0.88
1 -39.84
2 -82.03
3 -6.15
4 -66.80
5 -141.21
6 2.05
7 -38.09
8 -92.87
9 4.98
10 -53.03
11 -142.68
0 0.88
1 -36.62
2 -75.29
3 -6.15
4 -70.31
5 -140.92
6 2.05
7 -35.45
8 -84.67
9 5.27
10 -53.03
11 -142.68
0 0.88
1 -33.69
2 -69.14
3 -6.15
4 -75.29
5 -140.33
6 2.05
7 -33.11
8 -77.34
9 4.98
10 -53.03
11 -142.68
0 0.88
1 -30.76
2 -62.70
3 -6.15
4 -79.69
5 -140.04
6 2.05
7 -30.47
8 -69.43
9 5.27
10 -53.03
11 -142.68
0 1.17
1 -28.12
2 -57.13
3 -6.15
4 -84.37
5 -138.28
6 2.05
7 -28.71
8 -62.11
9 5.27
10 -53.91
11 -142.68
0 1.17
1 -25.78
2 -52.15
3 -6.15
4 -87.60
5 -137.70
6 1.76
7 -25.49
8 -55.96
9 5.27
10 -55.96
11 -142.68
0 1.46
1 -23.14
2 -46.00
3 -5.86
4 -88.18
5 -137.70
6 1.76
7 -21.97
8 -48.93
9 4.98
10 -57.13
11 -142.68
0 1.46
1 -19.63
2 -38.96
3 -5.57
4 -87.89
5 -137.70
6 1.76
7 -17.58
8 -43.36
9 4.98
10 -58.89
11 -142.68
0 1.46
1 -16.99
2 -32.52
3 -5.57
4 -88.18
5 -137.70
6 1.76
7 -14.36
8 -38.96
9 4.98
10 -59.47
11 -142.68
0 1.46
1 -14.36
2 -27.54
3 -5.57
4 -88.18
5 -137.70
6 1.76
7 -12.01
8 -33.69
9 4.98
10 -59.77
11 -142.68
0 1.46
1 -11.43
2 -22.27
3 -5.27
4 -88.18
5 -137.70
6 1.76
7 -9.67
8 -29.30
9 4.98
10 -61.23
11 -142.68
0 1.46
1 -8.50
2 -17.87
3 -5.27
4 -88.18
5 -137.70
6 1.76
7 -7.03
8 -24.90
9 4.98
10 -62.11
11 -142.68
0 1.46
1 -4.98
2 -12.60
3 -5.27
4 -88.18
5 -137.70
6 2.05
7 -4.69
8 -19.92
9 4.98
10 -62.99
11 -142.68
0 1.46
1 -1.76
2 -8.79
3 -5.27
4 -87.89
5 -137.70
6 2.05
7 -2.93
8 -14.36
9 4.98
10 -63.87
11 -142.68
0 2.05
1 0.00
2 -6.15
3 -5.27
4 -87.89
5 -137.70
6 2.05
7 -1.17
8 -10.55
9 4.98
10 -64.16
11 -142.38
0 2.34
1 1.46
2 -2.64
3 -4.98
4 -87.60
5 -137.99
6 2.05
7 1.46
8 -6.45
9 4.98
10 -65.04
11 -142.38
0 2.64
1 2.93
2 0.88
3 -5.27
4 -87.60
5 -137.99
6 2.05
7 3.52
8 -1.17
9 4.98
10 -65.04
11 -142.38
0 2.64
1 5.57
2 4.69
3 -5.27
4 -87.60
5 -137.99
6 2.93
7 4.39
8 -0.59
9 4.98
10 -65.04
11 -141.80
0 2.34
1 7.62
2 4.69
3 -4.98
4 -87.60
5 -137.99
6 2.93
7 4.39
8 -0.59
9 4.98
10 -65.04
11 -141.80
0 2.34
1 7.62
2 3.81
3 -4.98
4 -87.60
5 -137.99
6 2.34
7 4.10
8 -1.46
9 4.98
10 -64.75
11 -141.80
0 2.34
1 7.32
2 3.81
3 -4.98
4 -87.60
5 -137.99
6 2.34
7 4.10
8 -1.46
9 4.98
10 -64.75
11 -141.80
0 2.34
1 7.32
2 3.81
3 -4.98
4 -87.60
5 -137.99
6 2.34
7 4.10
8 -1.46
9 4.69
10 -64.75
11 -141.80
0 2.34
1 7.32
2 3.81
3 -5.27
4 -87.60
5 -137.99
6 2.34
7 4.10
8 -1.46
9 4.98
10 -64.75
11 -141.80
0 2.34
1 7.32
2 3.81
3 -4.98
4 -87.60
5 -137.99
6 2.34
7 4.10
8 -1.46
9 4.69
10 -64.75
11 -141.80
0 2.34
1 7.32
2 3.81
3 -4.98
4 -87.60
5 -137.99
6 2.34
7 4.10
8 -1.46
9 4.98
10 -64.75
11 -141.80
0 2.34
1 7.32
2 3.81
3 -4.98
4 -87.60
5 -138.28
6 2.34
7 4.10
8 -1.46
9 4.69
10 -65.04
11 -141.80
0 2.34
1 7.32
2 3.81
3 -5.27
4 -87.60
5 -137.99
6 2.93
7 4.10
8 -1.46
9 4.69
10 -64.75
11 -141.80
0 2.34
1 7.32
2 3.81
3 -4.98
4 -87.89
5 -137.99
6 2.34
7 4.10
8 -1.46
9 4.98
10 -65.04
11 -141.80
0 2.34
1 7.32
2 3.81
3 -5.27
4 -87.60
5 -137.99
6 2.34
7 4.10
8 -1.17
9 4.98
10 -64.75
11 -141.80
0 2.34
1 7.32
2 3.81
3 -5.27
4 -87.60
5 -137.99
6 2.34
7 4.10
8 -1.46
9 4.39
10 -64.75
11 -140.62
0 2.34
1 7.32
2 3.81
3 -5.27
4 -87.30
5 -137.70
6 2.34
7 4.10
8 -1.46
9 4.69
10 -64.45
11 -138.28
0 2.34
1 6.74
2 4.39
3 -4.98
4 -86.13
5 -134.47
6 2.34
7 4.10
8 -1.46
9 4.69
10 -62.99
11 -132.13
0 2.34
1 6.74
2 4.39
3 -4.69
4 -82.91
5 -128.61
6 2.34
7 4.10
8 -1.46
9 4.69
10 -60.94
11 -123.34
0 2.34
1 6.45
2 4.39
3 -4.69
4 -78.52
5 -120.70
6 2.34
7 4.10
8 -1.46
9 4.69
10 -56.84
11 -113.96
0 2.64
1 6.45
2 3.81
3 -4.69
4 -72.36
5 -111.62
6 2.34
7 4.10
8 -1.76
9 4.69
10 -51.27
11 -103.71
0 2.64
1 6.45
2 3.81
3 -4.69
4 -65.62
5 -100.49
6 2.34
7 4.10
8 -1.46
9 4.39
10 -44.82
11 -91.11
0 2.34
1 6.45
2 3.81
3 -4.69
4 -57.13
5 -87.89
6 2.34
7 4.10
8 -1.46
9 4.39
10 -38.38
11 -79.69
0 2.34
1 6.45
2 3.81
3 -4.69
4 -48.93
5 -76.76
6 2.34
7 4.10
8 -1.46
9 4.69
10 -32.23
11 -68.85
0 2.34
1 6.15
2 3.81
3 -4.69
4 -41.89
5 -65.62
6 2.34
7 4.10
8 -1.46
9 4.39
10 -26.95
11 -58.30
0 2.34
1 6.15
2 3.81
3 -4.69
4 -34.57
5 -54.20
6 2.34
7 4.10
8 -1.46
9 4.10
10 -21.97
11 -46.88
0 2.34
1 6.45
2 3.81
3 -4.39
4 -28.42
5 -43.36
6 2.93
7 4.10
8 -1.46
9 3.52
10 -17.58
11 -36.62
0 2.34
1 6.45
2 3.81
3 -4.39
4 -23.14
5 -33.69
6 2.34
7 4.10
8 -1.46
9 3.22
10 -12.89
11 -26.66
0 2.34
1 6.15
2 3.81
3 -4.39
4 -17.87
5 -24.90
6 2.34
7 4.10
8 -1.76
9 3.22
10 -8.20
11 -17.58
0 2.34
1 6.15
2 3.81
3 -4.10
4 -13.48
5 -17.87
6 2.34
7 4.10
8 -1.46
9 2.93
10 -2.93
11 -9.96
0 2.34
1 6.15
2 3.81
3 -4.10
4 -8.79
5 -10.84
6 2.34
7 4.10
8 -1.46
9 2.93
10 1.46
11 -3.81
0 2.64
1 6.15
2 3.81
3 -4.10
4 -5.57
5 -6.15
6 2.93
7 4.10
8 -1.46
9 2.64
10 4.39
11 -0.29
0 2.34
1 6.15
2 3.81
3 -4.39
4 -4.10
5 -2.93
6 2.34
7 4.10
8 -1.46
9 2.64
10 5.57
11 1.17
0 2.34
1 6.15
2 3.81
3 -4.39
4 -3.81
5 -3.22
6 2.34
7 4.10
8 -1.46
9 3.22
10 5.57
11 1.76
0 2.34
1 6.15
2 3.81
3 -4.39
4 -2.93
5 -2.64
6 2.34
7 4.10
8 -1.46
9 3.52
10 5.57
11 1.76
0 2.34
1 6.15
2 3.81
3 -4.69
4 -2.93
5 -3.22
6 2.34
7 4.10
8 -1.46
9 3.52
10 5.57
11 1.17
0 2.34
1 6.15
2 3.81
3 -4.69
4 -3.22
5 -3.52
6 2.34
7 4.10
8 -1.46
9 3.52
10 5.57
11 1.17
0 2.34
1 6.45
2 3.81
3 -4.69
4 -3.22
5 -3.52
6 2.34
7 4.10
8 -1.46
9 3.52
10 5.57
11 1.17
0 2.64
1 6.45
2 3.81
3 -4.69
4 -3.22
5 -3.22
6 2.34
7 4.10
8 -1.46
9 3.52
10 5.57
11 1.17
0 2.34
1 6.45
2 3.81
3 -4.69
4 -3.22
5 -3.22
6 2.34
7 4.10
8 -1.46
9 3.52
10 5.57
11 1.17
0 2.34
1 6.45
2 3.81
3 -4.69
4 -3.22
5 -3.52
6 2.34
7 4.39
8 -1.46
9 3.52
10 5.57
11 1.17
0 2.34
1 6.45
2 3.81
3 -4.69
4 -2.93
5 -3.52
6 2.34
7 4.10
8 -1.46
9 3.52
10 5.57
11 1.17
0 2.34
1 6.74
2 3.81
3 -4.69
4 -2.93
5 -3.52
6 2.34
7 4.10
8 -1.46
9 3.81
10 5.57
11 1.17
0 2.34
1 6.74
2 3.81
3 -4.69
4 -3.22
5 -3.22
6 2.34
7 4.10
8 -1.46
9 3.52
10 5.57
11 1.17
0 2.05
1 6.74
2 3.81
3 -4.69
4 -3.22
5 -3.52
6 2.34
7 4.10
8 -1.46
9 4.39
10 5.57
11 1.17
0 0.29
1 6.74
2 4.39
3 -4.69
4 -3.22
5 -3.52
6 3.52
7 4.39
8 -1.46
9 4.69
10 5.27
11 1.17
0 0.29
1 6.74
2 4.39
3 -4.69
4 -3.22
5 -3.52
6 3.52
7 4.39
8 -1.46
9 4.98
10 5.27
11 1.17
0 0.59
1 6.45
2 4.39
3 -4.69
4 -3.22
5 -3.52
6 2.05
7 4.39
8 -1.46
9 4.98
10 5.27
11 1.17
0 1.46
1 6.45
2 4.39
3 -4.69
4 -3.22
5 -3.52
6 0.00
7 4.39
8 -1.46
9 5.27
10 5.27
11 1.17
0 2.64
1 6.45
2 4.39
3 -4.69
4 -3.22
5 -3.52
6 -1.17
7 4.39
8 -1.46
9 5.27
10 5.27
11 1.17
0 2.64
1 6.45
2 4.39
3 -4.69
4 -3.22
5 -3.52
6 -4.10
7 4.39
8 -1.46
9 8.20
10 5.27
11 1.17
0 0.29
1 6.45
2 4.39
3 -4.98
4 -3.22
5 -3.52
6 -6.15
7 4.39
8 -1.76
9 10.25
10 5.27
11 1.17
0 1.46
1 6.45
2 4.39
3 -4.98
4 -3.22
5 -3.52
6 -8.20
7 4.39
8 -1.46
9 10.25
10 5.27
11 1.17
0 1.17
1 6.45
2 4.39
3 -4.98
4 -3.22
5 -2.93
6 -8.79
7 4.39
8 -1.46
9 10.84
10 5.27
11 1.17
0 0.00
1 6.74
2 4.39
3 -3.52
4 -2.93
5 -2.93
6 -11.13
7 4.39
8 -1.46
9 12.60
10 5.57
11 1.17
0 -1.76
1 6.45
2 4.39
3 -0.29
4 -2.93
5 -2.93
6 -14.06
7 4.39
8 -1.46
9 14.94
10 5.57
11 1.17
0 -6.15
1 6.45
2 4.39
3 4.69
4 -2.64
5 -2.93
6 -17.58
7 4.39
8 -1.46
9 18.46
10 5.57
11 1.17
0 -11.43
1 6.45
2 4.39
3 11.13
4 -2.64
5 -2.93
6 -19.92
7 4.39
8 -1.76
9 22.56
10 5.57
11 1.17
0 -18.46
1 6.74
2 4.39
3 18.46
4 -2.64
5 -2.93
6 -23.14
7 4.39
8 -1.46
9 26.07
10 5.57
11 1.17
0 -25.78
1 6.74
2 4.39
3 24.32
4 -2.64
5 -2.93
6 -26.37
7 4.39
8 -1.76
9 29.88
10 5.57
11 1.17
0 -30.76
1 6.74
2 4.39
3 28.71
4 -2.64
5 -2.93
6 -30.18
7 4.39
8 -1.76
9 33.40
10 5.57
11 1.17
0 -35.74
1 6.74
2 4.39
3 32.81
4 -2.64
5 -2.93
6 -34.28
7 4.10
8 -2.34
9 36.33
10 5.57
11 1.17
0 -40.43
1 6.74
2 4.39
3 36.33
4 -2.64
5 -2.93
6 -37.50
7 4.10
8 -2.34
9 38.38
10 5.57
11 1.17
0 -43.65
1 6.74
2 4.39
3 38.96
4 -2.64
5 -2.93
6 -40.43
7 4.10
8 -2.34
9 40.43
10 5.27
11 1.17
0 -47.46
1 6.74
2 4.39
3 41.02
4 -2.64
5 -2.93
6 -43.07
7 4.10
8 -2.34
9 42.19
10 5.27
11 1.17
0 -49.22
1 6.74
2 4.39
3 41.89
4 -2.64
5 -2.93
6 -44.24
7 4.10
8 -2.34
9 42.77
10 5.27
11 1.17
0 -50.10
1 6.74
2 4.39
3 43.65
4 -2.64
5 -2.93
6 -44.82
7 4.10
8 -2.34
9 42.48
10 5.57
11 1.17
0 -50.10
1 6.74
2 4.39
3 43.95
4 -2.64
5 -2.93
6 -44.82
7 4.10
8 -2.34
9 42.48
10 5.27
11 1.17
0 -50.10
1 7.32
2 4.39
3 43.36
4 -2.64
5 -2.93
6 -44.82
7 4.10
8 -2.34
9 42.19
10 5.27
11 1.17
0 -49.51
1 6.74
2 4.39
3 42.77
4 -2.93
5 -3.22
6 -44.82
7 4.10
8 -2.34
9 42.19
10 5.57
11 1.17
0 -49.51
1 6.74
2 4.39
3 42.77
4 -2.93
5 -3.22
6 -44.82
7 4.10
8 -2.34
9 42.19
10 5.57
11 1.17
0 -49.80
1 6.74
2 3.81
3 42.77
4 -2.93
5 -3.22
6 -44.82
7 4.10
8 -2.34
9 42.19
10 5.27
11 1.17
0 -49.80
1 6.74
2 3.81
3 42.77
4 -2.93
5 -3.22
6 -44.82
7 4.10
8 -2.34
9 42.19
10 5.57
11 1.17
0 -49.80
1 6.74
2 3.81
3 43.36
4 -3.22
5 -3.22
6 -44.82
7 4.10
8 -2.34
9 42.19
10 5.57
11 1.17
0 -49.80
1 6.74
2 3.81
3 44.24
4 -3.22
5 -3.22
6 -45.12
7 4.10
8 -2.34
9 42.19
10 5.27
11 1.17
0 -50.68
1 6.74
2 3.81
3 45.12
4 -3.22
5 -3.22
6 -45.70
7 4.10
8 -2.34
9 42.48
10 5.27
11 1.17
0 -50.98
1 6.74
2 3.81
3 45.12
4 -3.22
5 -3.22
6 -46.00
7 4.10
8 -2.34
9 42.48
10 5.27
11 1.17
0 -50.98
1 6.74
2 3.81
3 45.12
4 -3.22
5 -3.52
6 -46.00
7 4.10
8 -2.34
9 42.48
10 5.27
11 1.17
0 -50.98
1 6.74
2 3.81
3 45.12
4 -3.22
5 -3.22
6 -46.00
7 4.10
8 -2.34
9 42.48
10 5.27
11 1.17
0 -50.98
1 6.74
2 3.81
3 45.12
4 -3.52
5 -3.22
6 -46.00
7 3.52
8 -2.34
9 42.48
10 5.27
11 1.17
0 -50.98
1 6.45
2 4.39
3 45.12
4 -4.69
5 -3.22
6 -46.00
7 2.64
8 -1.76
9 42.48
10 2.93
11 1.17
0 -50.98
1 4.39
2 4.69
3 45.41
4 -5.57
5 -2.93
6 -46.29
7 0.59
8 -1.17
9 42.77
10 1.46
11 1.46
0 -50.98
1 2.64
2 5.57
3 45.12
4 -8.79
5 -2.64
6 -46.29
7 -2.93
8 -0.88
9 42.77
10 -2.05
11 1.76
0 -50.68
1 -0.88
2 6.74
3 45.12
4 -13.18
5 -2.64
6 -46.58
7 -7.62
8 -0.29
9 42.77
10 -6.74
11 1.76
0 -50.68
1 -5.27
2 9.08
3 45.12
4 -18.16
5 -0.88
6 -46.58
7 -13.77
8 -0.29
9 43.07
10 -12.89
11 2.64
0 -50.68
1 -11.13
2 11.13
3 45.12
4 -24.02
5 1.17
6 -46.58
7 -20.51
8 2.34
9 42.77
10 -19.63
11 4.69
0 -50.68
1 -17.29
2 14.06
3 45.12
4 -30.18
5 4.10
6 -46.58
7 -27.54
8 4.69
9 42.77
10 -26.95
11 7.32
0 -50.68
1 -24.32
2 16.99
3 44.82
4 -32.52
5 4.69
6 -46.88
7 -37.50
8 7.91
9 42.77
10 -33.40
11 9.08
0 -50.68
1 -29.59
2 19.34
3 44.53
4 -30.18
5 3.52
6 -46.88
7 -44.24
8 9.08
9 43.07
10 -37.79
11 9.96
0 -50.68
1 -31.64
2 19.92
3 44.24
4 -29.88
5 3.52
6 -47.75
7 -43.65
8 8.50
9 42.77
10 -37.21
11 9.38
0 -50.68
1 -31.35
2 19.34
3 44.53
4 -30.18
5 3.52
6 -48.05
7 -41.60
8 7.62
9 42.77
10 -36.62
11 9.08
0 -50.68
1 -29.88
2 19.04
3 44.53
4 -29.88
5 2.93
6 -47.17
7 -38.38
8 7.03
9 42.77
10 -35.74
11 8.79
0 -50.10
1 -29.88
2 19.04
3 44.24
4 -29.88
5 3.52
6 -47.17
7 -34.86
8 7.03
9 42.19
10 -35.74
11 8.79
0 -50.10
1 -29.59
2 18.46
3 44.53
4 -29.88
5 3.52
6 -47.17
7 -33.69
8 7.32
9 41.89
10 -35.74
11 8.79
0 -50.10
1 -29.59
2 18.46
3 44.24
4 -30.18
5 3.52
6 -46.88
7 -33.11
8 7.03
9 42.19
10 -35.74
11 8.79
0 -50.10
1 -29.30
2 17.58
3 44.24
4 -29.88
5 3.52
6 -47.17
7 -31.64
8 7.03
9 42.19
10 -35.74
11 8.79
0 -50.10
1 -29.00
2 17.58
3 44.24
4 -29.88
5 3.52
6 -46.88
7 -30.47
8 7.03
9 41.02
10 -35.74
11 8.79
0 -50.10
1 -28.71
2 17.58
3 44.24
4 -30.18
5 3.52
6 -46.88
7 -29.59
8 7.03
9 40.43
10 -34.86
11 8.50
0 -50.10
1 -28.12
2 17.29
3 44.24
4 -29.00
5 2.64
6 -46.88
7 -24.90
8 6.45
9 41.02
10 -31.64
11 7.32
0 -50.10
1 -24.32
2 16.99
3 44.24
4 -25.49
5 1.76
6 -46.88
7 -18.46
8 6.15
9 41.02
10 -25.49
11 7.03
0 -50.10
1 -18.75
2 14.65
3 44.24
4 -20.51
5 0.00
6 -46.88
7 -10.55
8 6.15
9 41.02
10 -17.29
11 5.27
0 -50.10
1 -11.43
2 11.72
3 44.24
4 -14.65
5 -0.88
6 -46.88
7 -3.81
8 6.15
9 41.02
10 -9.96
11 3.52
0 -50.68
1 -4.98
2 9.38
3 44.24
4 -9.96
5 -1.76
6 -46.88
7 1.46
8 6.45
9 41.02
10 -4.10
11 2.93
0 -50.10
1 -1.17
2 9.08
3 44.24
4 -8.20
5 -1.76
6 -46.88
7 3.22
8 6.74
9 41.31
10 -2.05
11 2.93
0 -50.10
1 0.59
2 9.08
3 44.24
4 -7.32
5 -1.46
6 -46.88
7 4.39
8 7.32
9 41.02
10 -0.59
11 3.22
0 -50.10
1 2.05
2 9.08
3 44.24
4 -7.32
5 -1.46
6 -46.88
7 4.69
8 7.32
9 40.43
10 0.00
11 3.22
0 -49.80
1 2.05
2 9.67
3 44.24
4 -7.62
5 -0.88
6 -46.88
7 4.10
8 7.62
9 41.31
10 -0.29
11 3.52
0 -49.22
1 0.88
2 11.13
3 44.24
4 -9.96
5 0.00
6 -46.88
7 2.05
8 8.20
9 42.19
10 -2.93
11 4.98
0 -48.93
1 -2.64
2 12.01
3 44.24
4 -12.89
5 1.17
6 -46.88
7 -2.93
8 9.38
9 42.48
10 -6.74
11 5.86
0 -48.93
1 -7.32
2 14.36
3 44.24
4 -18.16
5 4.39
6 -46.88
7 -9.67
8 11.72
9 42.48
10 -13.18
11 9.08
0 -48.93
1 -14.06
2 16.70
3 44.24
4 -24.90
5 7.62
6 -46.58
7 -19.04
8 14.36
9 42.19
10 -21.68
11 12.89
0 -48.93
1 -21.97
2 19.92
3 44.24
4 -32.52
5 11.13
6 -46.88
7 -27.54
8 16.70
9 42.19
10 -31.05
11 16.70
0 -48.93
1 -30.76
2 23.44
3 44.24
4 -41.02
5 14.36
6 -46.88
7 -36.91
8 19.34
9 42.19
10 -40.43
11 20.51
0 -48.93
1 -39.55
2 27.54
3 43.95
4 -48.93
5 17.87
6 -46.88
7 -45.41
8 21.97
9 42.48
10 -49.80
11 24.61
0 -49.22
1 -48.34
2 31.05
3 43.95
4 -56.84
5 20.21
6 -46.58
7 -53.03
8 24.61
9 42.19
10 -59.18
11 27.83
0 -49.22
1 -55.66
2 34.28
3 44.24
4 -63.87
5 22.56
6 -46.88
7 -59.47
8 26.07
9 42.48
10 -66.21
11 29.59
0 -49.22
1 -61.23
2 35.16
3 44.82
4 -67.68
5 22.85
6 -46.58
7 -62.40
8 26.07
9 42.19
10 -69.14
11 29.00
0 -49.80
1 -62.11
2 34.86
3 45.12
4 -68.55
5 22.56
6 -46.58
7 -62.40
8 25.78
9 41.89
10 -69.14
11 27.25
0 -50.10
1 -61.82
2 33.11
3 45.41
4 -68.55
5 21.39
6 -46.58
7 -61.52
8 24.02
9 41.60
10 -67.09
11 24.90
0 -50.10
1 -59.18
2 30.47
3 45.41
4 -66.50
5 20.51
6 -46.88
7 -59.47
8 23.14
9 41.02
10 -64.45
11 19.04
0 -50.10
1 -55.37
2 24.90
3 45.12
4 -64.16
5 18.16
6 -46.88
7 -55.96
8 19.34
9 41.02
10 -58.59
11 12.60
0 -50.68
1 -49.51
2 18.16
3 45.12
4 -58.89
5 13.18
6 -46.88
7 -48.93
8 14.94
9 41.31
10 -51.27
11 5.86
0 -50.68
1 -43.07
2 12.01
3 44.53
4 -51.27
5 8.50
6 -46.88
7 -42.77
8 9.08
9 41.60
10 -43.65
11 -0.29
0 -49.80
1 -36.04
2 6.15
3 43.95
4 -43.65
5 4.98
6 -47.17
7 -35.16
8 4.10
9 41.60
10 -36.33
11 -5.27
0 -49.51
1 -29.59
2 2.05
3 43.95
4 -35.74
5 1.76
6 -47.17
7 -28.42
8 0.29
9 41.89
10 -29.59
11 -8.20
0 -48.93
1 -24.32
2 -1.17
3 43.95
4 -28.42
5 -0.88
6 -47.75
7 -21.09
8 -2.34
9 42.19
10 -23.44
11 -10.25
0 -48.93
1 -18.75
2 -3.81
3 43.95
4 -23.14
5 -2.64
6 -47.75
7 -15.53
8 -3.22
9 42.48
10 -18.16
11 -10.25
0 -48.93
1 -15.53
2 -4.98
3 43.65
4 -18.75
5 -2.93
6 -48.05
7 -11.13
8 -3.22
9 42.48
10 -15.53
11 -10.25
0 -48.93
1 -13.77
2 -4.98
3 43.65
4 -16.99
5 -2.93
6 -48.05
7 -9.67
8 -2.93
9 42.48
10 -14.65
11 -9.96
0 -48.93
1 -13.77
2 -4.98
3 43.65
4 -16.99
5 -2.93
6 -47.17
7 -9.67
8 -2.93
9 41.89
10 -14.94
11 -9.96
0 -48.93
1 -13.77
2 -4.98
3 43.95
4 -16.99
5 -2.93
6 -47.17
7 -9.67
8 -2.93
9 41.89
10 -14.94
11 -9.96
0 -48.93
1 -13.77
2 -4.98
3 43.95
4 -16.99
5 -2.93
6 -47.17
7 -9.67
8 -2.93
9 41.89
10 -14.65
11 -9.96
0 -48.93
1 -13.77
2 -4.98
3 43.95
4 -16.99
5 -2.93
6 -47.17
7 -9.67
8 -2.93
9 41.89
10 -14.65
11 -9.96
0 -49.80
1 -13.77
2 -4.98
3 44.53
4 -17.87
5 -2.64
6 -48.05
7 -9.96
8 -2.93
9 42.77
10 -15.53
11 -9.08
0 -50.98
1 -15.53
2 -4.98
3 44.53
4 -19.63
5 -2.34
6 -48.63
7 -12.30
8 -2.64
9 43.65
10 -17.58
11 -8.20
0 -50.98
1 -18.75
2 -4.69
3 44.53
4 -22.85
5 -1.76
6 -48.63
7 -16.11
8 -2.64
9 43.95
10 -22.27
11 -8.20
0 -50.98
1 -24.90
2 -4.39
3 44.53
4 -28.12
5 -1.17
6 -48.63
7 -22.56
8 -2.64
9 43.95
10 -29.00
11 -8.20
0 -51.27
1 -31.93
2 -4.39
3 44.53
4 -35.16
5 -1.17
6 -48.63
7 -30.47
8 -2.64
9 43.95
10 -36.91
11 -8.20
0 -51.27
1 -39.26
2 -4.10
3 44.53
4 -41.02
5 -1.17
6 -48.34
7 -38.09
8 -2.34
9 43.65
10 -45.41
11 -8.20
0 -52.15
1 -45.70
2 -3.81
3 45.12
4 -46.29
5 -1.46
6 -48.34
7 -45.41
8 -2.64
9 42.77
10 -52.44
11 -8.20
0 -52.73
1 -49.80
2 -3.81
3 45.41
4 -50.10
5 -1.76
6 -48.05
7 -48.93
8 -2.64
9 42.48
10 -56.84
11 -8.50
0 -53.32
1 -50.39
2 -4.39
3 45.41
4 -50.68
5 -2.34
6 -48.05
7 -50.39
8 -2.64
9 42.48
10 -58.59
11 -8.50
0 -53.32
1 -49.80
2 -4.39
3 45.12
4 -50.10
5 -2.34
6 -48.05
7 -50.39
8 -2.64
9 42.19
10 -58.30
11 -8.50
0 -53.32
1 -48.63
2 -4.39
3 45.12
4 -48.93
5 -2.34
6 -48.05
7 -48.63
8 -2.64
9 42.19
10 -56.84
11 -8.79
0 -53.03
1 -48.63
2 -4.39
3 44.82
4 -48.93
5 -2.34
6 -48.05
7 -46.88
8 -2.93
9 42.19
10 -54.20
11 -9.96
0 -53.03
1 -48.34
2 -4.98
3 44.82
4 -47.17
5 -2.93
6 -48.05
7 -41.89
8 -3.22
9 42.48
10 -47.75
11 -9.96
0 -52.44
1 -43.07
2 -5.57
3 44.82
4 -41.89
5 -3.22
6 -48.05
7 -34.57
8 -3.22
9 42.48
10 -39.55
11 -10.25
0 -52.15
1 -35.45
2 -5.57
3 44.82
4 -34.57
5 -3.22
6 -48.05
7 -28.42
8 -3.22
9 42.48
10 -31.05
11 -9.96
0 -52.15
1 -26.66
2 -5.57
3 44.82
4 -27.54
5 -3.22
6 -48.05
7 -21.97
8 -3.22
9 42.48
10 -22.56
11 -10.25
0 -51.86
1 -18.46
2 -5.57
3 44.82
4 -20.21
5 -2.93
6 -48.05
7 -15.53
8 -3.22
9 42.48
10 -15.23
11 -10.25
0 -51.56
1 -11.43
2 -4.98
3 44.82
4 -13.48
5 -2.93
6 -48.05
7 -9.96
8 -3.22
9 42.48
10 -9.67
11 -9.67
0 -51.56
1 -6.74
2 -4.98
3 44.24
4 -9.96
5 -2.93
6 -48.05
7 -6.15
8 -3.22
9 42.48
10 -7.32
11 -9.67
0 -51.56
1 -4.10
2 -4.98
3 44.24
4 -9.38
5 -2.93
6 -48.05
7 -4.98
8 -2.93
9 42.19
10 -7.32
11 -9.08
0 -51.86
1 -4.10
2 -4.98
3 44.53
4 -9.38
5 -2.93
6 -48.05
7 -4.98
8 -2.93
9 42.48
10 -7.62
11 -9.67
0 -52.73
1 -4.10
2 -4.98
3 44.82
4 -9.67
5 -2.93
6 -48.05
7 -4.98
8 -2.93
9 41.89
10 -7.91
11 -9.08
0 -53.32
1 -4.10
2 -4.69
3 45.12
4 -9.67
5 -2.64
6 -48.05
7 -5.57
8 -2.93
9 42.19
10 -8.20
11 -9.67
0 -53.32
1 -4.69
2 -4.69
3 45.41
4 -10.55
5 -2.64
6 -47.75
7 -6.74
8 -2.64
9 42.19
10 -9.67
11 -9.67
0 -53.32
1 -6.15
2 -4.69
3 45.12
4 -11.43
5 -2.64
6 -48.05
7 -6.74
8 -2.64
9 42.19
10 -9.67
11 -9.67
0 -52.73
1 -6.15
2 -4.69
3 44.53
4 -11.43
5 -2.64
6 -48.34
7 -6.74
8 -2.64
9 42.19
10 -9.96
11 -9.67
0 -53.03
1 -6.45
2 -4.39
3 44.82
4 -12.01
5 -2.64
6 -48.34
7 -7.32
8 -1.46
9 42.48
10 -10.84
11 -8.20
0 -53.03
1 -8.20
2 -4.10
3 44.82
4 -13.48
5 -2.93
6 -48.34
7 -8.79
8 -1.17
9 42.48
10 -13.48
11 -7.91
0 -53.03
1 -13.48
2 -4.10
3 44.82
4 -17.58
5 -2.93
6 -48.34
7 -13.18
8 -1.17
9 42.48
10 -19.63
11 -7.91
0 -52.73
1 -19.92
2 -3.81
3 44.53
4 -23.14
5 -2.93
6 -48.34
7 -19.34
8 -1.76
9 42.48
10 -26.95
11 -7.91
0 -53.03
1 -26.37
2 -3.81
3 44.82
4 -27.83
5 -2.64
6 -48.34
7 -26.07
8 -2.34
9 42.48
10 -33.40
11 -7.91
0 -53.03
1 -33.40
2 -3.81
3 44.82
4 -35.16
5 -2.64
6 -48.34
7 -32.81
8 -2.34
9 42.48
10 -41.02
11 -7.91
0 -53.32
1 -40.14
2 -3.81
3 44.82
4 -42.19
5 -2.93
6 -48.34
7 -39.26
8 -2.34
9 42.48
10 -48.05
11 -8.20
0 -53.32
1 -47.17
2 -3.81
3 44.82
4 -48.63
5 -3.22
6 -48.34
7 -44.53
8 -2.34
9 42.48
10 -55.96
11 -7.91
0 -54.20
1 -53.91
2 -4.10
3 45.12
4 -54.49
5 -3.22
6 -48.34
7 -49.51
8 -2.34
9 42.48
10 -62.99
11 -7.91
0 -55.08
1 -60.64
2 -4.69
3 45.41
4 -57.71
5 -4.98
6 -48.05
7 -52.44
8 -2.34
9 42.19
10 -68.85
11 -7.91
0 -55.66
1 -64.16
2 -5.27
3 45.41
4 -57.71
5 -6.74
6 -48.34
7 -51.56
8 -2.34
9 41.60
10 -69.14
11 -8.20
0 -55.66
1 -62.11
2 -5.57
3 45.12
4 -54.49
5 -7.91
6 -48.63
7 -48.63
8 -2.34
9 41.60
10 -64.75
11 -9.96
0 -55.08
1 -56.84
2 -7.62
3 45.12
4 -50.39
5 -9.67
6 -48.34
7 -42.48
8 -2.64
9 41.89
10 -56.84
11 -10.25
0 -53.32
1 -49.51
2 -8.79
3 44.82
4 -43.95
5 -10.55
6 -48.34
7 -34.28
8 -2.93
9 41.89
10 -47.46
11 -10.25
0 -52.73
1 -42.19
2 -9.08
3 44.24
4 -37.21
5 -10.55
6 -48.34
7 -26.37
8 -2.93
9 41.89
10 -38.38
11 -9.96
0 -52.15
1 -34.86
2 -9.08
3 43.95
4 -30.18
5 -10.55
6 -48.34
7 -19.04
8 -2.93
9 41.60
10 -30.47
11 -9.96
0 -50.68
1 -28.12
2 -8.50
3 43.95
4 -24.02
5 -10.55
6 -48.34
7 -12.30
8 -2.64
9 41.60
10 -23.44
11 -10.25
0 -50.10
1 -21.39
2 -8.20
3 43.95
4 -16.70
5 -10.55
6 -48.05
7 -5.86
8 -2.64
9 41.60
10 -16.41
11 -9.96
0 -49.80
1 -15.53
2 -7.91
3 43.65
4 -12.01
5 -10.55
6 -48.05
7 0.00
8 -2.64
9 41.89
10 -10.84
11 -10.25
0 -49.80
1 -11.13
2 -7.91
3 44.53
4 -10.84
5 -10.55
6 -48.05
7 2.93
8 -2.64
9 41.89
10 -8.50
11 -9.96
0 -50.68
1 -10.25
2 -7.91
3 43.95
4 -11.43
5 -10.55
6 -48.05
7 2.93
8 -2.64
9 41.89
10 -8.50
11 -10.25
0 -52.73
1 -10.84
2 -7.91
3 44.24
4 -11.72
5 -10.55
6 -46.88
7 0.59
8 -2.93
9 41.89
10 -10.55
11 -9.08
0 -52.73
1 -12.30
2 -7.62
3 44.53
4 -12.89
5 -10.55
6 -46.58
7 -1.17
8 -2.64
9 41.89
10 -12.60
11 -8.20
0 -52.73
1 -14.06
2 -7.32
3 44.53
4 -14.65
5 -10.55
6 -46.58
7 -6.74
8 -2.93
9 41.89
10 -18.46
11 -8.20
0 -52.44
1 -20.80
2 -7.03
3 44.53
4 -21.09
5 -10.25
6 -46.58
7 -14.65
8 -2.93
9 41.89
10 -26.95
11 -8.20
0 -52.44
1 -29.30
2 -7.03
3 44.53
4 -28.42
5 -10.25
6 -46.58
7 -22.27
8 -2.93
9 41.89
10 -35.45
11 -8.20
0 -52.73
1 -36.91
2 -7.03
3 44.24
4 -37.21
5 -10.25
6 -46.58
7 -29.88
8 -2.93
9 41.89
10 -43.07
11 -8.20
0 -52.73
1 -43.65
2 -7.03
3 44.53
4 -44.53
5 -10.25
6 -46.58
7 -37.50
8 -2.93
9 41.89
10 -50.68
11 -8.20
0 -52.73
1 -50.98
2 -7.03
3 44.53
4 -52.15
5 -10.25
6 -46.58
7 -44.24
8 -2.93
9 41.89
10 -58.30
11 -8.20
0 -53.32
1 -58.01
2 -7.03
3 44.53
4 -58.89
5 -10.55
6 -46.88
7 -50.39
8 -2.93
9 41.89
10 -65.62
11 -8.20
0 -53.32
1 -64.75
2 -7.32
3 44.53
4 -64.45
5 -10.84
6 -46.58
7 -55.08
8 -2.93
9 41.89
10 -71.78
11 -8.20
0 -54.49
1 -69.73
2 -7.91
3 44.82
4 -66.80
5 -11.13
6 -46.88
7 -56.84
8 -2.93
9 41.89
10 -74.12
11 -8.20
0 -54.49
1 -70.90
2 -8.50
3 44.82
4 -64.75
5 -12.01
6 -46.88
7 -54.49
8 -2.64
9 41.60
10 -71.78
11 -9.96
0 -54.20
1 -66.80
2 -8.79
3 44.53
4 -60.94
5 -12.30
6 -46.88
7 -50.10
8 -2.93
9 41.89
10 -66.80
11 -10.25
0 -52.73
1 -60.94
2 -8.79
3 44.24
4 -54.79
5 -14.06
6 -47.17
7 -41.89
8 -3.22
9 42.19
10 -57.13
11 -9.96
0 -52.15
1 -52.44
2 -9.08
3 43.95
4 -46.29
5 -14.36
6 -47.75
7 -32.23
8 -2.93
9 42.48
10 -47.46
11 -9.96
0 -51.56
1 -44.24
2 -9.08
3 43.95
4 -37.50
5 -14.65
6 -47.75
7 -24.02
8 -3.22
9 42.77
10 -38.96
11 -9.96
0 -51.56
1 -36.91
2 -9.08
3 43.95
4 -30.18
5 -15.23
6 -47.75
7 -17.29
8 -2.93
9 42.77
10 -31.05
11 -9.96
0 -51.56
1 -29.30
2 -10.25
3 43.95
4 -24.02
5 -15.53
6 -47.75
7 -9.96
8 -3.22
9 42.48
10 -23.14
11 -9.96
0 -50.98
1 -23.14
2 -11.13
3 43.65
4 -17.29
5 -16.11
6 -47.75
7 -2.93
8 -3.22
9 42.77
10 -17.29
11 -9.96
0 -50.98
1 -17.87
2 -11.72
3 43.65
4 -12.60
5 -16.99
6 -48.05
7 2.34
8 -2.93
9 42.77
10 -11.72
11 -9.96
0 -50.98
1 -12.60
2 -11.72
3 43.36
4 -9.67
5 -17.58
6 -48.05
7 4.69
8 -2.93
9 42.77
10 -7.62
11 -9.96
0 -50.98
1 -9.96
2 -11.43
3 42.77
4 -9.08
5 -17.29
6 -48.05
7 4.69
8 -2.93
9 42.77
10 -6.74
11 -9.67
0 -50.98
1 -9.67
2 -9.96
3 42.77
4 -9.96
5 -16.11
6 -48.05
7 2.64
8 -2.93
9 42.77
10 -10.25
11 -8.20
0 -50.98
1 -13.18
2 -9.08
3 43.36
4 -13.18
5 -15.53
6 -48.05
7 -3.52
8 -2.93
9 43.65
10 -16.41
11 -7.91
0 -50.98
1 -19.92
2 -9.08
3 43.36
4 -21.68
5 -15.23
6 -48.05
7 -13.48
8 -3.22
9 43.65
10 -26.37
11 -8.20
0 -51.27
1 -30.47
2 -9.08
3 43.36
4 -32.23
5 -14.65
6 -48.05
7 -23.73
8 -3.22
9 43.07
10 -38.09
11 -7.91
0 -52.44
1 -40.72
2 -9.08
3 43.36
4 -42.48
5 -15.23
6 -48.05
7 -33.69
8 -3.22
9 42.48
10 -49.80
11 -7.91
0 -52.73
1 -51.86
2 -9.08
3 43.36
4 -51.86
5 -15.53
6 -48.05
7 -42.48
8 -3.22
9 42.48
10 -60.94
11 -7.91
0 -52.73
1 -61.82
2 -9.08
3 43.65
4 -60.35
5 -15.53
6 -48.05
7 -50.10
8 -2.93
9 42.48
10 -70.90
11 -7.91
0 -52.73
1 -71.19
2 -9.08
3 43.65
4 -66.80
5 -15.53
6 -48.05
7 -56.84
8 -2.93
9 42.48
10 -79.98
11 -7.91
0 -53.03
1 -80.57
2 -9.08
3 44.24
4 -72.36
5 -15.53
6 -48.05
7 -62.40
8 -2.93
9 42.48
10 -86.72
11 -7.91
0 -54.20
1 -84.96
2 -9.08
3 44.82
4 -75.59
5 -15.53
6 -47.75
7 -65.62
8 -2.93
9 42.48
10 -87.30
11 -8.20
0 -54.49
1 -84.96
2 -10.84
3 45.41
4 -75.59
5 -15.82
6 -46.88
7 -65.04
8 -2.93
9 42.19
10 -84.96
11 -10.25
0 -54.20
1 -80.86
2 -11.43
3 45.12
4 -71.78
5 -16.70
6 -47.17
7 -60.35
8 -2.93
9 41.60
10 -79.10
11 -10.25
0 -53.91
1 -73.83
2 -11.43
3 44.53
4 -65.62
5 -16.99
6 -47.17
7 -52.44
8 -3.22
9 42.19
10 -69.14
11 -10.25
0 -52.44
1 -65.04
2 -11.72
3 43.95
4 -58.59
5 -16.99
6 -48.05
7 -44.53
8 -3.22
9 42.48
10 -59.18
11 -10.25
0 -51.56
1 -56.84
2 -11.72
3 43.36
4 -51.86
5 -16.99
6 -48.34
7 -37.50
8 -3.22
9 42.77
10 -50.10
11 -10.25
0 -50.98
1 -48.34
2 -11.72
3 42.77
4 -44.53
5 -16.99
6 -48.34
7 -30.18
8 -3.22
9 43.07
10 -40.43
11 -9.96
0 -50.68
1 -40.14
2 -11.72
3 42.48
4 -37.21
5 -16.99
6 -48.63
7 -22.85
8 -2.93
9 43.07
10 -31.35
11 -9.96
0 -49.80
1 -31.35
2 -11.72
3 41.89
4 -29.30
5 -16.99
6 -48.63
7 -14.65
8 -2.93
9 43.07
10 -22.85
11 -9.96
0 -49.22
1 -24.32
2 -11.72
3 41.31
4 -21.97
5 -16.99
6 -48.63
7 -6.45
8 -2.93
9 43.07
10 -15.23
11 -9.96
0 -48.93
1 -17.58
2 -11.43
3 41.31
4 -14.06
5 -16.99
6 -48.63
7 0.29
8 -2.93
9 43.07
10 -8.20
11 -9.96
0 -48.34
1 -12.30
2 -11.13
3 41.31
4 -9.67
5 -16.99
6 -48.63
7 3.81
8 -2.93
9 43.07
10 -5.57
11 -8.79
0 -48.34
1 -9.96
2 -11.13
3 41.60
4 -9.67
5 -16.99
6 -48.34
7 4.39
8 -1.76
9 42.77
10 -5.57
11 -9.08
0 -48.93
1 -9.67
2 -10.84
3 41.60
4 -9.67
5 -16.70
6 -48.34
7 4.39
8 -1.76
9 42.77
10 -5.57
11 -8.79
0 -49.51
1 -9.96
2 -10.84
3 41.89
4 -9.67
5 -16.99
6 -48.05
7 4.39
8 -1.76
9 42.77
10 -5.57
11 -9.08
0 -49.51
1 -9.96
2 -10.25
3 41.60
4 -9.67
5 -16.70
6 -48.05
7 4.39
8 -1.76
9 42.77
10 -5.57
11 -9.08
0 -49.51
1 -9.96
2 -10.25
3 41.60
4 -9.67
5 -16.70
6 -48.05
7 4.10
8 -1.76
9 41.89
10 -5.57
11 -9.08
0 -49.22
1 -9.67
2 -10.25
3 41.60
4 -9.67
5 -16.70
6 -48.34
7 4.39
8 -1.76
9 41.89
10 -5.57
11 -9.08
0 -49.22
1 -9.96
2 -10.25
3 41.31
4 -9.67
5 -15.82
6 -48.34
7 4.39
8 -1.76
9 41.89
10 -5.57
11 -9.08
0 -46.58
1 -9.96
2 -10.25
3 41.60
4 -9.67
5 -15.82
6 -44.24
7 4.39
8 -1.76
9 41.89
10 -5.57
11 -9.08
0 -41.02
1 -9.96
2 -10.25
3 41.60
4 -9.38
5 -16.11
6 -38.09
7 4.39
8 -1.76
9 41.89
10 -5.57
11 -9.08
0 -32.52
1 -9.96
2 -10.84
3 41.89
4 -9.67
5 -16.11
6 -28.71
7 4.39
8 -1.76
9 42.19
10 -5.57
11 -9.08
0 -23.14
1 -9.96
2 -10.84
3 41.60
4 -9.67
5 -16.11
6 -18.16
7 4.39
8 -1.76
9 42.19
10 -5.57
11 -9.08
0 -12.60
1 -9.67
2 -10.84
3 41.60
4 -9.67
5 -16.11
6 -9.38
7 4.10
8 -2.64
9 41.89
10 -5.57
11 -9.08
0 -3.52
1 -9.96
2 -10.84
3 41.60
4 -9.67
5 -15.82
6 -2.64
7 3.22
8 -2.93
9 42.48
10 -5.86
11 -9.08
0 -0.29
1 -9.96
2 -10.84
3 41.60
4 -9.67
5 -16.11
6 1.17
7 3.22
8 -3.22
9 42.48
10 -5.86
11 -9.08
0 2.93
1 -9.67
2 -10.84
3 41.60
4 -9.67
5 -15.82
6 4.69
7 4.10
8 -3.22
9 42.48
10 -5.57
11 -9.08
0 7.62
1 -8.79
2 -11.13
3 41.60
4 -9.67
5 -16.11
6 6.45
7 4.10
8 -3.22
9 42.48
10 -5.57
11 -9.08
0 14.36
1 -9.08
2 -10.84
3 41.60
4 -9.67
5 -16.11
6 10.84
7 4.10
8 -3.22
9 42.48
10 -5.57
11 -9.08
0 17.29
1 -9.08
2 -10.84
3 41.60
4 -9.67
5 -16.11
6 14.06
7 4.10
8 -3.22
9 42.48
10 -5.57
11 -9.08
0 16.41
1 -9.08
2 -10.25
3 41.89
4 -9.67
5 -16.11
6 14.06
7 4.10
8 -3.22
9 42.48
10 -5.57
11 -9.08
0 14.94
1 -9.08
2 -10.25
3 41.60
4 -9.67
5 -16.11
6 12.60
7 4.39
8 -2.93
9 42.48
10 -5.57
11 -9.08
0 15.23
1 -9.08
2 -10.25
3 41.60
4 -9.67
5 -15.82
6 12.60
7 4.39
8 -2.93
9 42.48
10 -5.57
11 -9.08
0 15.23
1 -9.67
2 -10.25
3 41.60
4 -9.67
5 -16.11
6 12.30
7 4.39
8 -2.93
9 42.48
10 -5.86
11 -9.08
0 14.94
1 -9.67
2 -10.25
3 41.60
4 -9.67
5 -15.82
6 12.60
7 4.39
8 -2.93
9 42.48
10 -5.57
11 -9.08
0 14.94
1 -9.67
2 -10.25
3 41.89
4 -9.67
5 -16.11
6 12.60
7 4.39
8 -2.64
9 42.48
10 -5.57
11 -9.08
0 15.23
1 -9.67
2 -10.25
3 41.60
4 -9.67
5 -15.82
6 12.60
7 4.39
8 -2.93
9 42.48
10 -5.57
11 -9.08
0 15.23
1 -9.67
2 -10.25
3 41.60
4 -9.38
5 -16.11
6 12.60
7 4.39
8 -2.93
9 41.89
10 -5.57
11 -9.08
0 15.23
1 -9.67
2 -10.25
3 39.26
4 -9.67
5 -16.11
6 12.60
7 4.39
8 -2.64
9 39.26
10 -5.57
11 -9.08
0 15.23
1 -9.67
2 -10.25
3 34.57
4 -9.96
5 -16.11
6 12.60
7 4.39
8 -2.64
9 33.69
10 -5.57
11 -9.08
0 14.94
1 -9.08
2 -10.25
3 27.25
4 -10.25
5 -16.11
6 12.60
7 4.39
8 -2.93
9 25.49
10 -5.57
11 -9.08
0 15.23
1 -9.67
2 -10.25
3 17.87
4 -10.25
5 -16.11
6 12.60
7 4.39
8 -2.93
9 17.29
10 -5.86
11 -9.08
0 15.23
1 -9.67
2 -10.25
3 9.38
4 -10.25
5 -16.41
6 12.60
7 4.39
8 -2.93
9 9.96
10 -5.86
11 -9.08
0 15.23
1 -9.67
2 -10.25
3 3.81
4 -10.55
5 -16.41
6 12.60
7 4.39
8 -2.93
9 2.34
10 -5.86
11 -9.08
0 15.23
1 -9.67
2 -10.25
3 -0.59
4 -10.55
5 -16.41
6 12.60
7 4.39
8 -2.93
9 -2.34
10 -5.86
11 -9.08
0 15.23
1 -9.67
2 -10.25
3 -4.10
4 -10.55
5 -16.41
6 12.60
7 4.39
8 -2.93
9 -3.52
10 -5.57
11 -9.08
0 15.23
1 -9.67
2 -10.25
3 -7.62
4 -10.25
5 -16.41
6 12.60
7 4.39
8 -2.93
9 -2.93
10 -5.57
11 -9.08
0 15.23
1 -9.67
2 -10.25
3 -8.20
4 -9.96
5 -16.41
6 12.60
7 4.39
8 -2.93
9 -0.88
10 -5.57
11 -9.08
0 15.23
1 -9.67
2 -10.25
3 -6.15
4 -9.67
5 -16.41
6 12.60
7 4.39
8 -2.64
9 -0.29
10 -5.57
11 -9.08
0 15.23
1 -9.67
2 -10.25
3 -5.86
4 -9.67
5 -16.41
6 12.60
7 4.39
8 -2.93
9 -0.29
10 -5.57
11 -9.08
0 15.23
1 -9.67
2 -10.25
3 -5.86
4 -9.67
5 -16.41
6 12.60
7 4.39
8 -2.93
9 -0.59
10 -5.57
11 -9.08
0 15.23
1 -9.67
2 -10.25
3 -6.45
4 -9.67
5 -16.41
6 12.60
7 4.39
8 -2.93
9 -0.29
10 -5.57
11 -9.08
0 15.23
1 -9.67
2 -10.25
3 -5.86
4 -9.67
5 -16.41
6 12.60
7 4.39
8 -2.93
9 -0.59
10 -5.57
11 -9.08
0 15.23
1 -9.67
2 -10.25
3 -4.69
4 -9.67
5 -16.41
6 12.60
7 4.39
8 -2.64
9 -0.29
10 -5.57
11 -9.08
0 14.94
1 -9.67
2 -10.25
3 -1.46
4 -9.67
5 -16.41
6 12.60
7 4.39
8 -2.93
9 4.39
10 -5.57
11 -9.08
0 15.23
1 -9.67
2 -10.25
3 2.93
4 -9.67
5 -16.41
6 12.60
7 4.39
8 -2.93
9 10.25
10 -5.57
11 -9.08
0 14.94
1 -9.67
2 -10.25
3 7.62
4 -9.67
5 -16.41
6 12.60
7 4.39
8 -2.64
9 14.06
10 -5.57
11 -9.08
0 15.23
1 -9.67
2 -10.25
3 11.13
4 -9.67
5 -16.41
6 12.30
7 4.39
8 -2.93
9 13.77
10 -5.57
11 -9.08
0 15.23
1 -9.67
2 -10.25
3 10.55
4 -9.67
5 -16.41
6 12.60
7 4.39
8 -2.93
9 12.60
10 -5.57
11 -9.08
0 15.23
1 -9.67
2 -10.25
3 10.25
4 -9.67
5 -16.41
6 12.60
7 4.39
8 -2.93
9 12.60
10 -5.57
11 -9.08
0 15.23
1 -9.67
2 -10.25
3 10.25
4 -9.67
5 -16.41
6 12.60
7 4.39
8 -2.93
9 12.89
10 -5.57
11 -9.08
0 15.23
1 -9.67
2 -10.25
3 10.25
4 -9.67
5 -16.41
6 12.60
7 4.39
8 -2.93
9 12.60
10 -5.57
11 -9.08
0 15.23
1 -9.67
2 -10.25
3 10.25
4 -9.67
5 -16.41
6 12.60
7 4.39
8 -2.93
9 12.60
10 -5.57
11 -9.08
0 15.23
1 -9.67
2 -10.25
3 10.25
4 -9.67
5 -16.41
6 12.60
7 4.39
8 -2.93
9 12.60
10 -5.57
11 -9.08
0 15.23
1 -9.67
2 -10.25
3 10.25
4 -9.67
5 -16.41
6 12.60
7 4.39
8 -2.93
9 12.89
10 -5.57
11 -9.08
0 15.23
1 -9.67
2 -10.25
3 10.25
4 -9.67
5 -16.41
6 12.01
7 5.57
8 -2.64
9 12.89
10 -5.57
11 -9.08
0 14.65
1 -9.67
2 -9.08
3 10.25
4 -9.67
5 -16.41
6 11.72
7 6.45
8 -2.64
9 12.60
10 -5.57
11 -9.08
0 11.43
1 -9.67
2 -9.08
3 10.25
4 -9.67
5 -16.41
6 11.43
7 6.74
8 -2.64
9 12.89
10 -5.57
11 -9.08
0 7.03
1 -9.67
2 -9.08
3 10.25
4 -9.67
5 -16.41
6 11.72
7 7.03
8 -2.93
9 12.89
10 -5.57
11 -9.08
0 3.22
1 -9.67
2 -9.08
3 10.25
4 -9.67
5 -16.41
6 11.72
7 7.03
8 -2.93
9 12.60
10 -5.57
11 -9.08
0 2.64
1 -9.67
2 -9.08
3 10.25
4 -9.67
5 -16.41
6 11.43
7 6.74
8 -2.93
9 12.60
10 -5.57
11 -9.67
0 4.69
1 -9.67
2 -9.08
3 10.25
4 -9.67
5 -16.41
6 10.84
7 6.74
8 -2.93
9 12.60
10 -5.57
11 -9.67
0 5.27
1 -9.67
2 -9.08
3 10.25
4 -9.67
5 -16.41
6 10.84
7 6.74
8 -2.64
9 12.60
10 -5.86
11 -9.08
0 4.98
1 -9.08
2 -9.38
3 10.25
4 -9.67
5 -16.41
6 11.43
7 6.45
8 -2.64
9 12.60
10 -5.57
11 -9.08
0 4.98
1 -9.08
2 -9.38
3 10.25
4 -9.67
5 -16.41
6 11.43
7 6.45
8 -2.93
9 12.60
10 -5.57
11 -9.08
0 4.98
1 -9.08
2 -9.38
3 10.25
4 -9.67
5 -16.41
6 11.43
7 6.45
8 -2.93
9 12.60
10 -5.57
11 -9.08
0 4.98
1 -9.08
2 -9.38
3 10.25
4 -9.67
5 -16.41
6 11.43
7 6.45
8 -2.64
9 12.60
10 -5.57
11 -9.08
0 4.98
1 -9.67
2 -9.38
3 10.25
4 -9.67
5 -16.41
6 11.43
7 6.45
8 -2.93
9 12.60
10 -5.57
11 -9.08
0 4.98
1 -9.08
2 -9.38
3 10.25
4 -9.67
5 -16.41
6 11.43
7 6.45
8 -2.93
9 12.60
10 -5.57
11 -9.08
0 4.98
1 -9.67
2 -9.67
3 10.25
4 -9.67
5 -16.41
6 11.43
7 6.45
8 -2.64
9 12.60
10 -5.57
11 -9.08
0 4.98
1 -9.08
2 -9.67
3 10.25
4 -9.67
5 -16.41
6 11.43
7 6.45
8 -2.64
9 12.89
10 -5.57
11 -9.08
0 4.98
1 -9.08
2 -9.38
3 9.67
4 -9.67
5 -16.41
6 11.43
7 6.45
8 -2.93
9 12.60
10 -5.57
11 -9.08
0 4.98
1 -9.08
2 -9.38
3 10.25
4 -9.67
5 -16.41
6 11.43
7 6.45
8 -2.64
9 12.60
10 -5.57
11 -9.08
0 4.98
1 -9.67
2 -9.67
3 10.25
4 -9.67
5 -16.41
6 11.43
7 6.45
8 -2.93
9 12.60
10 -5.57
11 -9.08
0 4.98
1 -9.67
2 -9.38
3 10.25
4 -9.67
5 -16.11
6 11.43
7 6.45
8 -2.64
9 12.60
10 -5.57
11 -9.08
0 4.98
1 -9.08
2 -9.67
3 10.25
4 -9.67
5 -16.41
6 11.43
7 6.45
8 -2.93
9 12.60
10 -5.57
11 -9.08
0 4.98
1 -9.08
2 -9.38
3 10.25
4 -9.67
5 -16.41
6 11.43
7 6.45
8 -2.64
9 12.89
10 -5.57
11 -9.08
0 4.98
1 -9.08
2 -9.67
3 10.25
4 -9.67
5 -16.41
6 11.43
7 6.45
8 -2.93
9 12.60
10 -5.57
11 -9.08
0 4.98
1 -9.08
2 -9.67
3 10.25
4 -9.67
5 -16.41
6 11.43
7 6.45
8 -2.64
9 12.89
10 -5.57
11 -9.08
0 4.98
1 -9.67
2 -9.38
3 10.25
4 -9.67
5 -16.41
6 11.43
7 6.45
8 -2.93
9 12.89
10 -5.57
11 -9.08
0 4.98
1 -9.08
2 -9.38
3 10.25
4 -9.67
5 -16.41
6 11.43
7 6.45
8 -2.93
9 12.60
10 -5.57
11 -9.08
0 4.98
1 -9.08
2 -9.38
3 10.25
4 -9.67
5 -16.41
6 11.43
7 6.45
8 -2.64
9 12.60
10 -5.57
11 -9.08
0 4.98
1 -9.08
2 -9.38
3 10.25
4 -9.67
5 -16.41
6 11.43
7 6.45
8 -2.64
9 12.60
10 -5.57
11 -9.08
0 4.98
1 -9.67
2 -9.67
3 10.25
4 -9.67
5 -16.41
6 11.43
7 6.45
8 -2.64
9 12.60
10 -5.57
11 -9.08
0 4.98
1 -9.67
2 -9.38
3 10.25
4 -9.67
5 -16.41
6 11.43
7 6.45
8 -2.64
9 12.60
10 -5.57
11 -9.08
0 4.98
1 -9.08
2 -9.38
3 10.25
4 -9.67
5 -16.41
6 11.43
7 6.45
8 -2.93
9 12.60
10 -5.57
11 -9.08
0 4.98
1 -9.08
2 -9.38
3 10.25
4 -9.67
5 -16.41
6 11.43
7 6.45
8 -2.64
9 12.89
10 -5.57
11 -9.08
0 4.98
1 -9.08
2 -9.38
3 10.25
4 -9.67
5 -16.41
6 11.43
7 6.45
8 -2.93
9 12.60
10 -5.57
11 -9.08
0 4.98
1 -9.08
2 -9.38
3 10.25
4 -9.67
5 -16.41
6 11.43
7 6.45
8 -2.93
9 12.60
10 -5.57
11 -9.08
0 4.98
1 -9.67
2 -9.38
3 10.25
4 -9.67
5 -16.41
6 11.72
7 6.45
8 -2.93
9 12.60
10 -5.86
11 -9.08