1 1.2232299724e-37 -1.24424740104e-33 5.70834684781e-30 -1.56104783138e-26 2.83328964982e-23 -3.59639718232e-20 3.27753322841e-17 -2.16720826892e-14 1.03863753508e-11 -3.56699011476e-09 8.585896892e-07 -0.000139821118611 0.0145984935355 -0.898683217818 28.272621498 -335
2 4.3917093366e-38 -4.24007991421e-34 1.83621129699e-30 -4.7091425762e-27 7.95324838176e-24 -9.30552426688e-21 7.72608998468e-18 -4.58589934253e-15 1.93528536089e-12 -5.70393927878e-10 1.13750106095e-07 -1.46100086178e-05 0.00111949559297 -0.0442928459042 0.704578915112 -60
3 -1.45999005442e-38 1.64269675478e-34 -8.29293211196e-31 2.48674269997e-27 -4.9385461825e-24 6.85241819856e-21 -6.8256503709e-18 4.93493909241e-15 -2.58662097026e-12 9.70607641257e-10 -2.5429407133e-07 4.46791963465e-05 -0.00496344437457 0.322233326187 -10.5865306291 -9
4 1.28805169892e-37 -1.30709663839e-33 5.98240178206e-30 -1.63203837845e-26 2.95477991055e-23 -3.74079101813e-20 3.39932888288e-17 -2.24027360653e-14 1.06930500145e-11 -3.65348209617e-09 8.73638064561e-07 -0.000141100104094 0.0145864573991 -0.887924150784 27.5992274604 -326
5 2.80746920377e-38 -2.66757613319e-34 1.13386363343e-30 -2.84328075058e-27 4.66862770799e-24 -5.26319859687e-21 4.14751160583e-18 -2.27388596399e-15 8.39664360193e-13 -1.90661994135e-10 1.86869203315e-08 2.09432234761e-06 -0.000824894231279 0.0904982303243 -3.9835935156 8
6 1.86017506883e-38 -1.74463704669e-34 7.2883766999e-31 -1.7817834007e-27 2.80985602621e-24 -2.95644701394e-21 2.04743170828e-18 -8.43581556977e-16 1.05906096275e-13 9.08796813439e-11 -6.02363043085e-08 1.75859406404e-05 -0.00282141082813 0.244358478516 -9.8503145453 12
7 -3.93741907996e-39 1.35366576662e-35 6.28676194253e-32 -5.20174854547e-28 1.58029767007e-24 -2.80389712789e-21 3.25458482269e-18 -2.57899399435e-15 1.41369252125e-12 -5.33663753435e-10 1.3624646162e-07 -2.28045724863e-05 0.00238644479969 -0.145021266863 4.49959868975 -50
8 -5.54128601577e-38 5.52271613782e-34 -2.48630643753e-30 6.68590174687e-27 -1.19656444491e-23 1.50304881337e-20 -1.36167498858e-17 8.99935353902e-15 -4.33730851761e-12 1.50709241925e-09 -3.68637936703e-07 6.09851689855e-05 -0.00641109156157 0.390310335544 -11.8739398525 88
9 -7.41027651398e-38 7.45171408272e-34 -3.38930709325e-30 9.22020823582e-27 -1.67138848861e-23 2.12877049833e-20 -1.95684586249e-17 1.31258842481e-14 -6.41821565331e-12 2.26030937858e-09 -5.59505145082e-07 9.35402369096e-05 -0.00993920816803 0.613497264616 -18.6728668925 67
10 -6.99893532182e-38 6.83600448764e-34 -3.00619665387e-30 7.86891013726e-27 -1.36582783889e-23 1.65788221075e-20 -1.44640853469e-17 9.1793248377e-15 -4.23953991729e-12 1.41047708104e-09 -3.30566550244e-07 5.25658500644e-05 -0.00535526161773 0.320609596579 -9.78742097783 111
11 -5.62116582116e-40 -4.02495585028e-36 5.94185946161e-32 -2.61143713561e-28 6.22076147096e-25 -9.28123010799e-22 9.15957843997e-19 -6.06500121455e-16 2.64737444278e-13 -7.1400653114e-11 9.64764211717e-09 1.15637201685e-07 -0.000226143297783 0.0287751097073 -1.37014724461 -39
12 -2.17177105042e-38 2.01554461554e-34 -8.38445050236e-31 2.06502454019e-27 -3.3509151033e-24 3.77275860772e-21 -3.02350738541e-18 1.74119906827e-15 -7.18267077988e-13 2.08698912598e-10 -4.11760645936e-08 5.13956610103e-06 -0.000360767417441 0.0145502477053 -0.414099750773 -136
