1 3.83061936649e-11 -1.36910354907e-08 1.49668060098e-06 -3.24564743539e-05 -0.00287943955428 0.144744150704 0.159621340338
2 2.77934990404e-13 -4.77941601147e-08 1.80101001088e-05 -0.00242245897916 0.131442187386 -1.92931651089 -31.901665671
3 1.55550678739e-09 -8.02609253149e-07 0.000157920353899 -0.0148662202994 0.666599266191 -10.9209095128 -34.4195295903
4 -3.26689642836e-10 9.52450387549e-08 -7.339713565e-06 -9.78396593805e-05 0.0269909545358 -0.926274584108 7.83068268968
5 -5.31582685563e-10 1.29164761607e-07 1.60760386317e-06 -0.00280602613623 0.265758147416 -8.18936886784 32.4395460683
6 -3.53554581783e-10 4.02577145566e-08 1.83045885959e-05 -0.00441427643178 0.345701406251 -9.02092457867 -20.450350939
7 -3.49381820078e-10 3.69598922635e-08 1.47780519235e-05 -0.00291197834093 0.182317124782 -4.88235449017 54.7152991664
8 2.65443113024e-09 -1.32390071023e-06 0.000258005508452 -0.0247429339875 1.19379198522 -25.9283337677 169.693018966
9 2.34573585454e-09 -9.83089512849e-07 0.00015940104127 -0.0125639280585 0.459705445462 -4.10730510982 -101.705855239
10 6.48143247354e-10 -4.29890498471e-07 9.86321017093e-05 -0.01013277829 0.489549573242 -11.0548706639 90.2572973644
11 2.21970966128e-09 -1.13044745913e-06 0.00022539147974 -0.0222218770208 1.11558270368 -25.7532631906 170.01992748
12 -3.99546452639e-11 1.36110179325e-07 -4.24642175788e-05 0.00486016903093 -0.269116199038 9.46058892493 -216.201432004
