specialmove
motor 0.88 -53.32 -133.01 -1.46 -53.91 -128.61 7.03 -49.51 -145.02 -4.98 -55.08 -137.40
motor 0.88 -53.32 -133.01 -1.46 -53.91 -128.61 7.03 -49.51 -145.02 -4.69 -55.08 -137.40
motor 0.88 -53.32 -132.71 -1.76 -53.32 -128.61 7.32 -48.63 -144.14 -5.57 -55.08 -137.11
motor 1.46 -53.03 -132.42 -1.76 -52.44 -128.61 8.50 -47.17 -134.47 -5.86 -54.20 -137.11
motor 1.46 -52.44 -132.42 -1.76 -52.15 -128.61 8.50 -45.70 -116.02 -5.57 -53.91 -137.11
motor 2.05 -52.15 -132.42 -1.76 -52.44 -128.61 8.50 -46.00 -116.02 -5.86 -54.20 -136.82
motor 2.05 -51.86 -132.42 -2.05 -52.44 -128.61 8.50 -46.29 -116.31 -5.57 -53.91 -137.11
motor 1.46 -51.56 -132.13 -1.46 -50.10 -111.33 8.50 -46.88 -116.31 -5.86 -53.91 -137.11
motor 0.59 -50.98 -131.84 -2.05 -45.12 -96.97 7.03 -48.34 -116.31 -5.86 -54.20 -137.11
motor 0.29 -38.96 -113.09 -1.76 -45.70 -96.97 7.32 -54.20 -116.02 -5.86 -53.91 -137.11
motor 0.29 -37.79 -110.16 -1.76 -46.00 -96.97 7.32 -55.08 -116.31 -5.86 -54.20 -137.11
motor 0.29 -36.62 -99.61 -2.34 -46.00 -96.39 7.32 -55.08 -116.31 -5.86 -54.20 -136.82
motor 1.46 -36.62 -100.20 -2.34 -44.53 -96.97 7.62 -53.61 -116.31 -5.86 -54.20 -136.82
motor 2.05 -36.91 -100.20 -2.05 -45.12 -96.97 7.62 -53.91 -116.31 -5.57 -53.91 -136.82
motor 2.34 -36.91 -100.49 -2.34 -45.12 -96.97 7.32 -53.91 -116.31 -5.27 -54.20 -134.77
motor 1.17 -36.91 -100.20 -2.05 -44.82 -96.97 7.32 -53.91 -116.31 -4.69 -53.61 -117.19
motor 1.46 -36.91 -100.49 -2.34 -44.82 -96.97 7.32 -54.20 -116.31 -4.39 -53.03 -113.09
motor 2.93 -44.53 -100.20 -1.17 -50.39 -96.39 7.03 -49.51 -89.36 -5.86 -43.36 -85.55
motor 2.93 -43.36 -100.49 -1.46 -50.68 -96.09 7.03 -48.63 -80.27 -4.69 -43.65 -84.96
motor 2.64 -43.36 -100.20 -1.46 -50.39 -96.09 7.03 -48.05 -77.93 -2.64 -43.95 -84.67
motor 2.34 -43.36 -100.20 -1.76 -50.10 -96.39 7.03 -47.46 -75.59 -2.34 -44.53 -83.50
motor 2.34 -43.36 -100.49 -1.76 -49.80 -96.39 7.03 -46.00 -73.83 -1.76 -43.95 -79.98
motor 2.34 -43.36 -100.49 -1.76 -48.93 -96.97 6.74 -45.41 -72.07 -1.17 -43.07 -75.88
motor 3.22 -44.82 -98.73 -2.05 -49.80 -96.39 7.32 -43.65 -68.55 -3.52 -42.19 -68.26
motor 2.64 -44.82 -84.96 -1.76 -48.93 -86.13 7.32 -43.65 -68.55 -2.93 -42.19 -68.26
motor 2.34 -44.24 -83.50 -1.46 -48.63 -83.50 7.32 -43.65 -68.55 -2.93 -42.19 -68.55
motor 1.46 -43.36 -80.86 -0.88 -48.34 -82.03 7.32 -43.65 -68.55 -3.52 -42.19 -68.26
motor 1.46 -40.72 -68.26 -2.34 -48.05 -82.62 7.62 -39.26 -68.55 -2.64 -42.19 -68.26
motor 2.05 -34.28 -61.82 -2.34 -48.34 -82.62 7.32 -33.69 -62.11 -2.64 -42.19 -68.26
motor 2.34 -27.54 -53.91 -2.34 -48.34 -82.62 7.32 -26.07 -50.39 -2.64 -42.19 -68.26
motor 2.34 -20.80 -43.36 -2.34 -48.34 -82.62 7.32 -17.58 -36.33 -2.93 -42.19 -68.26
motor 2.64 -19.92 -41.31 -2.34 -48.34 -82.62 7.32 -15.82 -33.11 -2.64 -42.19 -68.26
motor 2.93 -14.65 -30.47 -2.34 -48.34 -82.62 7.32 -7.03 -19.34 -2.64 -42.19 -68.26
motor 2.93 -11.72 -23.44 -2.34 -48.34 -82.62 7.03 0.59 -8.79 -2.64 -42.19 -68.26
motor 2.34 -8.50 -16.11 -2.34 -48.34 -82.62 7.32 3.52 -2.93 -2.93 -42.19 -68.55
motor 2.34 -7.62 -13.77 -2.34 -48.05 -82.62 7.03 4.69 -1.76 -2.64 -42.19 -68.26
motor 2.05 -6.45 -11.72 -2.34 -48.05 -82.91 7.32 5.27 -0.29 -2.64 -42.19 -68.26
motor 2.05 -5.27 -9.38 -2.34 -48.34 -82.62 7.03 5.57 1.17 -2.93 -42.19 -68.26
motor 1.46 -2.34 -5.86 -2.34 -48.05 -82.62 7.32 7.91 4.10 -2.64 -42.19 -68.26
motor 1.46 -1.76 -6.74 -2.34 -48.34 -82.62 7.91 7.62 3.81 -2.64 -42.19 -68.26
motor 1.46 -1.76 -6.74 -3.22 -46.58 -82.03 7.91 7.32 3.52 -2.34 -38.09 -67.38
motor 1.46 -1.76 -6.74 -2.93 -45.70 -80.57 7.91 7.32 3.81 -2.05 -34.86 -65.92
motor 1.46 -1.46 -6.74 -2.05 -44.24 -78.52 7.91 7.32 3.81 -2.05 -32.81 -62.99
motor 1.46 -1.76 -6.74 -1.76 -42.77 -75.29 7.62 7.03 3.52 -1.76 -31.05 -59.77
motor 1.46 -1.76 -6.74 -1.46 -40.72 -70.90 7.62 7.03 3.52 -1.46 -28.42 -55.08
motor 1.46 -1.76 -6.74 -0.88 -35.16 -62.40 7.62 7.03 3.52 -0.88 -23.44 -46.88
motor 1.46 -1.46 -6.74 -0.88 -29.59 -52.44 7.62 6.74 3.52 -0.88 -18.75 -40.14
motor 1.46 -1.76 -6.74 -0.88 -27.54 -48.05 7.62 7.03 3.52 -0.59 -17.87 -37.21
motor 1.46 -1.76 -6.74 -0.88 -22.27 -39.26 7.32 7.03 3.52 -0.59 -15.23 -31.93
motor 1.46 -1.76 -6.74 -0.59 -18.46 -33.69 7.32 7.03 3.52 -0.88 -12.89 -27.83
motor 1.46 -1.46 -6.74 -0.88 -15.82 -28.42 7.32 7.32 3.52 -0.59 -10.84 -24.61
motor 1.46 -1.76 -6.74 -0.88 -14.36 -26.66 7.32 7.03 3.52 -0.88 -9.96 -22.85
motor 1.46 -1.76 -6.74 -0.88 -11.13 -20.21 7.62 7.03 3.52 -0.88 -8.20 -19.92
motor 1.46 -1.76 -6.74 -0.59 -10.25 -19.04 7.32 7.32 3.52 -0.59 -8.20 -19.63
motor 1.46 -1.76 -6.74 -0.29 -7.32 -10.84 7.32 7.62 3.52 -0.88 -2.34 -10.84
motor 1.46 -1.76 -6.74 -0.59 0.00 -0.29 7.62 7.32 3.52 -0.88 2.05 -0.88
motor 1.46 -1.46 -6.74 -1.76 -0.59 -1.17 7.62 7.32 3.52 -1.17 1.46 -1.17
motor 1.46 -1.76 -6.74 -1.46 -0.59 -1.17 7.32 7.32 3.81 -9.96 1.46 -1.17
motor 1.46 -1.46 -6.74 -1.46 -0.59 -1.17 7.62 7.03 3.52 -66.80 1.46 -1.17
motor 1.46 -1.46 -6.74 -1.76 -0.59 -1.17 -7.03 7.03 2.34 -83.50 1.17 -1.17
motor 1.46 -1.76 -6.74 -1.46 -0.59 -1.17 -40.14 7.03 2.34 -83.20 1.17 -1.17
motor 1.46 -1.76 -6.15 -1.76 -0.59 -1.17 -54.20 7.32 2.34 -83.20 1.46 -1.46
motor 1.46 -1.76 -6.74 -7.03 -0.59 -1.17 -87.89 7.32 2.05 -83.20 1.17 -1.17
motor 0.88 -1.76 -6.74 -88.18 -0.29 -1.17 -87.60 7.03 2.34 -83.50 1.46 -1.17
motor 2.05 -1.17 -5.86 -87.01 -0.59 -1.17 -87.60 7.62 2.34 -83.20 1.46 -1.17
motor 2.93 -1.17 -6.74 -4.39 -1.76 -1.17 5.86 6.74 2.34 -59.47 1.46 -1.17
motor 2.93 -1.46 -6.74 -4.39 -1.46 -0.88 5.57 6.74 2.34 -14.94 1.46 -1.76
motor 2.93 -1.46 -6.74 -4.69 -1.46 -1.17 5.86 6.74 2.34 -0.88 1.76 -1.76
motor 2.93 -1.46 -6.74 -4.69 -1.17 -1.17 5.86 7.03 2.34 5.27 1.46 -1.76
motor 2.93 -1.17 -6.15 -4.69 -1.46 -1.17 5.57 7.32 2.34 3.52 1.17 -1.76
motor 2.93 -1.46 -6.74 -4.39 -1.46 -1.17 5.57 7.32 2.34 4.39 -0.29 -1.17
motor 2.93 -1.46 -6.74 -4.39 -1.46 -1.17 5.86 7.03 2.05 5.27 -7.32 -0.29
motor 2.93 -1.46 -6.15 -4.69 -1.46 -1.17 5.57 7.32 2.05 5.27 -9.67 -0.59
motor 2.93 -1.46 -6.15 -4.39 -1.46 -0.88 5.86 7.32 2.34 4.98 -16.41 -0.59
motor 2.93 -1.46 -6.74 -4.39 -1.76 -1.17 5.86 7.32 2.34 4.98 -26.66 -0.59
motor 2.93 -1.17 -6.74 -4.39 -1.76 -0.88 5.57 7.03 2.34 4.98 -29.00 -0.29
motor 2.93 -1.46 -6.15 -4.69 -2.05 -0.88 5.86 7.32 2.34 5.27 -31.64 2.64
motor 2.93 -1.46 -6.74 -4.39 -1.76 -0.88 5.57 7.32 2.34 4.98 -33.69 5.86
motor 2.93 -1.46 -6.15 -4.98 -1.17 -1.17 5.57 7.62 2.34 3.52 -31.64 4.98
motor 2.93 -1.46 -6.15 -4.98 -1.17 -1.17 5.57 7.03 2.34 -85.25 -31.64 5.27
motor 2.93 -2.34 -6.15 -4.69 -1.17 -1.17 4.69 4.39 2.05 -85.25 -31.64 4.98
motor 2.93 -2.34 -6.15 -4.98 -1.17 -0.88 4.10 2.64 2.34 -85.25 -31.93 5.27
motor 2.93 -1.46 -6.74 -4.69 -1.17 -0.88 0.59 -12.60 2.34 -85.25 -31.64 5.27
motor 2.93 -1.46 -6.15 -4.98 -1.17 -1.17 -0.88 -18.46 2.34 -85.25 -31.93 4.98
motor 2.93 -1.46 -6.74 -4.69 -1.17 -1.17 -3.52 -32.23 2.34 -85.25 -31.93 5.27
motor 2.93 -1.46 -6.74 -4.98 -1.17 -1.17 -2.64 -37.21 2.34 -85.25 -31.64 4.98
motor 2.93 -1.46 -6.15 -8.20 -8.79 -1.17 -89.94 -36.91 2.34 -85.25 -31.93 5.27
motor 2.93 -1.46 -6.15 -7.62 -56.84 -2.64 -89.65 -37.21 2.34 -85.25 -31.93 5.27
motor 2.93 -1.46 -6.74 -7.91 -56.84 -2.93 -89.94 -36.91 2.34 -85.25 -31.64 5.27
motor 2.93 -1.46 -6.15 -38.67 -51.27 -2.64 -88.18 -36.91 2.34 -85.25 -31.93 5.27
motor 3.81 -13.18 -6.15 -87.01 -51.86 -2.64 -88.18 -37.21 2.34 -85.25 -31.93 5.27
motor 3.52 -16.99 -6.74 -87.01 -51.27 -2.34 -88.18 -36.91 2.34 -85.25 -31.64 4.98
motor 3.52 -62.11 -6.74 -87.01 -52.15 -2.64 -88.18 -37.21 2.34 -85.25 -31.93 4.98
motor 5.57 -6.45 -6.74 -81.45 -35.16 -0.88 -88.18 -36.91 2.34 -85.25 -31.93 4.98
motor 6.15 -6.45 -6.74 -65.04 -4.69 -1.17 -88.18 -37.21 2.34 -85.25 -31.93 5.27
motor 6.15 -6.45 -6.15 -46.88 -1.17 -0.88 -87.89 -37.21 2.34 -85.25 -31.93 5.27
motor 5.57 -6.45 -6.74 -42.19 -1.17 -0.88 -88.18 -36.91 2.34 -85.25 -31.64 5.27
motor 5.57 -6.45 -6.74 -9.38 -1.46 -0.88 -57.71 -7.32 2.93 -84.96 -31.93 5.27
motor 6.15 -6.45 -6.74 -9.38 -1.46 -1.17 -53.32 -5.86 2.93 -85.25 -31.64 5.27
motor 6.15 -6.45 -6.15 -9.38 -1.76 -1.17 -0.29 3.52 2.93 -77.05 -14.06 5.27
motor 6.15 -6.45 -6.74 -9.38 -1.76 -1.17 -0.29 4.10 2.93 -18.46 2.64 5.27
motor 6.15 -6.45 -6.74 -9.38 -1.76 -1.17 -0.59 4.69 0.59 1.46 2.93 2.64
motor 5.57 -6.74 -6.74 -9.67 -3.52 -1.17 -0.29 4.39 -13.48 1.76 2.34 -9.96
motor 5.27 -7.62 -6.15 -9.38 -3.81 -1.17 0.00 4.39 -19.04 1.46 1.76 -14.94
motor 4.10 -8.50 -5.86 -9.96 -4.69 -1.17 0.59 4.10 -24.90 1.17 1.76 -20.80
motor 3.81 -8.79 -5.86 -9.96 -5.57 -0.88 1.17 4.10 -30.47 -0.29 1.76 -27.83
motor 3.81 -10.25 -5.86 -9.96 -7.32 -0.59 2.34 4.39 -38.09 -0.59 1.76 -34.57
motor 3.81 -11.43 -5.86 -9.96 -8.20 -0.59 3.52 4.10 -45.70 -0.59 1.76 -41.60
motor 3.81 -12.01 -5.86 -9.96 -8.50 -0.59 4.10 4.39 -53.03 -0.29 1.76 -49.22
motor 4.10 -11.72 -5.86 -10.55 -8.79 -0.59 4.39 4.10 -62.99 -0.88 1.76 -65.62
motor 4.10 -11.72 -5.86 -10.55 -10.84 -0.29 6.74 3.52 -64.16 -2.05 1.46 -73.54
motor 3.81 -11.72 -5.86 -10.55 -13.77 -0.59 8.50 2.93 -64.45 -4.10 -0.29 -79.98
motor 3.81 -12.01 -5.86 -10.55 -14.36 -0.59 8.79 2.93 -65.92 -4.10 0.00 -85.84
motor 4.10 -12.01 -5.86 -10.55 -14.65 -0.59 9.08 2.93 -69.43 -5.57 -0.29 -90.23
motor 3.81 -12.30 -5.57 -10.55 -14.65 -0.29 10.55 2.64 -73.83 -5.86 -0.88 -93.46
motor 3.52 -12.60 -5.57 -10.55 -14.65 -0.29 12.30 2.34 -77.34 -5.86 -2.05 -95.80
motor 3.81 -13.77 -5.57 -10.55 -14.65 -0.59 12.89 1.17 -79.69 -5.86 -3.81 -97.27
motor 4.10 -13.77 -5.57 -10.25 -14.65 -0.59 12.89 -0.88 -82.32 -5.86 -5.27 -99.32
motor 4.10 -13.77 -5.57 -10.55 -14.65 -0.88 11.72 -5.57 -85.84 -4.98 -7.62 -103.71
motor 3.81 -13.77 -5.86 -10.55 -14.65 -0.88 10.84 -10.25 -89.36 -4.69 -11.43 -108.11
motor 4.10 -13.77 -5.86 -9.96 -14.65 -0.88 10.25 -15.53 -92.29 -4.39 -15.23 -112.79
motor 4.39 -12.60 -6.15 -9.67 -14.36 -0.88 9.38 -20.51 -95.80 -4.10 -18.16 -116.31
motor 4.98 -11.43 -6.74 -9.38 -13.77 -0.88 7.62 -26.66 -99.90 -4.10 -21.09 -118.36
motor 5.57 -11.43 -6.74 -9.08 -12.89 -0.88 6.74 -33.11 -103.12 -3.81 -24.02 -120.12
motor 5.57 -11.43 -6.74 -9.08 -12.89 -0.88 6.15 -40.72 -107.23 -2.34 -26.95 -123.05
motor 5.57 -11.43 -6.74 -9.38 -12.89 -0.88 6.15 -46.00 -113.67 -0.59 -31.35 -126.56
motor 5.57 -11.43 -6.74 -9.38 -12.89 -0.88 5.57 -50.39 -122.17 1.46 -35.45 -130.96
motor 5.57 -11.43 -6.74 -9.38 -12.60 -0.59 5.57 -54.49 -130.66 2.34 -38.38 -133.30
motor 5.57 -11.43 -6.74 -9.08 -12.30 -0.88 5.57 -58.30 -135.94 2.34 -40.72 -135.06
motor 5.57 -11.43 -6.74 -8.79 -12.01 -0.88 7.32 -59.47 -142.09 -0.29 -41.60 -137.99
motor 5.27 -10.25 -8.20 -8.50 -12.89 -5.57 6.15 -54.49 -144.43 -0.29 -43.07 -137.70
motor 4.10 -8.79 -10.84 -8.79 -13.48 -10.55 6.15 -55.08 -144.43 -0.29 -43.07 -137.70
motor 3.81 -8.50 -19.92 -8.79 -13.77 -23.44 6.15 -55.08 -144.43 0.00 -43.95 -137.70
motor 3.22 -7.62 -25.78 -8.79 -13.77 -30.47 6.15 -55.08 -144.43 1.17 -45.12 -137.70
motor 2.64 -6.74 -31.93 -8.79 -13.77 -38.67 6.15 -54.49 -144.43 0.88 -45.41 -137.70
motor 2.05 -6.74 -37.79 -8.50 -13.77 -46.00 6.15 -54.49 -144.43 1.17 -46.29 -137.40
motor 0.88 -6.74 -43.65 -8.79 -13.77 -53.91 6.15 -54.20 -144.43 1.17 -47.17 -137.40
motor 0.00 -6.74 -50.68 -8.79 -13.77 -61.82 6.45 -54.49 -144.43 1.46 -47.17 -137.40
motor -0.29 -6.74 -62.70 -9.08 -13.77 -74.71 6.74 -56.54 -144.43 1.46 -47.17 -137.40
motor -0.29 -6.74 -72.07 -9.38 -15.23 -75.88 6.15 -58.59 -144.43 0.29 -47.17 -137.40
motor 0.29 -7.62 -93.46 -9.67 -15.23 -76.46 6.15 -64.45 -144.73 -0.29 -47.17 -137.40
motor 0.88 -8.50 -98.73 -9.38 -16.70 -78.52 5.57 -64.45 -144.73 -0.29 -46.88 -137.40
motor 0.88 -9.96 -102.25 -8.79 -19.63 -82.32 5.57 -64.75 -144.73 0.29 -47.17 -137.40
motor 0.88 -11.43 -104.30 -9.08 -23.14 -86.43 5.57 -65.62 -144.73 1.46 -46.88 -137.40
motor 0.88 -15.23 -106.05 -9.96 -27.54 -91.41 5.86 -67.38 -144.73 1.46 -47.17 -137.40
motor 0.88 -19.63 -108.40 -10.55 -33.69 -96.39 5.57 -68.85 -144.73 1.76 -47.17 -137.40
motor 0.88 -25.49 -111.62 -10.55 -40.14 -101.95 5.86 -70.61 -144.73 1.76 -47.17 -137.40
motor 0.59 -30.18 -115.43 -10.55 -46.00 -107.52 5.86 -71.48 -144.73 2.34 -47.17 -137.40
motor 0.59 -32.52 -120.12 -10.55 -49.22 -112.79 5.86 -72.07 -144.73 2.64 -47.17 -137.40
motor 0.29 -33.40 -125.68 -10.55 -52.15 -118.07 5.86 -72.36 -144.73 2.93 -47.17 -137.40
motor 0.00 -35.45 -128.91 -10.55 -56.84 -128.61 5.86 -72.36 -144.43 3.22 -47.17 -137.70
motor 0.29 -37.79 -130.66 -9.38 -60.35 -137.11 5.57 -66.21 -144.73 2.93 -47.17 -137.40
motor 0.29 -39.84 -132.13 -9.38 -59.77 -137.11 5.57 -61.52 -144.73 2.34 -47.17 -136.82
motor 0.29 -45.12 -137.40 -9.38 -59.47 -137.11 7.03 -54.20 -144.73 2.64 -47.17 -136.52
motor 0.59 -47.75 -139.45 -9.38 -59.47 -137.11 7.32 -51.86 -144.73 2.34 -47.17 -136.52
motor 0.88 -52.15 -140.62 -9.08 -60.35 -137.11 6.74 -50.68 -144.73 2.34 -47.17 -136.52
motor 2.34 -53.32 -140.62 -9.08 -60.64 -136.82 6.74 -51.27 -144.73 2.34 -47.17 -136.82
motor 2.64 -53.03 -140.33 -9.38 -60.94 -136.23 6.74 -52.44 -144.73 2.64 -47.17 -137.40
