learning
The learning mode will be enabled, you'll need to reboot the board to return to normal operation
0 -5.57
1 -53.32
2 -140.92
3 -6.15
4 -56.84
5 -141.21
6 -13.77
7 -53.61
8 -143.55
9 -6.45
10 -55.96
11 -140.04
0 -5.57
1 -53.32
2 -140.92
3 -6.15
4 -56.84
5 -141.21
6 -13.77
7 -53.61
8 -143.55
9 -6.45
10 -55.96
11 -139.75
0 -5.57
1 -53.32
2 -140.92
3 -6.15
4 -56.84
5 -141.21
6 -13.77
7 -53.61
8 -143.55
9 -6.45
10 -55.96
11 -140.04
0 -5.86
1 -53.32
2 -140.92
3 -6.15
4 -56.84
5 -141.21
6 -14.06
7 -53.61
8 -143.55
9 -6.45
10 -55.96
11 -140.04
0 -5.57
1 -53.32
2 -140.92
3 -6.15
4 -56.54
5 -141.21
6 -13.77
7 -53.61
8 -143.55
9 -6.45
10 -55.96
11 -139.75
0 -5.57
1 -53.32
2 -140.92
3 -6.15
4 -56.84
5 -141.21
6 -13.77
7 -53.61
8 -143.55
9 -6.45
10 -55.96
11 -140.04
0 -5.57
1 -53.32
2 -140.92
3 -6.15
4 -56.84
5 -141.21
6 -13.77
7 -53.61
8 -143.55
9 -6.45
10 -55.96
11 -140.04
0 -5.57
1 -53.32
2 -140.92
3 -6.15
4 -56.84
5 -141.21
6 -13.77
7 -53.61
8 -143.55
9 -6.45
10 -55.96
11 -140.04
0 -5.57
1 -53.32
2 -140.92
3 -6.15
4 -56.84
5 -141.21
6 -13.77
7 -53.61
8 -143.55
9 -6.45
10 -55.96
11 -139.75
0 -5.86
1 -53.32
2 -140.92
3 -6.15
4 -56.84
5 -141.21
6 -13.77
7 -53.61
8 -143.55
9 -6.45
10 -55.96
11 -136.82
0 -6.45
1 -53.32
2 -140.92
3 -5.57
4 -56.25
5 -135.35
6 -13.77
7 -53.61
8 -143.26
9 -6.15
10 -55.66
11 -130.66
0 -6.45
1 -53.32
2 -140.92
3 -4.10
4 -54.79
5 -129.49
6 -14.06
7 -53.61
8 -143.55
9 -6.15
10 -54.20
11 -122.17
0 -6.45
1 -53.32
2 -140.92
3 -3.81
4 -53.32
5 -123.34
6 -14.36
7 -53.61
8 -143.26
9 -6.15
10 -53.03
11 -113.67
0 -6.15
1 -53.32
2 -140.92
3 -3.81
4 -50.10
5 -115.14
6 -14.06
7 -53.61
8 -142.97
9 -5.86
10 -49.80
11 -106.05
0 -6.15
1 -53.32
2 -140.92
3 -4.10
4 -46.29
5 -105.18
6 -13.77
7 -53.91
8 -142.97
9 -5.86
10 -45.12
11 -96.68
0 -5.86
1 -53.32
2 -141.21
3 -4.69
4 -42.77
5 -96.09
6 -13.77
7 -53.91
8 -142.97
9 -5.86
10 -41.60
11 -89.94
0 -5.86
1 -54.20
2 -141.21
3 -4.69
4 -41.60
5 -90.53
6 -14.06
7 -54.20
8 -144.43
9 -6.15
10 -41.60
11 -88.77
0 -6.45
1 -55.66
2 -141.21
3 -4.69
4 -42.19
5 -91.11
6 -14.06
7 -54.20
8 -144.43
9 -6.15
10 -42.19
11 -88.77
0 -6.74
1 -57.13
2 -141.21
3 -4.69
4 -42.19
5 -91.11
6 -14.06
7 -54.20
8 -144.43
9 -5.86
10 -42.19
11 -88.77
0 -6.45
1 -58.30
2 -141.50
3 -4.69
4 -42.19
5 -91.11
6 -14.06
7 -54.20
8 -144.73
9 -6.15
10 -42.19
11 -88.77
0 -6.45
1 -58.59
2 -142.09
3 -4.69
4 -42.19
5 -91.11
6 -14.06
7 -54.20
8 -144.73
9 -6.15
10 -42.19
11 -88.77
0 -6.74
1 -60.35
2 -142.38
3 -4.69
4 -42.19
5 -91.11
6 -14.06
7 -54.20
8 -144.73
9 -6.15
10 -42.19
11 -88.77
0 -6.74
1 -61.23
2 -142.97
3 -4.69
4 -42.19
5 -91.11
6 -14.65
7 -54.20
8 -144.73
9 -6.15
10 -42.19
11 -88.77
0 -6.45
1 -61.52
2 -142.97
3 -4.69
4 -42.19
5 -91.11
6 -14.94
7 -54.20
8 -144.73
9 -6.15
10 -42.19
11 -88.77
0 -6.45
1 -62.40
2 -142.97
3 -4.69
4 -42.48
5 -91.11
6 -14.94
7 -55.96
8 -144.14
9 -6.15
10 -43.07
11 -88.77
0 -6.45
1 -65.33
2 -140.04
3 -4.39
4 -43.65
5 -91.11
6 -14.94
7 -62.99
8 -134.77
9 -6.15
10 -44.53
11 -88.18
0 -6.15
1 -66.21
2 -136.82
3 -4.39
4 -45.12
5 -90.23
6 -14.94
7 -67.97
8 -120.41
9 -6.15
10 -45.41
11 -88.18
0 -5.57
1 -62.40
2 -131.84
3 -4.69
4 -45.70
5 -90.23
6 -14.36
7 -65.04
8 -108.40
9 -6.15
10 -45.41
11 -88.18
0 -5.57
1 -59.47
2 -125.10
3 -4.98
4 -46.00
5 -90.23
6 -14.06
7 -60.94
8 -98.73
9 -6.15
10 -45.41
11 -88.18
0 -5.57
1 -56.54
2 -116.89
3 -5.27
4 -46.00
5 -90.23
6 -13.77
7 -55.66
8 -90.23
9 -6.15
10 -45.41
11 -88.18
0 -5.57
1 -54.20
2 -110.16
3 -5.27
4 -46.00
5 -90.23
6 -13.18
7 -50.98
8 -82.03
9 -6.15
10 -45.41
11 -88.18
0 -5.86
1 -51.86
2 -104.59
3 -5.27
4 -46.29
5 -90.23
6 -12.60
7 -46.29
8 -74.41
9 -6.15
10 -45.41
11 -88.18
0 -5.86
1 -50.39
2 -98.73
3 -5.27
4 -46.88
5 -90.23
6 -11.72
7 -40.72
8 -65.92
9 -6.15
10 -45.41
11 -88.18
0 -5.86
1 -47.46
2 -91.41
3 -5.27
4 -46.88
5 -90.23
6 -11.13
7 -33.98
8 -56.54
9 -6.15
10 -45.41
11 -88.77
0 -5.86
1 -41.31
2 -81.15
3 -5.27
4 -46.88
5 -90.23
6 -11.13
7 -26.37
8 -47.17
9 -6.15
10 -45.41
11 -88.77
0 -5.57
1 -35.45
2 -69.14
3 -5.57
4 -47.17
5 -90.23
6 -10.84
7 -20.80
8 -37.21
9 -6.15
10 -45.41
11 -88.77
0 -5.86
1 -29.88
2 -56.84
3 -5.57
4 -47.17
5 -90.23
6 -10.25
7 -15.82
8 -29.00
9 -6.15
10 -45.41
11 -88.77
0 -5.86
1 -24.90
2 -45.70
3 -5.57
4 -47.17
5 -90.23
6 -9.38
7 -11.13
8 -21.68
9 -6.15
10 -45.41
11 -88.18
0 -5.57
1 -19.34
2 -34.57
3 -5.57
4 -47.17
5 -90.23
6 -8.79
7 -6.45
8 -13.48
9 -6.15
10 -45.41
11 -88.18
0 -5.57
1 -14.65
2 -25.49
3 -5.57
4 -48.05
5 -90.23
6 -8.50
7 -2.93
8 -7.91
9 -6.15
10 -45.12
11 -88.77
0 -5.86
1 -10.55
2 -16.99
3 -5.57
4 -48.05
5 -90.23
6 -7.32
7 0.00
8 -3.22
9 -6.15
10 -45.41
11 -88.18
0 -5.86
1 -7.62
2 -11.43
3 -5.57
4 -48.05
5 -90.23
6 -6.74
7 2.64
8 -1.17
9 -6.15
10 -45.41
11 -88.77
0 -6.15
1 -6.45
2 -10.25
3 -5.57
4 -48.05
5 -90.23
6 -6.74
7 2.05
8 -1.76
9 -6.15
10 -45.41
11 -88.18
0 -6.15
1 -6.74
2 -10.25
3 -4.98
4 -48.05
5 -90.23
6 -7.32
7 2.64
8 -1.76
9 -6.15
10 -45.12
11 -88.77
0 -6.15
1 -6.45
2 -10.25
3 -4.98
4 -48.05
5 -90.23
6 -7.91
7 2.64
8 -1.76
9 -6.15
10 -45.12
11 -88.18
0 -6.15
1 -6.74
2 -10.25
3 -5.27
4 -48.05
5 -90.23
6 -7.91
7 2.64
8 -1.76
9 -6.15
10 -45.12
11 -88.77
0 -6.15
1 -6.74
2 -10.84
3 -4.98
4 -48.05
5 -90.23
6 -7.91
7 2.64
8 -1.76
9 -6.15
10 -45.12
11 -88.77
0 -6.15
1 -6.74
2 -10.84
3 -4.98
4 -47.75
5 -90.23
6 -7.91
7 2.64
8 -1.76
9 -6.15
10 -45.12
11 -88.77
0 -6.15
1 -6.74
2 -10.84
3 -5.86
4 -48.93
5 -88.18
6 -7.32
7 2.64
8 -2.34
9 -6.15
10 -43.36
11 -87.60
0 -6.45
1 -6.45
2 -10.84
3 -5.86
4 -48.05
5 -78.81
6 -7.32
7 2.64
8 -1.76
9 -4.39
10 -43.07
11 -81.45
0 -6.74
1 -6.74
2 -10.84
3 -6.15
4 -46.00
5 -68.55
6 -7.91
7 2.64
8 -1.76
9 -4.39
10 -39.55
11 -70.90
0 -6.74
1 -6.74
2 -10.84
3 -6.15
4 -42.48
5 -58.01
6 -7.91
7 2.64
8 -1.76
9 -4.39
10 -33.69
11 -58.89
0 -6.74
1 -6.74
2 -10.84
3 -6.45
4 -36.04
5 -46.29
6 -7.32
7 2.64
8 -1.76
9 -4.39
10 -27.54
11 -45.41
0 -6.74
1 -6.74
2 -10.84
3 -6.15
4 -29.59
5 -34.28
6 -7.91
7 2.64
8 -1.76
9 -4.39
10 -22.27
11 -33.69
0 -6.74
1 -6.74
2 -10.25
3 -6.15
4 -24.32
5 -24.90
6 -7.91
7 2.64
8 -1.76
9 -4.39
10 -17.29
11 -22.56
0 -6.74
1 -6.74
2 -10.25
3 -6.15
4 -17.58
5 -16.70
6 -7.91
7 2.64
8 -1.76
9 -4.39
10 -11.13
11 -12.01
0 -6.74
1 -6.74
2 -10.25
3 -6.15
4 -11.72
5 -9.08
6 -7.91
7 2.64
8 -2.34
9 -4.10
10 -6.45
11 -4.39
0 -6.74
1 -6.45
2 -10.25
3 -6.45
4 -7.03
5 -2.64
6 -7.32
7 2.64
8 -1.76
9 -3.81
10 -3.81
11 1.17
0 -6.74
1 -6.74
2 -10.84
3 -6.45
4 -4.69
5 -0.59
6 -7.32
7 2.64
8 -1.76
9 -4.10
10 -3.81
11 1.46
0 -6.74
1 -6.74
2 -10.84
3 -5.86
4 -4.69
5 -0.88
6 -7.91
7 2.64
8 -1.76
9 -4.10
10 -3.81
11 1.17
0 -6.74
1 -6.74
2 -10.25
3 -4.69
4 -4.69
5 -0.88
6 -7.32
7 2.64
8 -1.76
9 -4.10
10 -4.10
11 1.17
0 -7.03
1 -6.45
2 -10.84
3 -5.27
4 -4.69
5 -0.88
6 -7.32
7 2.64
8 -2.34
9 -4.10
10 -3.81
11 1.17
0 -6.74
1 -6.74
2 -10.84
3 -5.57
4 -4.69
5 -0.88
6 -7.32
7 2.64
8 -1.76
9 -4.10
10 -4.69
11 1.46
0 -7.03
1 -6.74
2 -10.25
3 -5.57
4 -7.91
5 -0.59
6 -7.32
7 2.64
8 -1.76
9 -4.10
10 -8.50
11 3.52
0 -6.74
1 -6.74
2 -10.84
3 -5.57
4 -13.48
5 0.88
6 -7.32
7 2.64
8 -1.76
9 -4.10
10 -17.58
11 7.03
0 -6.74
1 -6.74
2 -10.84
3 -5.86
4 -24.32
5 5.86
6 -7.91
7 2.64
8 -1.76
9 -4.10
10 -29.00
11 11.13
0 -6.74
1 -6.74
2 -10.25
3 -6.15
4 -35.74
5 9.96
6 -7.32
7 2.64
8 -1.76
9 -4.10
10 -40.72
11 14.94
0 -6.74
1 -6.74
2 -10.84
3 -5.86
4 -44.82
5 13.48
6 -7.32
7 2.64
8 -1.76
9 -4.10
10 -48.34
11 16.70
0 -6.74
1 -6.45
2 -10.25
3 -5.86
4 -47.75
5 13.77
6 -7.32
7 2.64
8 -1.76
9 -4.10
10 -48.05
11 16.11
0 -6.74
1 -6.74
2 -10.25
3 -5.86
4 -46.29
5 13.48
6 -7.91
7 2.64
8 -1.76
9 -4.10
10 -47.46
11 15.23
0 -6.74
1 -6.74
2 -10.84
3 -4.98
4 -46.00
5 13.48
6 -7.32
7 2.64
8 -2.34
9 -4.10
10 -47.46
11 15.23
0 -6.74
1 -6.74
2 -10.25
3 -4.98
4 -46.29
5 13.48
6 -7.91
7 2.64
8 -1.76
9 -4.10
10 -47.46
11 15.23
0 -6.74
1 -6.74
2 -10.84
3 -4.98
4 -46.29
5 13.18
6 -7.91
7 2.64
8 -1.76
9 -4.10
10 -47.46
11 15.23
0 -6.74
1 -6.74
2 -10.84
3 -4.98
4 -46.29
5 13.48
6 -7.32
7 2.64
8 -1.76
9 -4.10
10 -47.46
11 15.23
0 -6.74
1 -6.74
2 -10.25
3 -4.98
4 -46.00
5 13.48
6 -7.32
7 2.64
8 -1.76
9 -4.10
10 -47.46
11 15.23
0 -7.32
1 -6.74
2 -10.25
3 -4.98
4 -46.29
5 13.48
6 -7.91
7 2.64
8 -1.76
9 -4.10
10 -47.46
11 15.23
0 -8.50
1 -6.74
2 -10.84
3 -4.98
4 -46.29
5 13.48
6 -8.50
7 2.64
8 -1.76
9 -4.10
10 -47.46
11 15.23
0 -8.20
1 -6.74
2 -10.25
3 -4.98
4 -46.29
5 13.48
6 -8.79
7 2.34
8 -1.76
9 -4.10
10 -47.46
11 15.23
0 -7.91
1 -8.79
2 -9.67
3 -4.98
4 -46.29
5 13.48
6 -8.79
7 0.00
8 -1.76
9 -4.10
10 -47.46
11 15.23
0 -7.62
1 -13.48
2 -8.79
3 -4.69
4 -46.29
5 13.48
6 -8.50
7 -6.45
8 -1.76
9 -4.10
10 -47.46
11 15.23
0 -7.32
1 -25.78
2 -4.98
3 -4.69
4 -46.00
5 13.48
6 -8.50
7 -17.58
8 -1.46
9 -4.10
10 -47.46
11 15.23
0 -6.45
1 -41.02
2 -0.59
3 -5.27
4 -46.29
5 13.48
6 -8.79
7 -29.00
8 -1.46
9 -4.10
10 -47.46
11 15.23
0 -6.45
1 -53.91
2 3.22
3 -5.27
4 -46.00
5 13.48
6 -8.79
7 -41.02
8 -1.46
9 -4.10
10 -47.46
11 15.23
0 -6.45
1 -64.16
2 5.27
3 -5.27
4 -46.29
5 13.48
6 -8.79
7 -48.63
8 -1.46
9 -4.10
10 -47.46
11 14.94
0 -6.74
1 -67.09
2 5.27
3 -5.27
4 -46.00
5 13.18
6 -7.91
7 -53.03
8 -1.46
9 -4.10
10 -47.46
11 15.23
0 -6.74
1 -66.21
2 4.69
3 -5.27
4 -46.29
5 13.18
6 -7.32
7 -50.68
8 -1.76
9 -4.10
10 -47.46
11 15.23
0 -7.03
1 -65.33
2 4.69
3 -4.69
4 -46.29
5 13.48
6 -7.91
7 -50.68
8 -1.76
9 -4.69
10 -47.46
11 15.23
0 -6.74
1 -65.33
2 4.69
3 -4.69
4 -46.29
5 13.48
6 -7.91
7 -50.68
8 -1.76
9 -4.69
10 -47.46
11 15.23
0 -6.74
1 -65.33
2 4.69
3 -4.69
4 -46.00
5 13.48
6 -7.91
7 -50.68
8 -1.76
9 -4.69
10 -47.46
11 15.23
0 -6.74
1 -65.33
2 4.69
3 -4.69
4 -46.00
5 13.18
6 -7.91
7 -50.68
8 -1.76
9 -4.69
10 -47.46
11 15.23
0 -6.74
1 -65.33
2 4.69
3 -4.69
4 -46.29
5 13.18
6 -7.91
7 -50.68
8 -1.76
9 -4.69
10 -47.46
11 15.23
0 -6.74
1 -65.92
2 4.69
3 -4.69
4 -46.00
5 13.48
6 -7.91
7 -50.68
8 -1.76
9 -4.69
10 -47.46
11 15.23
0 -6.74
1 -65.33
2 4.69
3 -5.57
4 -47.17
5 13.77
6 -7.91
7 -50.68
8 -1.76
9 -4.69
10 -47.75
11 16.70
0 -6.74
1 -65.33
2 4.69
3 -6.15
4 -49.22
5 17.58
6 -7.91
7 -50.68
8 -1.76
9 -4.69
10 -49.22
11 20.21
0 -6.74
1 -65.33
2 4.69
3 -6.15
4 -53.32
5 26.95
6 -7.91
7 -50.68
8 -1.76
9 -4.69
10 -51.56
11 30.76
0 -6.74
1 -65.92
2 4.69
3 -6.15
4 -58.89
5 39.26
6 -7.91
7 -50.68
8 -1.76
9 -4.69
10 -55.96
11 43.07
0 -7.03
1 -65.33
2 4.69
3 -5.86
4 -64.75
5 51.56
6 -7.91
7 -50.68
8 -1.76
9 -4.69
10 -62.11
11 53.32
0 -6.74
1 -65.33
2 4.69
3 -5.57
4 -71.78
5 61.82
6 -7.91
7 -50.68
8 -1.76
9 -4.39
10 -69.14
11 63.28
0 -6.74
1 -65.33
2 4.69
3 -5.27
4 -76.76
5 70.02
6 -7.91
7 -50.68
8 -1.76
9 -4.39
10 -74.12
11 72.07
0 -6.74
1 -65.33
2 4.69
3 -3.81
4 -79.39
5 76.46
6 -7.91
7 -50.68
8 -1.76
9 -4.10
10 -76.76
11 81.15
0 -6.74
1 -65.33
2 4.69
3 -3.52
4 -79.39
5 79.98
6 -7.91
7 -50.68
8 -1.76
9 -3.81
10 -77.05
11 83.79
0 -6.74
1 -65.33
2 4.69
3 -3.81
4 -79.39
5 80.86
6 -7.91
7 -50.68
8 -1.76
9 -3.81
10 -76.76
11 83.79
0 -6.74
1 -65.92
2 4.69
3 -4.39
4 -78.22
5 79.98
6 -7.91
7 -50.68
8 -1.76
9 -3.81
10 -76.17
11 83.79
0 -6.74
1 -65.33
2 4.69
3 -4.10
4 -78.52
5 80.27
6 -7.91
7 -50.68
8 -1.76
9 -3.81
10 -76.46
11 83.50
0 -6.74
1 -65.92
2 4.69
3 -4.39
4 -78.22
5 79.98
6 -7.91
7 -50.68
8 -1.76
9 -3.81
10 -76.17
11 83.50
0 -6.74
1 -65.33
2 4.69
3 -4.39
4 -78.22
5 80.27
6 -7.91
7 -50.98
8 -1.76
9 -3.81
10 -76.46
11 83.79
0 -7.91
1 -64.75
2 4.39
3 -4.10
4 -78.22
5 79.98
6 -9.67
7 -50.10
8 -1.76
9 -3.81
10 -76.17
11 83.50
0 -7.91
1 -63.57
2 5.57
3 -4.69
4 -78.22
5 79.98
6 -9.96
7 -52.73
8 -1.17
9 -4.10
10 -76.17
11 83.50
0 -7.62
1 -67.09
2 10.55
3 -4.69
4 -78.22
5 79.98
6 -8.20
7 -57.13
8 3.52
9 -3.81
10 -76.17
11 83.50
0 -6.74
1 -72.36
2 20.80
3 -4.69
4 -78.22
5 79.98
6 -6.74
7 -62.70
8 12.89
9 -4.10
10 -76.17
11 83.50
0 -6.74
1 -77.05
2 31.93
3 -4.69
4 -78.22
5 79.98
6 -6.74
7 -68.26
8 21.68
9 -4.10
10 -76.17
11 83.50
0 -6.15
1 -80.86
2 43.95
3 -4.69
4 -78.22
5 79.98
6 -6.74
7 -73.83
8 31.35
9 -4.10
10 -76.17
11 83.79
0 -5.86
1 -82.62
2 53.32
3 -4.69
4 -78.22
5 79.98
6 -7.03
7 -81.15
8 40.43
9 -3.81
10 -76.17
11 83.50
0 -5.86
1 -83.79
2 61.82
3 -4.69
4 -78.22
5 79.98
6 -7.03
7 -87.01
8 47.75
9 -4.10
10 -76.17
11 83.50
0 -5.57
1 -83.79
2 68.26
3 -4.69
4 -78.22
5 79.98
6 -7.03
7 -91.11
8 52.73
9 -3.81
10 -76.17
11 83.50
0 -5.57
1 -83.50
2 71.78
3 -4.69
4 -78.22
5 79.98
6 -7.03
7 -92.29
8 54.20
9 -3.81
10 -76.17
11 83.50
0 -5.27
1 -83.50
2 72.95
3 -4.69
4 -78.22
5 79.98
6 -7.03
7 -92.29
8 54.20
9 -3.81
10 -76.46
11 83.50
0 -6.15
1 -81.74
2 72.66
3 -4.69
4 -78.22
5 79.98
6 -7.32
7 -91.99
8 54.20
9 -3.81
10 -76.17
11 83.50
0 -6.45
1 -81.74
2 72.66
3 -4.69
4 -78.22
5 79.98
6 -7.91
7 -91.70
8 54.20
9 -3.81
10 -76.17
11 83.50
0 -6.45
1 -81.74
2 72.66
3 -4.69
4 -78.52
5 79.98
6 -7.91
7 -91.70
8 54.20
9 -3.81
10 -76.17
11 83.79
0 -6.45
1 -81.74
2 72.66
3 -4.69
4 -78.22
5 79.98
6 -7.32
7 -91.99
8 54.20
9 -3.81
10 -76.17
11 83.79
0 -6.45
1 -81.74
2 72.66
3 -4.69
4 -78.22
5 79.98
6 -7.91
7 -91.99
8 54.20
9 -3.81
10 -76.46
11 83.50
0 -6.45
1 -81.74
2 72.66
3 -4.69
4 -78.22
5 79.98
6 -7.91
7 -91.70
8 54.20
9 -4.10
10 -76.17
11 83.50
0 -6.45
1 -81.74
2 72.66
3 -4.69
4 -78.22
5 77.34
6 -7.91
7 -91.70
8 54.20
9 -3.81
10 -74.71
11 79.98
0 -6.45
1 -81.74
2 72.66
3 -4.69
4 -77.34
5 71.78
6 -7.32
7 -91.70
8 54.20
9 -4.10
10 -72.36
11 74.71
0 -6.45
1 -81.74
2 72.66
3 -4.98
4 -76.17
5 62.99
6 -7.32
7 -91.70
8 54.20
9 -4.10
10 -69.14
11 68.26
0 -6.45
1 -81.74
2 72.36
3 -5.27
4 -75.29
5 54.20
6 -7.91
7 -91.99
8 54.20
9 -4.10
10 -66.50
11 60.64
0 -6.45
1 -81.74
2 72.66
3 -5.57
4 -73.24
5 45.41
6 -7.91
7 -91.70
8 54.20
9 -3.81
10 -62.11
11 52.15
0 -6.45
1 -81.74
2 72.66
3 -5.57
4 -70.31
5 36.62
6 -7.91
7 -91.70
8 54.20
9 -4.10
10 -56.84
11 42.48
0 -6.45
1 -81.74
2 72.36
3 -5.57
4 -67.68
5 29.30
6 -7.91
7 -91.70
8 54.20
9 -3.81
10 -52.73
11 33.40
0 -6.45
1 -81.74
2 72.66
3 -5.57
4 -63.28
5 21.39
6 -7.91
7 -91.70
8 54.20
9 -3.81
10 -47.46
11 24.90
0 -6.45
1 -81.74
2 72.66
3 -5.57
4 -59.47
5 14.06
6 -7.91
7 -91.70
8 54.20
9 -4.10
10 -42.19
11 17.58
0 -6.45
1 -81.74
2 72.66
3 -5.86
4 -56.84
5 8.20
6 -7.32
7 -91.99
8 54.20
9 -3.81
10 -36.62
11 11.43
0 -6.45
1 -81.74
2 72.66
3 -5.86
4 -54.20
5 2.34
6 -7.91
7 -91.70
8 54.20
9 -3.81
10 -34.28
11 7.32
0 -6.45
1 -81.74
2 72.66
3 -5.86
4 -52.44
5 -3.52
6 -7.91
7 -91.99
8 54.20
9 -3.81
10 -35.45
11 4.39
0 -6.45
1 -81.74
2 72.66
3 -5.86
4 -54.49
5 -7.91
6 -7.32
7 -91.70
8 54.20
9 -4.10
10 -37.79
11 1.46
0 -6.45
1 -81.74
2 72.66
3 -5.86
4 -57.42
5 -9.96
6 -7.91
7 -91.70
8 54.20
9 -4.10
10 -41.02
11 1.17
0 -6.45
1 -81.74
2 72.66
3 -5.86
4 -58.59
5 -10.55
6 -7.91
7 -91.99
8 54.20
9 -4.10
10 -47.75
11 3.22
0 -6.45
1 -81.74
2 72.66
3 -5.86
4 -61.23
5 -8.79
6 -7.91
7 -91.70
8 54.20
9 -4.10
10 -52.73
11 3.81
0 -6.45
1 -81.74
2 72.66
3 -5.86
4 -62.70
5 -6.74
6 -7.91
7 -91.99
8 54.20
9 -4.10
10 -55.08
11 3.52
0 -6.45
1 -81.74
2 72.66
3 -5.57
4 -64.16
5 -2.93
6 -7.91
7 -91.99
8 54.20
9 -3.81
10 -55.66
11 4.10
0 -6.45
1 -81.74
2 72.66
3 -5.27
4 -64.16
5 -0.29
6 -7.91
7 -91.99
8 54.20
9 -4.10
10 -55.96
11 4.10
0 -6.45
1 -81.74
2 72.66
3 -5.27
4 -63.87
5 -0.29
6 -7.91
7 -91.70
8 54.20
9 -4.10
10 -55.08
11 3.52
0 -6.45
1 -81.74
2 72.66
3 -4.98
4 -61.52
5 -0.59
6 -7.91
7 -91.99
8 53.91
9 -4.10
10 -53.91
11 2.64
0 -6.45
1 -81.74
2 72.66
3 -4.98
4 -61.82
5 -0.59
6 -7.91
7 -91.99
8 54.20
9 -4.10
10 -53.91
11 2.64
0 -6.45
1 -81.74
2 72.66
3 -4.98
4 -61.82
5 -0.59
6 -7.91
7 -91.99
8 54.20
9 -4.10
10 -53.91
11 2.64
0 -6.45
1 -81.74
2 72.66
3 -4.98
4 -61.82
5 -0.59
6 -7.32
7 -91.70
8 54.20
9 -4.10
10 -53.91
11 2.64
0 -6.45
1 -81.74
2 72.66
3 -4.98
4 -61.82
5 -0.59
6 -7.91
7 -91.99
8 54.20
9 -5.57
10 -57.13
11 4.98
0 -6.45
1 -81.74
2 72.07
3 -4.69
4 -62.11
5 -0.59
6 -7.91
7 -91.70
8 54.20
9 -5.57
10 -58.59
11 4.98
0 -6.45
1 -81.74
2 71.19
3 -4.69
4 -62.11
5 -0.59
6 -7.91
7 -91.99
8 54.20
9 -5.57
10 -56.84
11 3.81
0 -6.45
1 -81.74
2 71.48
3 -4.69
4 -62.11
5 -0.59
6 -7.91
7 -91.70
8 54.20
9 -5.57
10 -57.13
11 3.81
0 -7.32
1 -81.74
2 71.48
3 -4.69
4 -62.11
5 -0.59
6 -7.91
7 -91.70
8 54.20
9 -5.57
10 -57.13
11 3.81
0 -7.32
1 -81.74
2 70.61
3 -4.69
4 -62.11
5 -0.59
6 -7.91
7 -90.53
8 52.73
9 -5.57
10 -57.13
11 3.81
0 -7.03
1 -79.39
2 66.21
3 -4.69
4 -62.11
5 -0.59
6 -7.32
7 -84.08
8 48.93
9 -5.57
10 -57.13
11 3.81
0 -6.15
1 -74.71
2 60.06
3 -4.69
4 -62.11
5 -0.59
6 -7.91
7 -76.46
8 43.07
9 -5.57
10 -56.84
11 3.81
0 -5.57
1 -69.73
2 53.03
3 -4.69
4 -61.82
5 -0.59
6 -7.91
7 -69.43
8 36.62
9 -5.57
10 -57.13
11 3.81
0 -5.57
1 -64.75
2 45.12
3 -4.69
4 -61.82
5 -0.59
6 -9.08
7 -62.99
8 29.88
9 -5.57
10 -57.13
11 3.81
0 -5.86
1 -60.35
2 37.79
3 -4.69
4 -61.82
5 -0.59
6 -9.08
7 -57.13
8 23.44
9 -5.86
10 -57.13
11 3.81
0 -7.32
1 -55.96
2 30.47
3 -4.69
4 -62.11
5 -0.59
6 -9.38
7 -52.73
8 17.29
9 -5.27
10 -57.13
11 3.81
0 -7.62
1 -52.15
2 22.27
3 -4.69
4 -62.11
5 -0.59
6 -9.38
7 -48.63
8 11.72
9 -5.57
10 -57.13
11 3.81
0 -7.32
1 -49.80
2 16.41
3 -4.69
4 -61.82
5 -0.59
6 -9.38
7 -47.17
8 7.91
9 -5.57
10 -57.13
11 3.81
0 -7.32
1 -46.88
2 11.43
3 -4.69
4 -62.11
5 -0.59
6 -9.38
7 -46.88
8 4.69
9 -5.57
10 -57.13
11 3.81
0 -7.32
1 -46.00
2 9.38
3 -4.69
4 -61.82
5 -0.59
6 -9.38
7 -46.29
8 0.59
9 -5.57
10 -57.13
11 3.81
0 -7.32
1 -46.00
2 9.67
3 -4.69
4 -62.11
5 -0.59
6 -9.38
7 -46.88
8 -1.46
9 -5.57
10 -56.84
11 3.81
0 -7.62
1 -46.00
2 10.25
3 -4.69
4 -62.11
5 -0.59
6 -9.08
7 -47.75
8 -1.17
9 -5.57
10 -56.84
11 3.81
0 -7.91
1 -46.29
2 10.25
3 -4.69
4 -62.11
5 -0.59
6 -9.08
7 -47.17
8 -0.88
9 -5.57
10 -56.84
11 3.81
0 -7.62
1 -46.29
2 10.25
3 -4.69
4 -62.11
5 -0.59
6 -8.79
7 -46.88
8 -1.17
9 -5.57
10 -57.13
11 3.81
0 -7.62
1 -46.29
2 10.25
3 -4.69
4 -62.11
5 -0.59
6 -9.08
7 -46.88
8 -1.17
9 -5.57
10 -57.13
11 3.81
0 -7.62
1 -46.00
2 10.25
3 -4.69
4 -62.11
5 -0.59
6 -9.08
7 -46.88
8 -1.17
9 -5.57
10 -57.13
11 3.81
0 -7.62
1 -46.29
2 10.25
3 -4.69
4 -62.11
5 -0.59
6 -9.08
7 -46.88
8 -1.17
9 -5.57
10 -57.13
11 3.81
0 -7.62
1 -46.29
2 10.25
3 -4.69
4 -62.11
5 -0.59
6 -9.08
7 -46.88
8 -1.17
9 -5.57
10 -56.84
11 3.81
0 -7.62
1 -46.00
2 10.25
3 -4.69
4 -62.11
5 -0.59
6 -9.08
7 -46.88
8 -1.17
9 -5.57
10 -56.84
11 3.81
0 -7.32
1 -46.29
2 10.25
3 -4.69
4 -62.11
5 -0.59
6 -9.08
7 -46.88
8 -1.17
9 -5.27
10 -56.84
11 3.81
0 -7.32
1 -46.00
2 10.84
3 -4.69
4 -62.11
5 -0.59
6 -9.08
7 -47.17
8 0.59
9 -5.57
10 -57.13
11 3.81
0 -7.32
1 -46.00
2 12.30
3 -4.69
4 -62.11
5 -0.59
6 -9.08
7 -48.93
8 2.64
9 -5.57
10 -56.84
11 3.81
0 -7.03
1 -48.63
2 16.99
3 -4.69
4 -62.11
5 -0.59
6 -8.20
7 -51.86
8 8.20
9 -5.57
10 -57.13
11 3.81
0 -7.03
1 -53.91
2 25.78
3 -4.69
4 -62.11
5 -0.59
6 -7.32
7 -58.01
8 16.11
9 -5.57
10 -56.84
11 3.81
0 -7.03
1 -60.35
2 35.74
3 -4.69
4 -62.11
5 -0.59
6 -7.32
7 -65.33
8 25.78
9 -5.27
10 -57.13
11 3.81
0 -7.32
1 -67.09
2 45.41
3 -4.69
4 -62.11
5 -0.59
6 -7.32
7 -71.48
8 34.86
9 -5.57
10 -56.84
11 3.81
0 -7.32
1 -72.07
2 53.91
3 -4.69
4 -62.11
5 -0.59
6 -7.32
7 -77.93
8 43.95
9 -5.57
10 -57.13
11 3.81
0 -7.32
1 -75.29
2 61.52
3 -4.69
4 -61.82
5 -0.59
6 -7.32
7 -82.91
8 51.56
9 -5.57
10 -56.84
11 3.81
0 -7.32
1 -77.93
2 68.26
3 -4.69
4 -62.11
5 -0.59
6 -7.32
7 -87.01
8 57.42
9 -5.57
10 -56.84
11 3.81
0 -7.03
1 -78.52
2 73.24
3 -4.69
4 -62.11
5 -0.59
6 -7.91
7 -89.94
8 60.64
9 -5.57
10 -57.13
11 3.81
0 -6.74
1 -78.52
2 75.29
3 -4.69
4 -62.11
5 -0.59
6 -8.79
7 -90.82
8 60.94
9 -5.57
10 -57.13
11 3.81
0 -6.74
1 -78.52
2 75.29
3 -4.69
4 -62.11
5 -0.59
6 -8.79
7 -90.53
8 60.94
9 -5.57
10 -56.84
11 3.81
0 -6.74
1 -78.22
2 75.29
3 -4.69
4 -62.11
5 -0.59
6 -8.79
7 -90.53
8 60.94
9 -5.27
10 -57.13
11 3.81
0 -6.74
1 -78.22
2 75.29
3 -4.69
4 -61.82
5 -0.59
6 -8.79
7 -90.53
8 60.64
9 -5.57
10 -56.84
11 3.81
0 -6.74
1 -78.22
2 75.29
3 -4.69
4 -61.82
5 -0.59
6 -8.79
7 -90.53
8 60.64
9 -5.27
10 -56.84
11 3.81
0 -6.74
1 -78.22
2 75.29
3 -4.69
4 -62.11
5 -0.59
6 -8.79
7 -90.53
8 60.64
9 -5.57
10 -57.13
11 3.81
0 -6.74
1 -78.22
2 75.00
3 -4.69
4 -62.11
5 -0.59
6 -9.08
7 -90.53
8 60.94
9 -5.57
10 -57.13
11 3.81
0 -6.74
1 -78.22
2 75.29
3 -5.27
4 -62.99
5 -0.59
6 -8.79
7 -90.53
8 60.64
9 -4.69
10 -58.59
11 4.98
0 -6.74
1 -78.22
2 75.29
3 -5.86
4 -64.75
5 0.88
6 -8.79
7 -90.53
8 60.64
9 -4.10
10 -59.77
11 7.62
0 -6.74
1 -78.22
2 75.00
3 -5.86
4 -69.43
5 8.20
6 -8.79
7 -90.53
8 60.64
9 -3.81
10 -62.99
11 16.70
0 -6.74
1 -78.22
2 75.29
3 -5.86
4 -74.71
5 19.34
6 -9.08
7 -90.53
8 60.94
9 -3.81
10 -66.21
11 28.71
0 -6.74
1 -78.22
2 75.29
3 -5.86
4 -79.10
5 29.88
6 -8.79
7 -90.53
8 60.64
9 -4.10
10 -69.43
11 40.14
0 -6.74
1 -78.22
2 75.29
3 -5.27
4 -80.86
5 41.31
6 -8.79
7 -90.53
8 60.64
9 -3.81
10 -72.07
11 50.68
0 -6.74
1 -78.22
2 75.00
3 -4.98
4 -81.15
5 50.68
6 -8.79
7 -90.53
8 60.64
9 -3.81
10 -73.54
11 60.06
0 -6.74
1 -78.22
2 75.00
3 -4.69
4 -81.15
5 60.35
6 -8.79
7 -90.53
8 60.94
9 -3.81
10 -74.41
11 67.68
0 -6.74
1 -78.22
2 75.00
3 -4.10
4 -81.15
5 67.68
6 -8.79
7 -90.53
8 60.64
9 -3.81
10 -74.41
11 73.54
0 -6.74
1 -78.22
2 75.29
3 -3.81
4 -81.15
5 71.48
6 -9.08
7 -90.53
8 60.64
9 -4.10
10 -74.41
11 77.34
0 -6.74
1 -78.22
2 75.29
3 -3.81
4 -80.86
5 72.36
6 -8.79
7 -90.53
8 60.64
9 -4.10
10 -74.41
11 78.22
0 -6.74
1 -78.22
2 75.00
3 -4.39
4 -80.86
5 72.36
6 -8.79
7 -90.53
8 60.64
9 -4.10
10 -74.12
11 78.22
0 -6.74
1 -78.22
2 75.29
3 -4.69
4 -80.86
5 72.36
6 -8.79
7 -90.53
8 60.64
9 -4.10
10 -74.12
11 77.64
0 -6.74
1 -78.22
2 75.29
3 -4.69
4 -80.86
5 72.36
6 -8.79
7 -90.53
8 60.64
9 -4.10
10 -74.12
11 78.22
0 -6.74
1 -78.22
2 75.29
3 -4.69
4 -80.86
5 72.36
6 -9.08
7 -90.53
8 60.94
9 -4.10
10 -74.41
11 78.22
0 -6.74
1 -78.22
2 75.29
3 -4.69
4 -80.86
5 72.36
6 -8.79
7 -90.53
8 60.64
9 -4.10
10 -74.12
11 78.22
0 -6.74
1 -78.22
2 75.29
3 -4.69
4 -80.86
5 72.66
6 -9.08
7 -90.53
8 60.64
9 -4.10
10 -74.12
11 77.64
0 -6.45
1 -78.22
2 75.29
3 -4.69
4 -81.15
5 72.36
6 -9.08
7 -90.53
8 60.64
9 -4.10
10 -74.12
11 78.22
0 -6.74
1 -78.22
2 75.29
3 -4.69
4 -81.15
5 72.36
6 -8.79
7 -90.53
8 60.64
9 -4.10
10 -74.12
11 78.22
0 -6.74
1 -78.22
2 75.29
3 -4.69
4 -80.86
5 72.36
6 -8.79
7 -90.53
8 60.64
9 -4.10
10 -74.12
11 78.22
0 -6.74
1 -78.22
2 75.29
3 -4.69
4 -81.15
5 72.36
6 -8.79
7 -90.53
8 60.94
9 -4.10
10 -74.12
11 78.22
0 -6.74
1 -78.22
2 75.00
3 -4.69
4 -81.15
5 72.36
6 -8.79
7 -90.53
8 60.64
9 -4.10
10 -74.12
11 78.22
0 -6.74
1 -78.22
2 75.29
3 -4.69
4 -81.15
5 72.36
6 -8.79
7 -90.53
8 60.94
9 -4.10
10 -74.41
11 77.64
0 -6.74
1 -78.22
2 75.00
3 -4.69
4 -81.15
5 72.36
6 -8.79
7 -90.53
8 60.94
9 -4.10
10 -74.12
11 78.22
0 -6.74
1 -78.22
2 75.29
3 -4.69
4 -80.86
5 72.36
6 -8.79
7 -90.53
8 60.64
9 -4.10
10 -74.12
11 78.22
0 -6.74
1 -78.22
2 75.29
3 -4.69
4 -80.86
5 72.36
6 -8.79
7 -90.53
8 60.64
9 -4.10
10 -74.12
11 78.22
0 -6.74
1 -78.22
2 75.29
3 -4.69
4 -81.15
5 72.36
6 -8.79
7 -90.53
8 60.64
9 -4.10
10 -74.12
11 78.22
0 -6.74
1 -78.22
2 75.29
3 -4.69
4 -81.15
5 72.36
6 -9.08
7 -90.53
8 60.94
9 -4.10
10 -74.12
11 78.22
0 -6.74
1 -78.22
2 75.29
3 -4.69
4 -80.86
5 72.36
6 -8.79
7 -90.53
8 60.94
9 -4.10
10 -74.12
11 78.22
0 -6.74
1 -78.22
2 75.29
3 -4.69
4 -81.15
5 72.36
6 -8.79
7 -90.53
8 60.64
9 -4.10
10 -74.12
11 77.05
0 -6.74
1 -78.22
2 75.00
3 -4.69
4 -80.86
5 72.36
6 -9.08
7 -90.53
8 60.64
9 -4.10
10 -74.12
11 76.76
0 -6.74
1 -78.22
2 75.29
3 -4.69
4 -80.57
5 72.36
6 -8.79
7 -90.53
8 60.64
9 -4.10
10 -74.12
11 76.76
0 -6.74
1 -78.22
2 75.29
3 -4.69
4 -80.86
5 72.36
6 -8.79
7 -90.53
8 60.94
9 -4.10
10 -74.12
11 76.76
0 -6.74
1 -78.22
2 75.00
3 -4.69
4 -80.57
5 72.36
6 -9.08
7 -90.53
8 60.64
9 -4.10
10 -74.12
11 76.76
0 -6.74
1 -78.22
2 75.00
3 -4.69
4 -80.57
5 72.36
6 -8.79
7 -90.53
8 60.64
9 -4.10
10 -74.12
11 76.76
0 -6.45
1 -78.22
2 75.29
3 -4.69
4 -80.57
5 72.36
6 -9.08
7 -90.53
8 60.94
9 -4.10
10 -74.12
11 76.76
0 -6.74
1 -78.22
2 75.29
3 -4.69
4 -80.57
5 72.36
6 -9.08
7 -90.53
8 60.64
9 -4.10
10 -74.12
11 76.76
0 -6.74
1 -78.22
2 75.29
3 -4.69
4 -80.57
5 72.36
6 -8.79
7 -90.53
8 60.94
9 -4.10
10 -74.12
11 76.76
0 -6.74
1 -77.64
2 74.71
3 -4.69
4 -80.57
5 72.36
6 -8.79
7 -88.48
8 58.89
9 -4.10
10 -74.12
11 76.76
0 -6.15
1 -75.29
2 69.73
3 -4.69
4 -80.57
5 72.36
6 -7.91
7 -83.79
8 54.20
9 -4.10
10 -74.12
11 76.76
0 -6.15
1 -71.19
2 61.82
3 -4.69
4 -80.57
5 72.36
6 -7.32
7 -75.59
8 45.70
9 -4.10
10 -74.12
11 76.76
0 -6.15
1 -67.68
2 50.68
3 -4.69
4 -80.86
5 72.36
6 -7.32
7 -70.02
8 36.33
9 -4.10
10 -74.12
11 76.76
0 -6.15
1 -64.16
2 38.67
3 -4.69
4 -80.86
5 72.36
6 -7.32
7 -64.75
8 27.54
9 -4.10
10 -74.12
11 76.76
0 -6.15
1 -61.23
2 27.54
3 -4.69
4 -80.57
5 72.36
6 -7.32
7 -62.70
8 19.92
9 -4.10
10 -74.12
11 76.76
0 -6.15
1 -59.47
2 17.29
3 -4.69
4 -80.57
5 72.36
6 -7.03
7 -62.70
8 12.01
9 -4.10
10 -74.12
11 76.76
0 -6.15
1 -59.18
2 8.50
3 -4.69
4 -80.57
5 72.36
6 -7.03
7 -63.57
8 6.15
9 -4.10
10 -74.12
11 76.76
0 -6.15
1 -59.47
2 2.93
3 -4.69
4 -80.86
5 72.36
6 -7.32
7 -63.87
8 2.34
9 -4.10
10 -74.12
11 76.76
0 -5.86
1 -61.52
2 0.29
3 -4.69
4 -80.57
5 72.36
6 -7.91
7 -62.99
8 0.59
9 -4.10
10 -74.12
11 76.76
0 -6.15
1 -61.52
2 0.00
3 -4.69
4 -80.57
5 72.36
6 -8.20
7 -62.70
8 0.59
9 -4.10
10 -74.12
11 76.76
0 -6.45
1 -61.52
2 0.00
3 -4.39
4 -80.86
5 72.36
6 -8.50
7 -61.82
8 0.59
9 -4.10
10 -74.12
11 76.76
0 -6.45
1 -60.35
2 -0.59
3 -4.39
4 -80.57
5 72.36
6 -8.50
7 -60.35
8 0.88
9 -4.10
10 -74.12
11 76.76
0 -6.74
1 -60.06
2 -1.17
3 -4.69
4 -80.57
5 72.36
6 -8.50
7 -59.77
8 0.88
9 -4.10
10 -74.12
11 76.76
0 -7.03
1 -60.06
2 -0.88
3 -4.69
4 -80.57
5 72.07
6 -8.50
7 -59.77
8 0.88
9 -4.10
10 -74.12
11 76.76
0 -7.62
1 -60.06
2 -0.88
3 -4.39
4 -80.57
5 72.36
6 -8.20
7 -59.18
8 0.88
9 -4.10
10 -74.12
11 76.76
0 -7.62
1 -58.89
2 -0.88
3 -4.69
4 -80.57
5 72.36
6 -8.50
7 -55.08
8 0.88
9 -4.10
10 -74.12
11 76.76
0 -7.32
1 -55.37
2 -2.93
3 -4.39
4 -80.57
5 72.36
6 -8.79
7 -48.05
8 0.88
9 -4.10
10 -74.12
11 76.76
0 -7.32
1 -48.34
2 -5.57
3 -4.39
4 -80.86
5 72.36
6 -8.50
7 -40.43
8 0.88
9 -4.10
10 -74.12
11 76.76
0 -7.32
1 -40.43
2 -8.20
3 -4.69
4 -80.57
5 72.36
6 -8.50
7 -31.05
8 0.88
9 -4.10
10 -74.12
11 76.76
0 -7.03
1 -31.93
2 -10.25
3 -4.39
4 -80.57
5 72.36
6 -8.50
7 -21.09
8 0.88
9 -4.10
10 -74.12
11 76.76
0 -7.03
1 -23.14
2 -10.84
3 -4.69
4 -80.57
5 72.36
6 -7.91
7 -12.01
8 0.59
9 -4.10
10 -74.12
11 76.76
0 -7.03
1 -16.11
2 -10.84
3 -4.39
4 -80.57
5 72.36
6 -7.32
7 -3.81
8 0.88
9 -4.10
10 -74.12
11 76.76
0 -7.03
1 -9.96
2 -9.67
3 -4.39
4 -80.57
5 72.36
6 -6.74
7 2.64
8 0.59
9 -4.10
10 -74.12
11 76.76
0 -6.74
1 -7.03
2 -9.08
3 -4.39
4 -80.86
5 72.36
6 -6.45
7 3.81
8 0.88
9 -4.10
10 -74.12
11 76.76
0 -7.03
1 -6.74
2 -8.20
3 -4.69
4 -80.57
5 72.36
6 -6.15
7 4.10
8 0.88
9 -4.10
10 -74.12
11 76.76
0 -7.03
1 -6.45
2 -8.50
3 -4.39
4 -80.86
5 72.07
6 -6.15
7 3.81
8 1.17
9 -4.10
10 -74.12
11 76.76
0 -7.03
1 -6.45
2 -9.38
3 -4.39
4 -80.57
5 72.36
6 -6.74
7 3.81
8 0.88
9 -4.10
10 -74.12
11 76.76
0 -6.45
1 -6.45
2 -9.67
3 -4.39
4 -80.86
5 72.36
6 -6.74
7 3.81
8 1.17
9 -4.10
10 -74.12
11 76.76
0 -6.45
1 -6.45
2 -9.67
3 -4.69
4 -80.86
5 72.36
6 -6.74
7 3.81
8 0.88
9 -4.10
10 -74.12
11 76.76
0 -6.45
1 -6.45
2 -9.67
3 -4.39
4 -80.86
5 72.36
6 -6.74
7 3.81
8 0.88
9 -4.10
10 -74.12
11 76.76
0 -6.45
1 -6.45
2 -9.67
3 -4.69
4 -80.86
5 72.36
6 -7.03
7 3.52
8 0.88
9 -3.81
10 -74.12
11 76.76
0 -6.45
1 -6.45
2 -9.38
3 -4.69
4 -80.57
5 72.36
6 -7.03
7 3.52
8 0.88
9 -4.10
10 -74.12
11 77.34
0 -6.45
1 -6.45
2 -9.38
3 -4.69
4 -82.03
5 70.02
6 -6.74
7 3.52
8 1.17
9 -4.69
10 -73.54
11 73.83
0 -6.45
1 -6.45
2 -9.67
3 -4.69
4 -79.98
5 64.75
6 -6.74
7 3.52
8 0.88
9 -4.69
10 -72.36
11 65.04
0 -6.45
1 -6.45
2 -9.67
3 -5.27
4 -79.39
5 55.96
6 -6.74
7 3.81
8 1.17
9 -4.10
10 -72.07
11 54.49
0 -6.45
1 -6.45
2 -9.67
3 -5.57
4 -79.98
5 44.24
6 -6.74
7 3.81
8 0.88
9 -3.81
10 -72.36
11 41.60
0 -6.45
1 -6.45
2 -9.67
3 -5.57
4 -79.98
5 32.81
6 -6.74
7 3.52
8 0.88
9 -3.81
10 -72.36
11 29.59
0 -6.45
1 -6.45
2 -9.67
3 -5.57
4 -80.27
5 21.09
6 -6.74
7 3.81
8 0.88
9 -4.10
10 -72.95
11 18.75
0 -6.45
1 -6.45
2 -9.67
3 -5.86
4 -80.86
5 10.84
6 -6.74
7 2.93
8 0.88
9 -3.81
10 -72.95
11 9.96
0 -6.45
1 -6.45
2 -9.38
3 -5.86
4 -80.57
5 3.52
6 -6.74
7 3.22
8 1.17
9 -4.10
10 -72.95
11 4.98
0 -6.45
1 -6.45
2 -9.67
3 -6.15
4 -80.86
5 0.29
6 -7.03
7 3.52
8 1.17
9 -3.81
10 -72.95
11 3.81
0 -6.45
1 -6.45
2 -9.38
3 -5.86
4 -80.86
5 0.29
6 -6.74
7 3.52
8 0.88
9 -3.81
10 -72.95
11 3.52
0 -6.45
1 -6.45
2 -9.38
3 -5.57
4 -78.52
5 0.29
6 -6.74
7 3.52
8 1.17
9 -4.10
10 -70.02
11 3.81
0 -6.45
1 -6.45
2 -9.67
3 -5.27
4 -73.54
5 0.29
6 -7.03
7 3.52
8 0.88
9 -4.10
10 -62.11
11 3.52
0 -6.45
1 -6.45
2 -9.67
3 -5.27
4 -64.45
5 0.00
6 -7.03
7 3.52
8 0.88
9 -4.10
10 -51.86
11 3.22
0 -6.45
1 -6.45
2 -9.38
3 -5.86
4 -55.08
5 0.00
6 -7.03
7 3.52
8 0.88
9 -4.10
10 -42.77
11 1.17
0 -6.45
1 -6.45
2 -9.38
3 -6.45
4 -44.82
5 -0.59
6 -7.03
7 3.52
8 0.88
9 -2.93
10 -33.69
11 0.00
0 -6.45
1 -6.45
2 -9.67
3 -6.45
4 -34.28
5 -1.76
6 -6.74
7 3.52
8 0.88
9 -1.46
10 -24.61
11 -0.88
0 -6.45
1 -6.45
2 -9.38
3 -6.15
4 -25.78
5 -2.64
6 -6.74
7 3.52
8 0.88
9 -1.46
10 -16.11
11 -2.64
0 -6.45
1 -6.45
2 -9.67
3 -5.57
4 -18.16
5 -2.64
6 -6.74
7 3.52
8 1.17
9 -1.46
10 -7.91
11 -2.93
0 -6.45
1 -6.45
2 -9.67
3 -5.86
4 -12.01
5 -2.64
6 -6.74
7 3.52
8 1.17
9 -1.46
10 -1.76
11 -2.64
0 -6.45
1 -6.45
2 -9.38
3 -5.86
4 -7.32
5 -2.64
6 -6.74
7 3.52
8 1.17
9 -1.46
10 0.88
11 -1.17
0 -6.45
1 -6.45
2 -9.67
3 -5.57
4 -5.57
5 -2.34
6 -6.74
7 3.52
8 0.88
9 -1.17
10 1.46
11 -1.17
0 -6.45
1 -6.45
2 -9.67
3 -5.57
4 -4.98
5 -1.76
6 -6.74
7 3.52
8 0.88
9 -1.46
10 1.76
11 -1.17
0 -6.45
1 -6.45
2 -9.38
3 -5.86
4 -3.52
5 -2.34
6 -6.74
7 3.52
8 0.88
9 -1.17
10 1.46
11 -1.17
0 -6.45
1 -6.45
2 -9.38
3 -5.57
4 -2.34
5 -1.76
6 -6.74
7 3.52
8 0.88
9 -1.46
10 1.46
11 -1.46
0 -6.45
1 -6.45
2 -9.67
3 -4.98
4 -2.34
5 -2.34
6 -6.74
7 3.52
8 1.17
9 -1.46
10 1.46
11 -1.46
0 -6.45
1 -6.45
2 -9.67
3 -4.98
4 -2.64
5 -2.34
6 -6.74
7 3.52
8 0.88
9 -1.46
10 1.46
11 -1.46
0 -6.45
1 -6.45
2 -9.67
3 -5.27
4 -2.34
5 -2.34
6 -6.74
7 3.52
8 0.88
9 -1.46
10 1.46
11 -1.46
0 -6.45
1 -6.45
2 -9.67
3 -4.98
4 -2.34
5 -1.76
6 -6.74
7 3.52
8 0.88
9 -0.29
10 1.46
11 -1.46
0 -6.45
1 -6.45
2 -9.67
3 -5.27
4 -2.34
5 -2.34
6 -7.03
7 3.52
8 0.88
9 2.64
10 1.46
11 -1.46
0 -6.45
1 -6.45
2 -9.38
3 -4.98
4 -2.34
5 -1.76
6 -7.03
7 3.52
8 0.88
9 6.15
10 1.17
11 -1.46
0 -7.03
1 -6.45
2 -9.38
3 -5.57
4 -2.64
5 -1.76
6 -8.50
7 3.52
8 0.88
9 7.62
10 0.88
11 -1.46
0 -6.15
1 -6.45
2 -8.50
3 -4.69
4 -2.64
5 -1.76
6 -6.74
7 3.52
8 0.88
9 7.03
10 1.17
11 -1.76
0 -6.15
1 -6.45
2 -9.08
3 -4.39
4 -2.64
5 -1.76
6 -6.74
7 3.52
8 1.17
9 7.03
10 1.46
11 -1.76
0 -6.15
1 -6.45
2 -9.38
3 -4.69
4 -2.93
5 -1.46
6 -7.03
7 3.52
8 0.88
9 5.86
10 -0.29
11 -4.39
0 -5.57
1 -5.86
2 -12.60
3 -5.57
4 -4.98
5 -1.46
6 -7.03
7 2.05
8 1.17
9 5.86
10 1.46
11 -13.48
0 -5.27
1 -1.46
2 -20.80
3 -5.86
4 -5.27
5 -0.88
6 -7.91
7 1.46
8 2.93
9 5.57
10 4.39
11 -24.32
0 -5.27
1 2.93
2 -31.35
3 -5.86
4 -5.27
5 -0.29
6 -7.91
7 0.88
8 2.93
9 5.57
10 5.86
11 -35.74
0 -5.27
1 6.74
2 -44.53
3 -5.86
4 -5.27
5 -0.29
6 -7.91
7 0.88
8 3.22
9 5.57
10 7.62
11 -44.82
0 -5.57
1 9.67
2 -59.47
3 -4.69
4 -3.52
5 -0.59
6 -7.91
7 2.64
8 2.93
9 6.15
10 8.20
11 -55.96
0 -6.15
1 12.30
2 -74.12
3 -4.39
4 -3.52
5 -0.59
6 -8.79
7 0.59
8 3.22
9 7.32
10 9.38
11 -66.21
0 -7.32
1 9.38
2 -88.48
3 -4.69
4 -5.57
5 0.00
6 -7.32
7 -1.17
8 3.52
9 7.91
10 9.08
11 -78.81
0 -7.62
1 5.57
2 -98.73
3 -5.57
4 -7.91
5 0.29
6 -6.74
7 -5.86
8 3.81
9 7.91
10 3.22
11 -91.11
0 -7.32
1 0.88
2 -107.52
3 -6.15
4 -10.84
5 0.59
6 -6.45
7 -12.60
8 4.10
9 7.91
10 -7.91
11 -104.59
0 -7.03
1 -8.50
2 -114.84
3 -6.74
4 -13.48
5 0.29
6 -6.45
7 -17.58
8 4.39
9 7.62
10 -21.39
11 -115.14
0 -7.03
1 -19.92
2 -120.70
3 -7.62
4 -13.48
5 0.00
6 -6.15
7 -16.11
8 4.10
9 7.03
10 -33.69
11 -124.22
0 -7.03
1 -32.23
2 -126.56
3 -6.74
4 -12.60
5 0.00
6 -6.15
7 -15.82
8 4.10
9 6.15
10 -46.00
11 -133.30
0 -7.03
1 -43.07
2 -131.84
3 -6.74
4 -11.13
5 0.00
6 -6.74
7 -15.82
8 4.10
9 6.15
10 -52.73
11 -138.87
0 -6.74
1 -50.68
2 -137.11
3 -6.45
4 -11.13
5 -0.29
6 -7.03
7 -15.82
8 4.10
9 6.15
10 -55.66
11 -140.62
0 -6.74
1 -55.66
2 -141.50
3 -5.57
4 -11.13
5 -0.29
6 -6.74
7 -15.82
8 4.10
9 5.27
10 -57.42
11 -141.80
0 -6.45
1 -58.59
2 -142.97
3 -5.27
4 -11.13
5 0.00
6 -7.03
7 -15.82
8 4.10
9 5.27
10 -58.89
11 -141.80
0 -4.98
1 -58.89
2 -142.97
3 -5.27
4 -11.13
5 -0.29
6 -7.03
7 -15.82
8 4.10
9 4.98
10 -59.18
11 -142.09
0 -4.10
1 -59.18
2 -143.26
3 -5.57
4 -11.13
5 0.00
6 -6.74
7 -15.82
8 4.10
9 4.98
10 -59.47
11 -142.09
0 -4.39
1 -59.18
2 -143.26
3 -5.27
4 -11.13
5 0.00
6 -7.03
7 -15.82
8 4.10
9 5.86
10 -59.18
11 -141.80
0 -5.27
1 -58.59
2 -142.97
3 -5.27
4 -11.13
5 0.00
6 -7.03
7 -15.82
8 4.10
9 5.86
10 -59.18
11 -141.80
0 -5.27
1 -58.59
2 -142.97
3 -5.27
4 -11.13
5 0.00
6 -6.74
7 -15.82
8 4.10
9 5.86
10 -59.18
11 -141.80
0 -5.27
1 -58.59
2 -142.68
3 -5.27
4 -11.13
5 0.00
6 -7.03
7 -15.82
8 4.10
9 5.86
10 -59.18
11 -141.80
0 -5.27
1 -58.59
2 -142.68
3 -5.27
4 -11.13
5 -0.29
6 -7.03
7 -15.82
8 4.10
9 5.86
10 -59.18
11 -141.80
0 -5.27
1 -58.59
2 -142.97
3 -5.27
4 -11.13
5 -0.29
6 -7.03
7 -14.65
8 3.81
9 5.86
10 -59.18
11 -141.80
0 -5.27
1 -58.59
2 -142.68
3 -4.98
4 -10.55
5 -0.88
6 -7.03
7 -16.11
8 2.05
9 5.86
10 -59.18
11 -141.80
0 -5.86
1 -58.89
2 -142.68
3 -7.91
4 -12.01
5 -1.76
6 -4.39
7 -15.23
8 -5.57
9 5.86
10 -59.18
11 -141.80
0 -5.86
1 -58.59
2 -142.09
3 -10.55
4 -12.60
5 -7.62
6 -3.81
7 -13.77
8 -20.80
9 5.86
10 -59.18
11 -141.80
0 -5.57
1 -58.59
2 -142.09
3 -10.84
4 -12.60
5 -16.70
6 -3.81
7 -13.48
8 -36.62
9 6.15
10 -58.30
11 -141.80
0 -5.86
1 -58.89
2 -142.09
3 -10.84
4 -12.60
5 -27.25
6 -3.52
7 -13.48
8 -50.98
9 6.15
10 -58.30
11 -141.80
0 -5.57
1 -58.59
2 -141.50
3 -11.72
4 -13.18
5 -36.91
6 -3.22
7 -13.48
8 -63.57
9 6.15
10 -58.01
11 -141.80
0 -6.15
1 -58.59
2 -142.09
3 -13.48
4 -13.48
5 -45.12
6 -2.34
7 -13.77
8 -72.36
9 6.15
10 -58.01
11 -141.80
0 -7.03
1 -58.59
2 -142.38
3 -14.06
4 -14.94
5 -53.61
6 -1.17
7 -14.36
8 -78.81
9 6.15
10 -58.01
11 -141.80
0 -7.32
1 -59.18
2 -142.97
3 -13.18
4 -17.29
5 -62.40
6 -1.17
7 -16.41
8 -82.03
9 5.86
10 -58.01
11 -141.80
0 -7.03
1 -59.18
2 -142.97
3 -11.13
4 -18.75
5 -72.66
6 -6.15
7 -16.41
8 -85.55
9 7.32
10 -58.30
11 -141.80
0 -5.27
1 -59.18
2 -142.68
3 -10.84
4 -23.14
5 -86.13
6 -7.32
7 -18.46
8 -92.58
9 7.32
10 -58.59
11 -141.80
0 -6.74
1 -59.18
2 -142.68
3 -10.84
4 -29.88
5 -104.30
6 -5.86
7 -25.20
8 -101.66
9 5.57
10 -59.18
11 -141.80
0 -6.74
1 -58.89
2 -142.97
3 -10.84
4 -37.79
5 -119.82
6 -5.86
7 -33.98
8 -111.04
9 5.57
10 -59.47
11 -141.80
0 -6.74
1 -58.89
2 -143.55
3 -10.55
4 -46.88
5 -130.37
6 -5.86
7 -42.77
8 -119.53
9 5.57
10 -59.47
11 -141.80
0 -7.03
1 -59.18
2 -143.55
3 -9.96
4 -56.84
5 -137.40
6 -5.86
7 -50.98
8 -127.73
9 5.57
10 -59.47
11 -141.80
0 -7.03
1 -59.18
2 -143.55
3 -8.79
4 -62.11
5 -140.92
6 -6.15
7 -56.84
8 -136.52
9 5.57
10 -59.18
11 -141.80
0 -7.03
1 -59.18
2 -143.55
3 -7.03
4 -64.16
5 -140.92
6 -6.15
7 -58.89
8 -141.50
9 5.57
10 -59.47
11 -141.80
0 -7.03
1 -59.18
2 -143.55
3 -7.03
4 -64.45
5 -140.92
6 -6.15
7 -59.18
8 -141.50
9 5.57
10 -59.47
11 -141.80
0 -7.03
1 -58.89
2 -143.55
3 -7.03
4 -64.45
5 -140.92
6 -6.45
7 -59.18
8 -141.50
9 5.57
10 -59.47
11 -141.80
0 -7.03
1 -58.89
2 -143.55
3 -7.03
4 -64.45
5 -140.92
6 -6.45
7 -59.18
8 -141.50
9 5.57
10 -59.18
11 -141.80
0 -7.03
1 -58.89
2 -143.55
3 -7.03
4 -64.45
5 -140.92
6 -6.45
7 -59.18
8 -141.50
9 5.57
10 -59.18
11 -141.80
0 -7.03
1 -59.18
2 -143.26
3 -7.03
4 -64.45
5 -140.92
6 -6.45
7 -59.18
8 -141.21
9 5.57
10 -59.47
11 -141.80
0 -7.03
1 -58.89
2 -143.26
3 -7.03
4 -64.45
5 -140.92
6 -6.45
7 -59.18
8 -141.50
9 5.57
10 -59.47
11 -141.80
0 -7.03
1 -58.89
2 -143.55
3 -7.03
4 -64.45
5 -140.92
6 -6.45
7 -59.18
8 -141.50
9 5.57
10 -59.18
11 -141.80
0 -7.03
1 -58.89
2 -143.55
3 -7.03
4 -64.45
5 -140.92
6 -6.45
7 -59.18
8 -141.21
9 5.57
10 -59.47
11 -141.80
0 -7.03
1 -59.18
2 -143.26
3 -7.03
4 -64.45
5 -140.92
6 -6.45
7 -59.18
8 -141.50
9 5.57
10 -59.47
11 -141.80
0 -6.74
1 -58.89
2 -143.55
3 -7.03
4 -64.45
5 -140.92
6 -6.45
7 -59.18
8 -141.50
9 5.57
10 -59.18
11 -141.80
0 -7.03
1 -58.89
2 -143.26
3 -7.03
4 -64.45
5 -140.92
6 -6.45
7 -59.18
8 -141.50
9 5.57
10 -59.47
11 -141.80
0 -7.03
1 -59.18
2 -143.26
3 -7.03
4 -64.45
5 -140.92
6 -6.45
7 -59.18
8 -141.50
9 5.57
10 -59.18
11 -141.80
0 -6.74
1 -58.89
2 -143.55
3 -7.03
4 -64.45
5 -140.92
6 -6.45
7 -59.18
8 -141.50
9 5.57
10 -59.18
11 -141.80
0 -7.03
1 -58.89
2 -143.55
3 -7.03
4 -64.45
5 -140.92
6 -6.45
7 -59.18
8 -141.50
9 5.57
10 -59.47
11 -141.80
0 -7.03
1 -58.89
2 -143.26
3 -7.03
4 -64.45
5 -140.92
6 -6.45
7 -59.18
8 -141.50
9 5.57
10 -59.47
11 -141.80
0 -6.74
1 -58.89
2 -143.26
3 -7.03
4 -64.45
5 -140.92
6 -6.45
7 -59.18
8 -141.21
9 5.57
10 -59.18
11 -141.80
0 -7.03
1 -59.18
2 -143.26
3 -7.03
4 -64.45
5 -140.92
6 -6.45
7 -59.18
8 -141.50
9 5.57
10 -59.18
11 -141.80
0 -7.03
1 -59.18
2 -143.55
3 -7.03
4 -64.45
5 -140.92
6 -6.45
7 -59.18
8 -141.50
9 5.57
10 -59.47
11 -141.80
0 -7.03
1 -58.89
2 -143.55
3 -7.03
4 -64.45
5 -140.92
6 -6.45
7 -59.18
8 -141.50
9 5.57
10 -59.18
11 -141.80
0 -7.03
1 -58.89
2 -143.55
3 -7.03
4 -64.45
5 -140.92
6 -6.45
7 -59.18
8 -141.21
9 5.57
10 -59.18
11 -141.80
0 -7.03
1 -59.18
2 -143.55
3 -7.03
4 -64.45
5 -140.92
6 -6.45
7 -59.18
8 -141.21
9 5.57
10 -59.47
11 -141.80
0 -7.03
1 -59.18
2 -143.55
3 -7.03
4 -64.45
5 -140.92
6 -6.45
7 -59.18
8 -141.50
9 5.57
10 -59.47
11 -141.80
0 -7.03
1 -58.89
2 -143.55
3 -7.03
4 -64.45
5 -140.92
6 -6.45
7 -59.18
8 -141.21
9 5.57
10 -59.47
11 -141.80
0 -7.03
1 -58.89
2 -143.55
3 -7.03
4 -64.45
5 -140.92
6 -6.45
7 -59.18
8 -141.50
9 5.57
10 -59.47
11 -141.80