specialmove
motor1 -5.57 -53.32 -140.92 -6.15 -56.84 -141.21
motor2 -13.77 -53.61 -143.55 -6.45 -55.96 -140.04
motor1 -5.57 -53.32 -140.92 -6.15 -56.84 -141.21
motor2 -13.77 -53.61 -143.55 -6.45 -55.96 -139.75
motor1 -5.57 -53.32 -140.92 -6.15 -56.84 -141.21
motor2 -13.77 -53.61 -143.55 -6.45 -55.96 -140.04
motor1 -5.86 -53.32 -140.92 -6.15 -56.84 -141.21
motor2 -14.06 -53.61 -143.55 -6.45 -55.96 -140.04
motor1 -5.57 -53.32 -140.92 -6.15 -56.54 -141.21
motor2 -13.77 -53.61 -143.55 -6.45 -55.96 -139.75
motor1 -5.57 -53.32 -140.92 -6.15 -56.84 -141.21
motor2 -13.77 -53.61 -143.55 -6.45 -55.96 -140.04
motor1 -5.57 -53.32 -140.92 -6.15 -56.84 -141.21
motor2 -13.77 -53.61 -143.55 -6.45 -55.96 -140.04
motor1 -5.57 -53.32 -140.92 -6.15 -56.84 -141.21
motor2 -13.77 -53.61 -143.55 -6.45 -55.96 -140.04
motor1 -5.57 -53.32 -140.92 -6.15 -56.84 -141.21
motor2 -13.77 -53.61 -143.55 -6.45 -55.96 -139.75
motor1 -5.86 -53.32 -140.92 -6.15 -56.84 -141.21
motor2 -13.77 -53.61 -143.55 -6.45 -55.96 -136.82
motor1 -6.45 -53.32 -140.92 -5.57 -56.25 -135.35
motor2 -13.77 -53.61 -143.26 -6.15 -55.66 -130.66
motor1 -6.45 -53.32 -140.92 -4.10 -54.79 -129.49
motor2 -14.06 -53.61 -143.55 -6.15 -54.20 -122.17
motor1 -6.45 -53.32 -140.92 -3.81 -53.32 -123.34
motor2 -14.36 -53.61 -143.26 -6.15 -53.03 -113.67
motor1 -6.15 -53.32 -140.92 -3.81 -50.10 -115.14
motor2 -14.06 -53.61 -142.97 -5.86 -49.80 -106.05
motor1 -6.15 -53.32 -140.92 -4.10 -46.29 -105.18
motor2 -13.77 -53.91 -142.97 -5.86 -45.12 -96.68
motor1 -5.86 -53.32 -141.21 -4.69 -42.77 -96.09
motor2 -13.77 -53.91 -142.97 -5.86 -41.60 -89.94
motor1 -5.86 -54.20 -141.21 -4.69 -41.60 -90.53
motor2 -14.06 -54.20 -144.43 -6.15 -41.60 -88.77
motor1 -6.45 -55.66 -141.21 -4.69 -42.19 -91.11
motor2 -14.06 -54.20 -144.43 -6.15 -42.19 -88.77
motor1 -6.74 -57.13 -141.21 -4.69 -42.19 -91.11
motor2 -14.06 -54.20 -144.43 -5.86 -42.19 -88.77
motor1 -6.45 -58.30 -141.50 -4.69 -42.19 -91.11
motor2 -14.06 -54.20 -144.73 -6.15 -42.19 -88.77
motor1 -6.45 -58.59 -142.09 -4.69 -42.19 -91.11
motor2 -14.06 -54.20 -144.73 -6.15 -42.19 -88.77
motor1 -6.74 -60.35 -142.38 -4.69 -42.19 -91.11
motor2 -14.06 -54.20 -144.73 -6.15 -42.19 -88.77
motor1 -6.74 -61.23 -142.97 -4.69 -42.19 -91.11
motor2 -14.65 -54.20 -144.73 -6.15 -42.19 -88.77
motor1 -6.45 -61.52 -142.97 -4.69 -42.19 -91.11
motor2 -14.94 -54.20 -144.73 -6.15 -42.19 -88.77
motor1 -6.45 -62.40 -142.97 -4.69 -42.48 -91.11
motor2 -14.94 -55.96 -144.14 -6.15 -43.07 -88.77
motor1 -6.45 -65.33 -140.04 -4.39 -43.65 -91.11
motor2 -14.94 -62.99 -134.77 -6.15 -44.53 -88.18
motor1 -6.15 -66.21 -136.82 -4.39 -45.12 -90.23
motor2 -14.94 -67.97 -120.41 -6.15 -45.41 -88.18
motor1 -5.57 -62.40 -131.84 -4.69 -45.70 -90.23
motor2 -14.36 -65.04 -108.40 -6.15 -45.41 -88.18
motor1 -5.57 -59.47 -125.10 -4.98 -46.00 -90.23
motor2 -14.06 -60.94 -98.73 -6.15 -45.41 -88.18
motor1 -5.57 -56.54 -116.89 -5.27 -46.00 -90.23
motor2 -13.77 -55.66 -90.23 -6.15 -45.41 -88.18
motor1 -5.57 -54.20 -110.16 -5.27 -46.00 -90.23
motor2 -13.18 -50.98 -82.03 -6.15 -45.41 -88.18
motor1 -5.86 -51.86 -104.59 -5.27 -46.29 -90.23
motor2 -12.60 -46.29 -74.41 -6.15 -45.41 -88.18
motor1 -5.86 -50.39 -98.73 -5.27 -46.88 -90.23
motor2 -11.72 -40.72 -65.92 -6.15 -45.41 -88.18
motor1 -5.86 -47.46 -91.41 -5.27 -46.88 -90.23
motor2 -11.13 -33.98 -56.54 -6.15 -45.41 -88.77
motor1 -5.86 -41.31 -81.15 -5.27 -46.88 -90.23
motor2 -11.13 -26.37 -47.17 -6.15 -45.41 -88.77
motor1 -5.57 -35.45 -69.14 -5.57 -47.17 -90.23
motor2 -10.84 -20.80 -37.21 -6.15 -45.41 -88.77
motor1 -5.86 -29.88 -56.84 -5.57 -47.17 -90.23
motor2 -10.25 -15.82 -29.00 -6.15 -45.41 -88.77
motor1 -5.86 -24.90 -45.70 -5.57 -47.17 -90.23
motor2 -9.38 -11.13 -21.68 -6.15 -45.41 -88.18
motor1 -5.57 -19.34 -34.57 -5.57 -47.17 -90.23
motor2 -8.79 -6.45 -13.48 -6.15 -45.41 -88.18
motor1 -5.57 -14.65 -25.49 -5.57 -48.05 -90.23
motor2 -8.50 -2.93 -7.91 -6.15 -45.12 -88.77
motor1 -5.86 -10.55 -16.99 -5.57 -48.05 -90.23
motor2 -7.32 0.00 -3.22 -6.15 -45.41 -88.18
motor1 -5.86 -7.62 -11.43 -5.57 -48.05 -90.23
motor2 -6.74 2.64 -1.17 -6.15 -45.41 -88.77
motor1 -6.15 -6.45 -10.25 -5.57 -48.05 -90.23
motor2 -6.74 2.05 -1.76 -6.15 -45.41 -88.18
motor1 -6.15 -6.74 -10.25 -4.98 -48.05 -90.23
motor2 -7.32 2.64 -1.76 -6.15 -45.12 -88.77
motor1 -6.15 -6.45 -10.25 -4.98 -48.05 -90.23
motor2 -7.91 2.64 -1.76 -6.15 -45.12 -88.18
motor1 -6.15 -6.74 -10.25 -5.27 -48.05 -90.23
motor2 -7.91 2.64 -1.76 -6.15 -45.12 -88.77
motor1 -6.15 -6.74 -10.84 -4.98 -48.05 -90.23
motor2 -7.91 2.64 -1.76 -6.15 -45.12 -88.77
motor1 -6.15 -6.74 -10.84 -4.98 -47.75 -90.23
motor2 -7.91 2.64 -1.76 -6.15 -45.12 -88.77
motor1 -6.15 -6.74 -10.84 -5.86 -48.93 -88.18
motor2 -7.32 2.64 -2.34 -6.15 -43.36 -87.60
motor1 -6.45 -6.45 -10.84 -5.86 -48.05 -78.81
motor2 -7.32 2.64 -1.76 -4.39 -43.07 -81.45
motor1 -6.74 -6.74 -10.84 -6.15 -46.00 -68.55
motor2 -7.91 2.64 -1.76 -4.39 -39.55 -70.90
motor1 -6.74 -6.74 -10.84 -6.15 -42.48 -58.01
motor2 -7.91 2.64 -1.76 -4.39 -33.69 -58.89
motor1 -6.74 -6.74 -10.84 -6.45 -36.04 -46.29
motor2 -7.32 2.64 -1.76 -4.39 -27.54 -45.41
motor1 -6.74 -6.74 -10.84 -6.15 -29.59 -34.28
motor2 -7.91 2.64 -1.76 -4.39 -22.27 -33.69
motor1 -6.74 -6.74 -10.25 -6.15 -24.32 -24.90
motor2 -7.91 2.64 -1.76 -4.39 -17.29 -22.56
motor1 -6.74 -6.74 -10.25 -6.15 -17.58 -16.70
motor2 -7.91 2.64 -1.76 -4.39 -11.13 -12.01
motor1 -6.74 -6.74 -10.25 -6.15 -11.72 -9.08
motor2 -7.91 2.64 -2.34 -4.10 -6.45 -4.39
motor1 -6.74 -6.45 -10.25 -6.45 -7.03 -2.64
motor2 -7.32 2.64 -1.76 -3.81 -3.81 1.17
motor1 -6.74 -6.74 -10.84 -6.45 -4.69 -0.59
motor2 -7.32 2.64 -1.76 -4.10 -3.81 1.46
motor1 -6.74 -6.74 -10.84 -5.86 -4.69 -0.88
motor2 -7.91 2.64 -1.76 -4.10 -3.81 1.17
motor1 -6.74 -6.74 -10.25 -4.69 -4.69 -0.88
motor2 -7.32 2.64 -1.76 -4.10 -4.10 1.17
motor1 -7.03 -6.45 -10.84 -5.27 -4.69 -0.88
motor2 -7.32 2.64 -2.34 -4.10 -3.81 1.17
motor1 -6.74 -6.74 -10.84 -5.57 -4.69 -0.88
motor2 -7.32 2.64 -1.76 -4.10 -4.69 1.46
motor1 -7.03 -6.74 -10.25 -5.57 -7.91 -0.59
motor2 -7.32 2.64 -1.76 -4.10 -8.50 3.52
motor1 -6.74 -6.74 -10.84 -5.57 -13.48 0.88
motor2 -7.32 2.64 -1.76 -4.10 -17.58 7.03
motor1 -6.74 -6.74 -10.84 -5.86 -24.32 5.86
motor2 -7.91 2.64 -1.76 -4.10 -29.00 11.13
motor1 -6.74 -6.74 -10.25 -6.15 -35.74 9.96
motor2 -7.32 2.64 -1.76 -4.10 -40.72 14.94
motor1 -6.74 -6.74 -10.84 -5.86 -44.82 13.48
motor2 -7.32 2.64 -1.76 -4.10 -48.34 16.70
motor1 -6.74 -6.45 -10.25 -5.86 -47.75 13.77
motor2 -7.32 2.64 -1.76 -4.10 -48.05 16.11
motor1 -6.74 -6.74 -10.25 -5.86 -46.29 13.48
motor2 -7.91 2.64 -1.76 -4.10 -47.46 15.23
motor1 -6.74 -6.74 -10.84 -4.98 -46.00 13.48
motor2 -7.32 2.64 -2.34 -4.10 -47.46 15.23
motor1 -6.74 -6.74 -10.25 -4.98 -46.29 13.48
motor2 -7.91 2.64 -1.76 -4.10 -47.46 15.23
motor1 -6.74 -6.74 -10.84 -4.98 -46.29 13.18
motor2 -7.91 2.64 -1.76 -4.10 -47.46 15.23
motor1 -6.74 -6.74 -10.84 -4.98 -46.29 13.48
motor2 -7.32 2.64 -1.76 -4.10 -47.46 15.23
motor1 -6.74 -6.74 -10.25 -4.98 -46.00 13.48
motor2 -7.32 2.64 -1.76 -4.10 -47.46 15.23
motor1 -7.32 -6.74 -10.25 -4.98 -46.29 13.48
motor2 -7.91 2.64 -1.76 -4.10 -47.46 15.23
motor1 -8.50 -6.74 -10.84 -4.98 -46.29 13.48
motor2 -8.50 2.64 -1.76 -4.10 -47.46 15.23
motor1 -8.20 -6.74 -10.25 -4.98 -46.29 13.48
motor2 -8.79 2.34 -1.76 -4.10 -47.46 15.23
motor1 -7.91 -8.79 -9.67 -4.98 -46.29 13.48
motor2 -8.79 0.00 -1.76 -4.10 -47.46 15.23
motor1 -7.62 -13.48 -8.79 -4.69 -46.29 13.48
motor2 -8.50 -6.45 -1.76 -4.10 -47.46 15.23
motor1 -7.32 -25.78 -4.98 -4.69 -46.00 13.48
motor2 -8.50 -17.58 -1.46 -4.10 -47.46 15.23
motor1 -6.45 -41.02 -0.59 -5.27 -46.29 13.48
motor2 -8.79 -29.00 -1.46 -4.10 -47.46 15.23
motor1 -6.45 -53.91 3.22 -5.27 -46.00 13.48
motor2 -8.79 -41.02 -1.46 -4.10 -47.46 15.23
motor1 -6.45 -64.16 5.27 -5.27 -46.29 13.48
motor2 -8.79 -48.63 -1.46 -4.10 -47.46 14.94
motor1 -6.74 -67.09 5.27 -5.27 -46.00 13.18
motor2 -7.91 -53.03 -1.46 -4.10 -47.46 15.23
motor1 -6.74 -66.21 4.69 -5.27 -46.29 13.18
motor2 -7.32 -50.68 -1.76 -4.10 -47.46 15.23
motor1 -7.03 -65.33 4.69 -4.69 -46.29 13.48
motor2 -7.91 -50.68 -1.76 -4.69 -47.46 15.23
motor1 -6.74 -65.33 4.69 -4.69 -46.29 13.48
motor2 -7.91 -50.68 -1.76 -4.69 -47.46 15.23
motor1 -6.74 -65.33 4.69 -4.69 -46.00 13.48
motor2 -7.91 -50.68 -1.76 -4.69 -47.46 15.23
motor1 -6.74 -65.33 4.69 -4.69 -46.00 13.18
motor2 -7.91 -50.68 -1.76 -4.69 -47.46 15.23
motor1 -6.74 -65.33 4.69 -4.69 -46.29 13.18
motor2 -7.91 -50.68 -1.76 -4.69 -47.46 15.23
motor1 -6.74 -65.92 4.69 -4.69 -46.00 13.48
motor2 -7.91 -50.68 -1.76 -4.69 -47.46 15.23
motor1 -6.74 -65.33 4.69 -5.57 -47.17 13.77
motor2 -7.91 -50.68 -1.76 -4.69 -47.75 16.70
motor1 -6.74 -65.33 4.69 -6.15 -49.22 17.58
motor2 -7.91 -50.68 -1.76 -4.69 -49.22 20.21
motor1 -6.74 -65.33 4.69 -6.15 -53.32 26.95
motor2 -7.91 -50.68 -1.76 -4.69 -51.56 30.76
motor1 -6.74 -65.92 4.69 -6.15 -58.89 39.26
motor2 -7.91 -50.68 -1.76 -4.69 -55.96 43.07
motor1 -7.03 -65.33 4.69 -5.86 -64.75 51.56
motor2 -7.91 -50.68 -1.76 -4.69 -62.11 53.32
motor1 -6.74 -65.33 4.69 -5.57 -71.78 61.82
motor2 -7.91 -50.68 -1.76 -4.39 -69.14 63.28
motor1 -6.74 -65.33 4.69 -5.27 -76.76 70.02
motor2 -7.91 -50.68 -1.76 -4.39 -74.12 72.07
motor1 -6.74 -65.33 4.69 -3.81 -79.39 76.46
motor2 -7.91 -50.68 -1.76 -4.10 -76.76 81.15
motor1 -6.74 -65.33 4.69 -3.52 -79.39 79.98
motor2 -7.91 -50.68 -1.76 -3.81 -77.05 83.79
motor1 -6.74 -65.33 4.69 -3.81 -79.39 80.86
motor2 -7.91 -50.68 -1.76 -3.81 -76.76 83.79
motor1 -6.74 -65.92 4.69 -4.39 -78.22 79.98
motor2 -7.91 -50.68 -1.76 -3.81 -76.17 83.79
motor1 -6.74 -65.33 4.69 -4.10 -78.52 80.27
motor2 -7.91 -50.68 -1.76 -3.81 -76.46 83.50
motor1 -6.74 -65.92 4.69 -4.39 -78.22 79.98
motor2 -7.91 -50.68 -1.76 -3.81 -76.17 83.50
motor1 -6.74 -65.33 4.69 -4.39 -78.22 80.27
motor2 -7.91 -50.98 -1.76 -3.81 -76.46 83.79
motor1 -7.91 -64.75 4.39 -4.10 -78.22 79.98
motor2 -9.67 -50.10 -1.76 -3.81 -76.17 83.50
motor1 -7.91 -63.57 5.57 -4.69 -78.22 79.98
motor2 -9.96 -52.73 -1.17 -4.10 -76.17 83.50
motor1 -7.62 -67.09 10.55 -4.69 -78.22 79.98
motor2 -8.20 -57.13 3.52 -3.81 -76.17 83.50
motor1 -6.74 -72.36 20.80 -4.69 -78.22 79.98
motor2 -6.74 -62.70 12.89 -4.10 -76.17 83.50
motor1 -6.74 -77.05 31.93 -4.69 -78.22 79.98
motor2 -6.74 -68.26 21.68 -4.10 -76.17 83.50
motor1 -6.15 -80.86 43.95 -4.69 -78.22 79.98
motor2 -6.74 -73.83 31.35 -4.10 -76.17 83.79
motor1 -5.86 -82.62 53.32 -4.69 -78.22 79.98
motor2 -7.03 -81.15 40.43 -3.81 -76.17 83.50
motor1 -5.86 -83.79 61.82 -4.69 -78.22 79.98
motor2 -7.03 -87.01 47.75 -4.10 -76.17 83.50
motor1 -5.57 -83.79 68.26 -4.69 -78.22 79.98
motor2 -7.03 -91.11 52.73 -3.81 -76.17 83.50
motor1 -5.57 -83.50 71.78 -4.69 -78.22 79.98
motor2 -7.03 -92.29 54.20 -3.81 -76.17 83.50
motor1 -5.27 -83.50 72.95 -4.69 -78.22 79.98
motor2 -7.03 -92.29 54.20 -3.81 -76.46 83.50
motor1 -6.15 -81.74 72.66 -4.69 -78.22 79.98
motor2 -7.32 -91.99 54.20 -3.81 -76.17 83.50
motor1 -6.45 -81.74 72.66 -4.69 -78.22 79.98
motor2 -7.91 -91.70 54.20 -3.81 -76.17 83.50
motor1 -6.45 -81.74 72.66 -4.69 -78.52 79.98
motor2 -7.91 -91.70 54.20 -3.81 -76.17 83.79
motor1 -6.45 -81.74 72.66 -4.69 -78.22 79.98
motor2 -7.32 -91.99 54.20 -3.81 -76.17 83.79
motor1 -6.45 -81.74 72.66 -4.69 -78.22 79.98
motor2 -7.91 -91.99 54.20 -3.81 -76.46 83.50
motor1 -6.45 -81.74 72.66 -4.69 -78.22 79.98
motor2 -7.91 -91.70 54.20 -4.10 -76.17 83.50
motor1 -6.45 -81.74 72.66 -4.69 -78.22 77.34
motor2 -7.91 -91.70 54.20 -3.81 -74.71 79.98
motor1 -6.45 -81.74 72.66 -4.69 -77.34 71.78
motor2 -7.32 -91.70 54.20 -4.10 -72.36 74.71
motor1 -6.45 -81.74 72.66 -4.98 -76.17 62.99
motor2 -7.32 -91.70 54.20 -4.10 -69.14 68.26
motor1 -6.45 -81.74 72.36 -5.27 -75.29 54.20
motor2 -7.91 -91.99 54.20 -4.10 -66.50 60.64
motor1 -6.45 -81.74 72.66 -5.57 -73.24 45.41
motor2 -7.91 -91.70 54.20 -3.81 -62.11 52.15
motor1 -6.45 -81.74 72.66 -5.57 -70.31 36.62
motor2 -7.91 -91.70 54.20 -4.10 -56.84 42.48
motor1 -6.45 -81.74 72.36 -5.57 -67.68 29.30
motor2 -7.91 -91.70 54.20 -3.81 -52.73 33.40
motor1 -6.45 -81.74 72.66 -5.57 -63.28 21.39
motor2 -7.91 -91.70 54.20 -3.81 -47.46 24.90
motor1 -6.45 -81.74 72.66 -5.57 -59.47 14.06
motor2 -7.91 -91.70 54.20 -4.10 -42.19 17.58
motor1 -6.45 -81.74 72.66 -5.86 -56.84 8.20
motor2 -7.32 -91.99 54.20 -3.81 -36.62 11.43
motor1 -6.45 -81.74 72.66 -5.86 -54.20 2.34
motor2 -7.91 -91.70 54.20 -3.81 -34.28 7.32
motor1 -6.45 -81.74 72.66 -5.86 -52.44 -3.52
motor2 -7.91 -91.99 54.20 -3.81 -35.45 4.39
motor1 -6.45 -81.74 72.66 -5.86 -54.49 -7.91
motor2 -7.32 -91.70 54.20 -4.10 -37.79 1.46
motor1 -6.45 -81.74 72.66 -5.86 -57.42 -9.96
motor2 -7.91 -91.70 54.20 -4.10 -41.02 1.17
motor1 -6.45 -81.74 72.66 -5.86 -58.59 -10.55
motor2 -7.91 -91.99 54.20 -4.10 -47.75 3.22
motor1 -6.45 -81.74 72.66 -5.86 -61.23 -8.79
motor2 -7.91 -91.70 54.20 -4.10 -52.73 3.81
motor1 -6.45 -81.74 72.66 -5.86 -62.70 -6.74
motor2 -7.91 -91.99 54.20 -4.10 -55.08 3.52
motor1 -6.45 -81.74 72.66 -5.57 -64.16 -2.93
motor2 -7.91 -91.99 54.20 -3.81 -55.66 4.10
motor1 -6.45 -81.74 72.66 -5.27 -64.16 -0.29
motor2 -7.91 -91.99 54.20 -4.10 -55.96 4.10
motor1 -6.45 -81.74 72.66 -5.27 -63.87 -0.29
motor2 -7.91 -91.70 54.20 -4.10 -55.08 3.52
motor1 -6.45 -81.74 72.66 -4.98 -61.52 -0.59
motor2 -7.91 -91.99 53.91 -4.10 -53.91 2.64
motor1 -6.45 -81.74 72.66 -4.98 -61.82 -0.59
motor2 -7.91 -91.99 54.20 -4.10 -53.91 2.64
motor1 -6.45 -81.74 72.66 -4.98 -61.82 -0.59
motor2 -7.91 -91.99 54.20 -4.10 -53.91 2.64
motor1 -6.45 -81.74 72.66 -4.98 -61.82 -0.59
motor2 -7.32 -91.70 54.20 -4.10 -53.91 2.64
motor1 -6.45 -81.74 72.66 -4.98 -61.82 -0.59
motor2 -7.91 -91.99 54.20 -5.57 -57.13 4.98
motor1 -6.45 -81.74 72.07 -4.69 -62.11 -0.59
motor2 -7.91 -91.70 54.20 -5.57 -58.59 4.98
motor1 -6.45 -81.74 71.19 -4.69 -62.11 -0.59
motor2 -7.91 -91.99 54.20 -5.57 -56.84 3.81
motor1 -6.45 -81.74 71.48 -4.69 -62.11 -0.59
motor2 -7.91 -91.70 54.20 -5.57 -57.13 3.81
motor1 -7.32 -81.74 71.48 -4.69 -62.11 -0.59
motor2 -7.91 -91.70 54.20 -5.57 -57.13 3.81
motor1 -7.32 -81.74 70.61 -4.69 -62.11 -0.59
motor2 -7.91 -90.53 52.73 -5.57 -57.13 3.81
motor1 -7.03 -79.39 66.21 -4.69 -62.11 -0.59
motor2 -7.32 -84.08 48.93 -5.57 -57.13 3.81
motor1 -6.15 -74.71 60.06 -4.69 -62.11 -0.59
motor2 -7.91 -76.46 43.07 -5.57 -56.84 3.81
motor1 -5.57 -69.73 53.03 -4.69 -61.82 -0.59
motor2 -7.91 -69.43 36.62 -5.57 -57.13 3.81
motor1 -5.57 -64.75 45.12 -4.69 -61.82 -0.59
motor2 -9.08 -62.99 29.88 -5.57 -57.13 3.81
motor1 -5.86 -60.35 37.79 -4.69 -61.82 -0.59
motor2 -9.08 -57.13 23.44 -5.86 -57.13 3.81
motor1 -7.32 -55.96 30.47 -4.69 -62.11 -0.59
motor2 -9.38 -52.73 17.29 -5.27 -57.13 3.81
motor1 -7.62 -52.15 22.27 -4.69 -62.11 -0.59
motor2 -9.38 -48.63 11.72 -5.57 -57.13 3.81
motor1 -7.32 -49.80 16.41 -4.69 -61.82 -0.59
motor2 -9.38 -47.17 7.91 -5.57 -57.13 3.81
motor1 -7.32 -46.88 11.43 -4.69 -62.11 -0.59
motor2 -9.38 -46.88 4.69 -5.57 -57.13 3.81
motor1 -7.32 -46.00 9.38 -4.69 -61.82 -0.59
motor2 -9.38 -46.29 0.59 -5.57 -57.13 3.81
motor1 -7.32 -46.00 9.67 -4.69 -62.11 -0.59
motor2 -9.38 -46.88 -1.46 -5.57 -56.84 3.81
motor1 -7.62 -46.00 10.25 -4.69 -62.11 -0.59
motor2 -9.08 -47.75 -1.17 -5.57 -56.84 3.81
motor1 -7.91 -46.29 10.25 -4.69 -62.11 -0.59
motor2 -9.08 -47.17 -0.88 -5.57 -56.84 3.81
motor1 -7.62 -46.29 10.25 -4.69 -62.11 -0.59
motor2 -8.79 -46.88 -1.17 -5.57 -57.13 3.81
motor1 -7.62 -46.29 10.25 -4.69 -62.11 -0.59
motor2 -9.08 -46.88 -1.17 -5.57 -57.13 3.81
motor1 -7.62 -46.00 10.25 -4.69 -62.11 -0.59
motor2 -9.08 -46.88 -1.17 -5.57 -57.13 3.81
motor1 -7.62 -46.29 10.25 -4.69 -62.11 -0.59
motor2 -9.08 -46.88 -1.17 -5.57 -57.13 3.81
motor1 -7.62 -46.29 10.25 -4.69 -62.11 -0.59
motor2 -9.08 -46.88 -1.17 -5.57 -56.84 3.81
motor1 -7.62 -46.00 10.25 -4.69 -62.11 -0.59
motor2 -9.08 -46.88 -1.17 -5.57 -56.84 3.81
motor1 -7.32 -46.29 10.25 -4.69 -62.11 -0.59
motor2 -9.08 -46.88 -1.17 -5.27 -56.84 3.81
motor1 -7.32 -46.00 10.84 -4.69 -62.11 -0.59
motor2 -9.08 -47.17 0.59 -5.57 -57.13 3.81
motor1 -7.32 -46.00 12.30 -4.69 -62.11 -0.59
motor2 -9.08 -48.93 2.64 -5.57 -56.84 3.81
motor1 -7.03 -48.63 16.99 -4.69 -62.11 -0.59
motor2 -8.20 -51.86 8.20 -5.57 -57.13 3.81
motor1 -7.03 -53.91 25.78 -4.69 -62.11 -0.59
motor2 -7.32 -58.01 16.11 -5.57 -56.84 3.81
motor1 -7.03 -60.35 35.74 -4.69 -62.11 -0.59
motor2 -7.32 -65.33 25.78 -5.27 -57.13 3.81
motor1 -7.32 -67.09 45.41 -4.69 -62.11 -0.59
motor2 -7.32 -71.48 34.86 -5.57 -56.84 3.81
motor1 -7.32 -72.07 53.91 -4.69 -62.11 -0.59
motor2 -7.32 -77.93 43.95 -5.57 -57.13 3.81
motor1 -7.32 -75.29 61.52 -4.69 -61.82 -0.59
motor2 -7.32 -82.91 51.56 -5.57 -56.84 3.81
motor1 -7.32 -77.93 68.26 -4.69 -62.11 -0.59
motor2 -7.32 -87.01 57.42 -5.57 -56.84 3.81
motor1 -7.03 -78.52 73.24 -4.69 -62.11 -0.59
motor2 -7.91 -89.94 60.64 -5.57 -57.13 3.81
motor1 -6.74 -78.52 75.29 -4.69 -62.11 -0.59
motor2 -8.79 -90.82 60.94 -5.57 -57.13 3.81
motor1 -6.74 -78.52 75.29 -4.69 -62.11 -0.59
motor2 -8.79 -90.53 60.94 -5.57 -56.84 3.81
motor1 -6.74 -78.22 75.29 -4.69 -62.11 -0.59
motor2 -8.79 -90.53 60.94 -5.27 -57.13 3.81
motor1 -6.74 -78.22 75.29 -4.69 -61.82 -0.59
motor2 -8.79 -90.53 60.64 -5.57 -56.84 3.81
motor1 -6.74 -78.22 75.29 -4.69 -61.82 -0.59
motor2 -8.79 -90.53 60.64 -5.27 -56.84 3.81
motor1 -6.74 -78.22 75.29 -4.69 -62.11 -0.59
motor2 -8.79 -90.53 60.64 -5.57 -57.13 3.81
motor1 -6.74 -78.22 75.00 -4.69 -62.11 -0.59
motor2 -9.08 -90.53 60.94 -5.57 -57.13 3.81
motor1 -6.74 -78.22 75.29 -5.27 -62.99 -0.59
motor2 -8.79 -90.53 60.64 -4.69 -58.59 4.98
motor1 -6.74 -78.22 75.29 -5.86 -64.75 0.88
motor2 -8.79 -90.53 60.64 -4.10 -59.77 7.62
motor1 -6.74 -78.22 75.00 -5.86 -69.43 8.20
motor2 -8.79 -90.53 60.64 -3.81 -62.99 16.70
motor1 -6.74 -78.22 75.29 -5.86 -74.71 19.34
motor2 -9.08 -90.53 60.94 -3.81 -66.21 28.71
motor1 -6.74 -78.22 75.29 -5.86 -79.10 29.88
motor2 -8.79 -90.53 60.64 -4.10 -69.43 40.14
motor1 -6.74 -78.22 75.29 -5.27 -80.86 41.31
motor2 -8.79 -90.53 60.64 -3.81 -72.07 50.68
motor1 -6.74 -78.22 75.00 -4.98 -81.15 50.68
motor2 -8.79 -90.53 60.64 -3.81 -73.54 60.06
motor1 -6.74 -78.22 75.00 -4.69 -81.15 60.35
motor2 -8.79 -90.53 60.94 -3.81 -74.41 67.68
motor1 -6.74 -78.22 75.00 -4.10 -81.15 67.68
motor2 -8.79 -90.53 60.64 -3.81 -74.41 73.54
motor1 -6.74 -78.22 75.29 -3.81 -81.15 71.48
motor2 -9.08 -90.53 60.64 -4.10 -74.41 77.34
motor1 -6.74 -78.22 75.29 -3.81 -80.86 72.36
motor2 -8.79 -90.53 60.64 -4.10 -74.41 78.22
motor1 -6.74 -78.22 75.00 -4.39 -80.86 72.36
motor2 -8.79 -90.53 60.64 -4.10 -74.12 78.22
motor1 -6.74 -78.22 75.29 -4.69 -80.86 72.36
motor2 -8.79 -90.53 60.64 -4.10 -74.12 77.64
motor1 -6.74 -78.22 75.29 -4.69 -80.86 72.36
motor2 -8.79 -90.53 60.64 -4.10 -74.12 78.22
motor1 -6.74 -78.22 75.29 -4.69 -80.86 72.36
motor2 -9.08 -90.53 60.94 -4.10 -74.41 78.22
motor1 -6.74 -78.22 75.29 -4.69 -80.86 72.36
motor2 -8.79 -90.53 60.64 -4.10 -74.12 78.22
motor1 -6.74 -78.22 75.29 -4.69 -80.86 72.66
motor2 -9.08 -90.53 60.64 -4.10 -74.12 77.64
motor1 -6.45 -78.22 75.29 -4.69 -81.15 72.36
motor2 -9.08 -90.53 60.64 -4.10 -74.12 78.22
motor1 -6.74 -78.22 75.29 -4.69 -81.15 72.36
motor2 -8.79 -90.53 60.64 -4.10 -74.12 78.22
motor1 -6.74 -78.22 75.29 -4.69 -80.86 72.36
motor2 -8.79 -90.53 60.64 -4.10 -74.12 78.22
motor1 -6.74 -78.22 75.29 -4.69 -81.15 72.36
motor2 -8.79 -90.53 60.94 -4.10 -74.12 78.22
motor1 -6.74 -78.22 75.00 -4.69 -81.15 72.36
motor2 -8.79 -90.53 60.64 -4.10 -74.12 78.22
motor1 -6.74 -78.22 75.29 -4.69 -81.15 72.36
motor2 -8.79 -90.53 60.94 -4.10 -74.41 77.64
motor1 -6.74 -78.22 75.00 -4.69 -81.15 72.36
motor2 -8.79 -90.53 60.94 -4.10 -74.12 78.22
motor1 -6.74 -78.22 75.29 -4.69 -80.86 72.36
motor2 -8.79 -90.53 60.64 -4.10 -74.12 78.22
motor1 -6.74 -78.22 75.29 -4.69 -80.86 72.36
motor2 -8.79 -90.53 60.64 -4.10 -74.12 78.22
motor1 -6.74 -78.22 75.29 -4.69 -81.15 72.36
motor2 -8.79 -90.53 60.64 -4.10 -74.12 78.22
motor1 -6.74 -78.22 75.29 -4.69 -81.15 72.36
motor2 -9.08 -90.53 60.94 -4.10 -74.12 78.22
motor1 -6.74 -78.22 75.29 -4.69 -80.86 72.36
motor2 -8.79 -90.53 60.94 -4.10 -74.12 78.22
motor1 -6.74 -78.22 75.29 -4.69 -81.15 72.36
motor2 -8.79 -90.53 60.64 -4.10 -74.12 77.05
motor1 -6.74 -78.22 75.00 -4.69 -80.86 72.36
motor2 -9.08 -90.53 60.64 -4.10 -74.12 76.76
motor1 -6.74 -78.22 75.29 -4.69 -80.57 72.36
motor2 -8.79 -90.53 60.64 -4.10 -74.12 76.76
motor1 -6.74 -78.22 75.29 -4.69 -80.86 72.36
motor2 -8.79 -90.53 60.94 -4.10 -74.12 76.76
motor1 -6.74 -78.22 75.00 -4.69 -80.57 72.36
motor2 -9.08 -90.53 60.64 -4.10 -74.12 76.76
motor1 -6.74 -78.22 75.00 -4.69 -80.57 72.36
motor2 -8.79 -90.53 60.64 -4.10 -74.12 76.76
motor1 -6.45 -78.22 75.29 -4.69 -80.57 72.36
motor2 -9.08 -90.53 60.94 -4.10 -74.12 76.76
motor1 -6.74 -78.22 75.29 -4.69 -80.57 72.36
motor2 -9.08 -90.53 60.64 -4.10 -74.12 76.76
motor1 -6.74 -78.22 75.29 -4.69 -80.57 72.36
motor2 -8.79 -90.53 60.94 -4.10 -74.12 76.76
motor1 -6.74 -77.64 74.71 -4.69 -80.57 72.36
motor2 -8.79 -88.48 58.89 -4.10 -74.12 76.76
motor1 -6.15 -75.29 69.73 -4.69 -80.57 72.36
motor2 -7.91 -83.79 54.20 -4.10 -74.12 76.76
motor1 -6.15 -71.19 61.82 -4.69 -80.57 72.36
motor2 -7.32 -75.59 45.70 -4.10 -74.12 76.76
motor1 -6.15 -67.68 50.68 -4.69 -80.86 72.36
motor2 -7.32 -70.02 36.33 -4.10 -74.12 76.76
motor1 -6.15 -64.16 38.67 -4.69 -80.86 72.36
motor2 -7.32 -64.75 27.54 -4.10 -74.12 76.76
motor1 -6.15 -61.23 27.54 -4.69 -80.57 72.36
motor2 -7.32 -62.70 19.92 -4.10 -74.12 76.76
motor1 -6.15 -59.47 17.29 -4.69 -80.57 72.36
motor2 -7.03 -62.70 12.01 -4.10 -74.12 76.76
motor1 -6.15 -59.18 8.50 -4.69 -80.57 72.36
motor2 -7.03 -63.57 6.15 -4.10 -74.12 76.76
motor1 -6.15 -59.47 2.93 -4.69 -80.86 72.36
motor2 -7.32 -63.87 2.34 -4.10 -74.12 76.76
motor1 -5.86 -61.52 0.29 -4.69 -80.57 72.36
motor2 -7.91 -62.99 0.59 -4.10 -74.12 76.76
motor1 -6.15 -61.52 0.00 -4.69 -80.57 72.36
motor2 -8.20 -62.70 0.59 -4.10 -74.12 76.76
motor1 -6.45 -61.52 0.00 -4.39 -80.86 72.36
motor2 -8.50 -61.82 0.59 -4.10 -74.12 76.76
motor1 -6.45 -60.35 -0.59 -4.39 -80.57 72.36
motor2 -8.50 -60.35 0.88 -4.10 -74.12 76.76
motor1 -6.74 -60.06 -1.17 -4.69 -80.57 72.36
motor2 -8.50 -59.77 0.88 -4.10 -74.12 76.76
motor1 -7.03 -60.06 -0.88 -4.69 -80.57 72.07
motor2 -8.50 -59.77 0.88 -4.10 -74.12 76.76
motor1 -7.62 -60.06 -0.88 -4.39 -80.57 72.36
motor2 -8.20 -59.18 0.88 -4.10 -74.12 76.76
motor1 -7.62 -58.89 -0.88 -4.69 -80.57 72.36
motor2 -8.50 -55.08 0.88 -4.10 -74.12 76.76
motor1 -7.32 -55.37 -2.93 -4.39 -80.57 72.36
motor2 -8.79 -48.05 0.88 -4.10 -74.12 76.76
motor1 -7.32 -48.34 -5.57 -4.39 -80.86 72.36
motor2 -8.50 -40.43 0.88 -4.10 -74.12 76.76
motor1 -7.32 -40.43 -8.20 -4.69 -80.57 72.36
motor2 -8.50 -31.05 0.88 -4.10 -74.12 76.76
motor1 -7.03 -31.93 -10.25 -4.39 -80.57 72.36
motor2 -8.50 -21.09 0.88 -4.10 -74.12 76.76
motor1 -7.03 -23.14 -10.84 -4.69 -80.57 72.36
motor2 -7.91 -12.01 0.59 -4.10 -74.12 76.76
motor1 -7.03 -16.11 -10.84 -4.39 -80.57 72.36
motor2 -7.32 -3.81 0.88 -4.10 -74.12 76.76
motor1 -7.03 -9.96 -9.67 -4.39 -80.57 72.36
motor2 -6.74 2.64 0.59 -4.10 -74.12 76.76
motor1 -6.74 -7.03 -9.08 -4.39 -80.86 72.36
motor2 -6.45 3.81 0.88 -4.10 -74.12 76.76
motor1 -7.03 -6.74 -8.20 -4.69 -80.57 72.36
motor2 -6.15 4.10 0.88 -4.10 -74.12 76.76
motor1 -7.03 -6.45 -8.50 -4.39 -80.86 72.07
motor2 -6.15 3.81 1.17 -4.10 -74.12 76.76
motor1 -7.03 -6.45 -9.38 -4.39 -80.57 72.36
motor2 -6.74 3.81 0.88 -4.10 -74.12 76.76
motor1 -6.45 -6.45 -9.67 -4.39 -80.86 72.36
motor2 -6.74 3.81 1.17 -4.10 -74.12 76.76
motor1 -6.45 -6.45 -9.67 -4.69 -80.86 72.36
motor2 -6.74 3.81 0.88 -4.10 -74.12 76.76
motor1 -6.45 -6.45 -9.67 -4.39 -80.86 72.36
motor2 -6.74 3.81 0.88 -4.10 -74.12 76.76
motor1 -6.45 -6.45 -9.67 -4.69 -80.86 72.36
motor2 -7.03 3.52 0.88 -3.81 -74.12 76.76
motor1 -6.45 -6.45 -9.38 -4.69 -80.57 72.36
motor2 -7.03 3.52 0.88 -4.10 -74.12 77.34
motor1 -6.45 -6.45 -9.38 -4.69 -82.03 70.02
motor2 -6.74 3.52 1.17 -4.69 -73.54 73.83
motor1 -6.45 -6.45 -9.67 -4.69 -79.98 64.75
motor2 -6.74 3.52 0.88 -4.69 -72.36 65.04
motor1 -6.45 -6.45 -9.67 -5.27 -79.39 55.96
motor2 -6.74 3.81 1.17 -4.10 -72.07 54.49
motor1 -6.45 -6.45 -9.67 -5.57 -79.98 44.24
motor2 -6.74 3.81 0.88 -3.81 -72.36 41.60
motor1 -6.45 -6.45 -9.67 -5.57 -79.98 32.81
motor2 -6.74 3.52 0.88 -3.81 -72.36 29.59
motor1 -6.45 -6.45 -9.67 -5.57 -80.27 21.09
motor2 -6.74 3.81 0.88 -4.10 -72.95 18.75
motor1 -6.45 -6.45 -9.67 -5.86 -80.86 10.84
motor2 -6.74 2.93 0.88 -3.81 -72.95 9.96
motor1 -6.45 -6.45 -9.38 -5.86 -80.57 3.52
motor2 -6.74 3.22 1.17 -4.10 -72.95 4.98
motor1 -6.45 -6.45 -9.67 -6.15 -80.86 0.29
motor2 -7.03 3.52 1.17 -3.81 -72.95 3.81
motor1 -6.45 -6.45 -9.38 -5.86 -80.86 0.29
motor2 -6.74 3.52 0.88 -3.81 -72.95 3.52
motor1 -6.45 -6.45 -9.38 -5.57 -78.52 0.29
motor2 -6.74 3.52 1.17 -4.10 -70.02 3.81
motor1 -6.45 -6.45 -9.67 -5.27 -73.54 0.29
motor2 -7.03 3.52 0.88 -4.10 -62.11 3.52
motor1 -6.45 -6.45 -9.67 -5.27 -64.45 0.00
motor2 -7.03 3.52 0.88 -4.10 -51.86 3.22
motor1 -6.45 -6.45 -9.38 -5.86 -55.08 0.00
motor2 -7.03 3.52 0.88 -4.10 -42.77 1.17
motor1 -6.45 -6.45 -9.38 -6.45 -44.82 -0.59
motor2 -7.03 3.52 0.88 -2.93 -33.69 0.00
motor1 -6.45 -6.45 -9.67 -6.45 -34.28 -1.76
motor2 -6.74 3.52 0.88 -1.46 -24.61 -0.88
motor1 -6.45 -6.45 -9.38 -6.15 -25.78 -2.64
motor2 -6.74 3.52 0.88 -1.46 -16.11 -2.64
motor1 -6.45 -6.45 -9.67 -5.57 -18.16 -2.64
motor2 -6.74 3.52 1.17 -1.46 -7.91 -2.93
motor1 -6.45 -6.45 -9.67 -5.86 -12.01 -2.64
motor2 -6.74 3.52 1.17 -1.46 -1.76 -2.64
motor1 -6.45 -6.45 -9.38 -5.86 -7.32 -2.64
motor2 -6.74 3.52 1.17 -1.46 0.88 -1.17
motor1 -6.45 -6.45 -9.67 -5.57 -5.57 -2.34
motor2 -6.74 3.52 0.88 -1.17 1.46 -1.17
motor1 -6.45 -6.45 -9.67 -5.57 -4.98 -1.76
motor2 -6.74 3.52 0.88 -1.46 1.76 -1.17
motor1 -6.45 -6.45 -9.38 -5.86 -3.52 -2.34
motor2 -6.74 3.52 0.88 -1.17 1.46 -1.17
motor1 -6.45 -6.45 -9.38 -5.57 -2.34 -1.76
motor2 -6.74 3.52 0.88 -1.46 1.46 -1.46
motor1 -6.45 -6.45 -9.67 -4.98 -2.34 -2.34
motor2 -6.74 3.52 1.17 -1.46 1.46 -1.46
motor1 -6.45 -6.45 -9.67 -4.98 -2.64 -2.34
motor2 -6.74 3.52 0.88 -1.46 1.46 -1.46
motor1 -6.45 -6.45 -9.67 -5.27 -2.34 -2.34
motor2 -6.74 3.52 0.88 -1.46 1.46 -1.46
motor1 -6.45 -6.45 -9.67 -4.98 -2.34 -1.76
motor2 -6.74 3.52 0.88 -0.29 1.46 -1.46
motor1 -6.45 -6.45 -9.67 -5.27 -2.34 -2.34
motor2 -7.03 3.52 0.88 2.64 1.46 -1.46
motor1 -6.45 -6.45 -9.38 -4.98 -2.34 -1.76
motor2 -7.03 3.52 0.88 6.15 1.17 -1.46
motor1 -7.03 -6.45 -9.38 -5.57 -2.64 -1.76
motor2 -8.50 3.52 0.88 7.62 0.88 -1.46
motor1 -6.15 -6.45 -8.50 -4.69 -2.64 -1.76
motor2 -6.74 3.52 0.88 7.03 1.17 -1.76
motor1 -6.15 -6.45 -9.08 -4.39 -2.64 -1.76
motor2 -6.74 3.52 1.17 7.03 1.46 -1.76
motor1 -6.15 -6.45 -9.38 -4.69 -2.93 -1.46
motor2 -7.03 3.52 0.88 5.86 -0.29 -4.39
motor1 -5.57 -5.86 -12.60 -5.57 -4.98 -1.46
motor2 -7.03 2.05 1.17 5.86 1.46 -13.48
motor1 -5.27 -1.46 -20.80 -5.86 -5.27 -0.88
motor2 -7.91 1.46 2.93 5.57 4.39 -24.32
motor1 -5.27 2.93 -31.35 -5.86 -5.27 -0.29
motor2 -7.91 0.88 2.93 5.57 5.86 -35.74
motor1 -5.27 6.74 -44.53 -5.86 -5.27 -0.29
motor2 -7.91 0.88 3.22 5.57 7.62 -44.82
motor1 -5.57 9.67 -59.47 -4.69 -3.52 -0.59
motor2 -7.91 2.64 2.93 6.15 8.20 -55.96
motor1 -6.15 12.30 -74.12 -4.39 -3.52 -0.59
motor2 -8.79 0.59 3.22 7.32 9.38 -66.21
motor1 -7.32 9.38 -88.48 -4.69 -5.57 0.00
motor2 -7.32 -1.17 3.52 7.91 9.08 -78.81
motor1 -7.62 5.57 -98.73 -5.57 -7.91 0.29
motor2 -6.74 -5.86 3.81 7.91 3.22 -91.11
motor1 -7.32 0.88 -107.52 -6.15 -10.84 0.59
motor2 -6.45 -12.60 4.10 7.91 -7.91 -104.59
motor1 -7.03 -8.50 -114.84 -6.74 -13.48 0.29
motor2 -6.45 -17.58 4.39 7.62 -21.39 -115.14
motor1 -7.03 -19.92 -120.70 -7.62 -13.48 0.00
motor2 -6.15 -16.11 4.10 7.03 -33.69 -124.22
motor1 -7.03 -32.23 -126.56 -6.74 -12.60 0.00
motor2 -6.15 -15.82 4.10 6.15 -46.00 -133.30
motor1 -7.03 -43.07 -131.84 -6.74 -11.13 0.00
motor2 -6.74 -15.82 4.10 6.15 -52.73 -138.87
motor1 -6.74 -50.68 -137.11 -6.45 -11.13 -0.29
motor2 -7.03 -15.82 4.10 6.15 -55.66 -140.62
motor1 -6.74 -55.66 -141.50 -5.57 -11.13 -0.29
motor2 -6.74 -15.82 4.10 5.27 -57.42 -141.80
motor1 -6.45 -58.59 -142.97 -5.27 -11.13 0.00
motor2 -7.03 -15.82 4.10 5.27 -58.89 -141.80
motor1 -4.98 -58.89 -142.97 -5.27 -11.13 -0.29
motor2 -7.03 -15.82 4.10 4.98 -59.18 -142.09
motor1 -4.10 -59.18 -143.26 -5.57 -11.13 0.00
motor2 -6.74 -15.82 4.10 4.98 -59.47 -142.09
motor1 -4.39 -59.18 -143.26 -5.27 -11.13 0.00
motor2 -7.03 -15.82 4.10 5.86 -59.18 -141.80
motor1 -5.27 -58.59 -142.97 -5.27 -11.13 0.00
motor2 -7.03 -15.82 4.10 5.86 -59.18 -141.80
motor1 -5.27 -58.59 -142.97 -5.27 -11.13 0.00
motor2 -6.74 -15.82 4.10 5.86 -59.18 -141.80
motor1 -5.27 -58.59 -142.68 -5.27 -11.13 0.00
motor2 -7.03 -15.82 4.10 5.86 -59.18 -141.80
motor1 -5.27 -58.59 -142.68 -5.27 -11.13 -0.29
motor2 -7.03 -15.82 4.10 5.86 -59.18 -141.80
motor1 -5.27 -58.59 -142.97 -5.27 -11.13 -0.29
motor2 -7.03 -14.65 3.81 5.86 -59.18 -141.80
motor1 -5.27 -58.59 -142.68 -4.98 -10.55 -0.88
motor2 -7.03 -16.11 2.05 5.86 -59.18 -141.80
motor1 -5.86 -58.89 -142.68 -7.91 -12.01 -1.76
motor2 -4.39 -15.23 -5.57 5.86 -59.18 -141.80
motor1 -5.86 -58.59 -142.09 -10.55 -12.60 -7.62
motor2 -3.81 -13.77 -20.80 5.86 -59.18 -141.80
motor1 -5.57 -58.59 -142.09 -10.84 -12.60 -16.70
motor2 -3.81 -13.48 -36.62 6.15 -58.30 -141.80
motor1 -5.86 -58.89 -142.09 -10.84 -12.60 -27.25
motor2 -3.52 -13.48 -50.98 6.15 -58.30 -141.80
motor1 -5.57 -58.59 -141.50 -11.72 -13.18 -36.91
motor2 -3.22 -13.48 -63.57 6.15 -58.01 -141.80
motor1 -6.15 -58.59 -142.09 -13.48 -13.48 -45.12
motor2 -2.34 -13.77 -72.36 6.15 -58.01 -141.80
motor1 -7.03 -58.59 -142.38 -14.06 -14.94 -53.61
motor2 -1.17 -14.36 -78.81 6.15 -58.01 -141.80
motor1 -7.32 -59.18 -142.97 -13.18 -17.29 -62.40
motor2 -1.17 -16.41 -82.03 5.86 -58.01 -141.80
motor1 -7.03 -59.18 -142.97 -11.13 -18.75 -72.66
motor2 -6.15 -16.41 -85.55 7.32 -58.30 -141.80
motor1 -5.27 -59.18 -142.68 -10.84 -23.14 -86.13
motor2 -7.32 -18.46 -92.58 7.32 -58.59 -141.80
motor1 -6.74 -59.18 -142.68 -10.84 -29.88 -104.30
motor2 -5.86 -25.20 -101.66 5.57 -59.18 -141.80
motor1 -6.74 -58.89 -142.97 -10.84 -37.79 -119.82
motor2 -5.86 -33.98 -111.04 5.57 -59.47 -141.80
motor1 -6.74 -58.89 -143.55 -10.55 -46.88 -130.37
motor2 -5.86 -42.77 -119.53 5.57 -59.47 -141.80
motor1 -7.03 -59.18 -143.55 -9.96 -56.84 -137.40
motor2 -5.86 -50.98 -127.73 5.57 -59.47 -141.80
motor1 -7.03 -59.18 -143.55 -8.79 -62.11 -140.92
motor2 -6.15 -56.84 -136.52 5.57 -59.18 -141.80
motor1 -7.03 -59.18 -143.55 -7.03 -64.16 -140.92
motor2 -6.15 -58.89 -141.50 5.57 -59.47 -141.80
motor1 -7.03 -59.18 -143.55 -7.03 -64.45 -140.92
motor2 -6.15 -59.18 -141.50 5.57 -59.47 -141.80
motor1 -7.03 -58.89 -143.55 -7.03 -64.45 -140.92
motor2 -6.45 -59.18 -141.50 5.57 -59.47 -141.80
motor1 -7.03 -58.89 -143.55 -7.03 -64.45 -140.92
motor2 -6.45 -59.18 -141.50 5.57 -59.18 -141.80
motor1 -7.03 -58.89 -143.55 -7.03 -64.45 -140.92
motor2 -6.45 -59.18 -141.50 5.57 -59.18 -141.80
motor1 -7.03 -59.18 -143.26 -7.03 -64.45 -140.92
motor2 -6.45 -59.18 -141.21 5.57 -59.47 -141.80
motor1 -7.03 -58.89 -143.26 -7.03 -64.45 -140.92
motor2 -6.45 -59.18 -141.50 5.57 -59.47 -141.80
motor1 -7.03 -58.89 -143.55 -7.03 -64.45 -140.92
motor2 -6.45 -59.18 -141.50 5.57 -59.18 -141.80
motor1 -7.03 -58.89 -143.55 -7.03 -64.45 -140.92
motor2 -6.45 -59.18 -141.21 5.57 -59.47 -141.80
motor1 -7.03 -59.18 -143.26 -7.03 -64.45 -140.92
motor2 -6.45 -59.18 -141.50 5.57 -59.47 -141.80
motor1 -6.74 -58.89 -143.55 -7.03 -64.45 -140.92
motor2 -6.45 -59.18 -141.50 5.57 -59.18 -141.80
motor1 -7.03 -58.89 -143.26 -7.03 -64.45 -140.92
motor2 -6.45 -59.18 -141.50 5.57 -59.47 -141.80
motor1 -7.03 -59.18 -143.26 -7.03 -64.45 -140.92
motor2 -6.45 -59.18 -141.50 5.57 -59.18 -141.80
motor1 -6.74 -58.89 -143.55 -7.03 -64.45 -140.92
motor2 -6.45 -59.18 -141.50 5.57 -59.18 -141.80
motor1 -7.03 -58.89 -143.55 -7.03 -64.45 -140.92
motor2 -6.45 -59.18 -141.50 5.57 -59.47 -141.80
motor1 -7.03 -58.89 -143.26 -7.03 -64.45 -140.92
motor2 -6.45 -59.18 -141.50 5.57 -59.47 -141.80
motor1 -6.74 -58.89 -143.26 -7.03 -64.45 -140.92
motor2 -6.45 -59.18 -141.21 5.57 -59.18 -141.80
motor1 -7.03 -59.18 -143.26 -7.03 -64.45 -140.92
motor2 -6.45 -59.18 -141.50 5.57 -59.18 -141.80
motor1 -7.03 -59.18 -143.55 -7.03 -64.45 -140.92
motor2 -6.45 -59.18 -141.50 5.57 -59.47 -141.80
motor1 -7.03 -58.89 -143.55 -7.03 -64.45 -140.92
motor2 -6.45 -59.18 -141.50 5.57 -59.18 -141.80
motor1 -7.03 -58.89 -143.55 -7.03 -64.45 -140.92
motor2 -6.45 -59.18 -141.21 5.57 -59.18 -141.80
motor1 -7.03 -59.18 -143.55 -7.03 -64.45 -140.92
motor2 -6.45 -59.18 -141.21 5.57 -59.47 -141.80
motor1 -7.03 -59.18 -143.55 -7.03 -64.45 -140.92
motor2 -6.45 -59.18 -141.50 5.57 -59.47 -141.80
motor1 -7.03 -58.89 -143.55 -7.03 -64.45 -140.92
motor2 -6.45 -59.18 -141.21 5.57 -59.47 -141.80
motor1 -7.03 -58.89 -143.55 -7.03 -64.45 -140.92
motor2 -6.45 -59.18 -141.50 5.57 -59.47 -141.80
