specialmove
motor1 6.45 -58.01 -144.14 19.63 -57.13 -142.97
motor2 9.08 -48.63 -146.78 10.84 -55.66 -142.97
motor1 6.45 -58.01 -144.14 19.63 -57.13 -142.97
motor2 9.08 -48.93 -146.78 11.13 -55.66 -142.97
motor1 6.45 -57.71 -144.14 19.63 -57.13 -142.97
motor2 9.08 -48.63 -146.78 10.84 -55.66 -142.97
motor1 6.45 -58.01 -144.14 19.63 -57.13 -142.97
motor2 9.08 -48.63 -146.78 11.13 -55.66 -142.97
motor1 6.45 -58.01 -144.14 19.63 -57.13 -143.26
motor2 9.08 -48.63 -146.78 11.13 -55.66 -142.97
motor1 6.45 -58.01 -144.14 19.63 -56.84 -142.97
motor2 9.08 -48.63 -146.78 10.84 -55.66 -142.97
motor1 6.45 -57.71 -144.14 19.63 -57.13 -142.97
motor2 9.08 -48.63 -146.78 10.84 -55.66 -142.68
motor1 7.32 -58.01 -144.14 19.04 -57.13 -142.97
motor2 8.79 -48.93 -146.78 10.84 -55.66 -142.97
motor1 7.62 -58.01 -144.14 17.87 -57.42 -142.97
motor2 8.79 -48.93 -146.78 11.43 -55.66 -142.97
motor1 8.20 -58.01 -144.14 16.99 -57.42 -142.97
motor2 9.08 -48.93 -146.78 11.13 -55.08 -142.97
motor1 7.91 -58.01 -144.14 16.70 -57.42 -142.97
motor2 9.08 -48.93 -146.78 11.13 -55.66 -142.97
motor1 7.91 -58.01 -144.14 16.70 -57.13 -142.97
motor2 9.08 -48.63 -146.78 11.43 -55.08 -141.21
motor1 7.32 -58.01 -144.14 16.41 -56.84 -141.80
motor2 8.50 -48.34 -146.48 11.13 -54.79 -139.75
motor1 7.62 -57.71 -144.14 16.41 -56.54 -138.87
motor2 8.50 -48.05 -146.78 11.43 -54.49 -136.23
motor1 7.62 -58.01 -144.14 16.41 -55.66 -134.47
motor2 8.50 -48.05 -146.78 11.43 -53.91 -130.96
motor1 7.62 -58.01 -144.14 16.41 -55.08 -130.66
motor2 8.50 -48.05 -146.78 11.43 -53.03 -125.68
motor1 7.32 -58.01 -144.14 16.41 -54.49 -127.15
motor2 8.50 -48.05 -146.78 11.13 -52.73 -119.82
motor1 7.32 -58.01 -144.14 16.11 -53.32 -121.29
motor2 9.08 -48.34 -146.78 10.84 -51.27 -113.38
motor1 6.15 -58.01 -144.14 14.65 -52.44 -115.43
motor2 9.38 -48.63 -146.78 10.84 -48.93 -106.93
motor1 5.57 -57.71 -144.14 13.77 -48.93 -110.74
motor2 9.38 -48.63 -146.78 10.84 -47.75 -104.88
motor1 6.15 -58.01 -144.14 13.77 -49.22 -110.16
motor2 9.38 -50.68 -146.78 10.84 -48.93 -104.88
motor1 6.15 -58.30 -144.14 14.94 -50.39 -110.16
motor2 9.38 -53.03 -146.78 10.84 -48.93 -105.47
motor1 6.15 -58.30 -144.14 14.94 -50.39 -110.16
motor2 9.08 -53.32 -146.78 10.84 -49.22 -104.88
motor1 6.15 -58.30 -144.14 14.94 -50.39 -110.16
motor2 9.08 -53.32 -146.78 10.84 -49.51 -104.88
motor1 6.45 -58.30 -144.14 14.94 -50.39 -110.45
motor2 9.08 -53.61 -146.78 10.84 -49.51 -105.47
motor1 6.45 -58.30 -144.14 14.94 -50.39 -110.45
motor2 9.08 -53.61 -146.78 10.84 -49.51 -104.88
motor1 6.45 -58.30 -144.14 14.94 -50.68 -110.45
motor2 9.08 -55.08 -146.78 10.84 -49.51 -105.47
motor1 6.45 -58.30 -142.97 14.94 -50.68 -110.45
motor2 9.08 -55.37 -146.19 10.84 -49.51 -104.88
motor1 6.15 -58.59 -137.11 14.94 -50.98 -110.45
motor2 9.08 -55.08 -142.97 10.84 -49.51 -105.47
motor1 6.45 -58.59 -128.61 14.94 -50.68 -110.45
motor2 7.91 -53.91 -134.47 10.84 -49.51 -105.47
motor1 6.45 -56.54 -122.17 14.94 -50.68 -110.45
motor2 7.32 -53.61 -126.27 10.84 -49.80 -104.88
motor1 6.45 -55.96 -117.19 14.94 -51.27 -110.45
motor2 7.32 -53.32 -118.65 10.84 -50.68 -105.47
motor1 6.45 -55.96 -111.91 14.94 -53.32 -110.16
motor2 7.32 -53.03 -108.69 10.84 -53.91 -104.88
motor1 6.45 -54.49 -106.64 14.94 -56.25 -110.16
motor2 7.03 -51.56 -100.49 10.84 -54.20 -104.88
motor1 6.45 -51.56 -102.25 14.94 -56.54 -110.16
motor2 7.03 -48.34 -93.46 10.84 -54.20 -104.88
motor1 6.45 -50.10 -97.56 14.94 -56.84 -110.16
motor2 7.32 -45.41 -87.60 10.84 -54.20 -104.88
motor1 6.45 -48.34 -92.58 14.94 -57.13 -110.16
motor2 7.03 -41.89 -80.57 10.84 -54.20 -104.88
motor1 6.45 -46.00 -84.96 14.94 -57.42 -110.16
motor2 7.32 -36.33 -72.07 10.84 -54.20 -104.88
motor1 6.45 -42.77 -77.64 14.94 -57.42 -110.16
motor2 7.32 -30.47 -62.40 10.84 -54.20 -104.88
motor1 6.74 -38.67 -67.97 14.94 -57.42 -110.16
motor2 7.03 -24.90 -51.86 10.84 -54.20 -104.88
motor1 6.74 -33.11 -58.01 14.94 -58.30 -110.16
motor2 6.74 -19.34 -43.65 10.84 -54.20 -104.88
motor1 7.03 -28.71 -47.46 14.94 -58.59 -110.16
motor2 6.74 -14.36 -36.33 10.84 -54.20 -104.88
motor1 6.74 -23.44 -37.21 14.94 -58.59 -110.16
motor2 6.74 -9.67 -28.12 10.84 -54.20 -104.88
motor1 7.03 -18.16 -27.83 14.94 -58.59 -110.16
motor2 6.74 -5.57 -20.80 10.84 -54.20 -104.88
motor1 7.32 -12.30 -19.92 14.94 -58.59 -110.16
motor2 6.45 -1.46 -14.06 10.84 -54.20 -104.88
motor1 7.32 -7.62 -12.60 14.94 -58.59 -110.16
motor2 6.45 2.64 -6.45 10.84 -54.20 -104.88
motor1 7.32 -3.52 -7.91 14.94 -58.59 -110.16
motor2 6.15 4.39 -1.17 10.84 -54.20 -104.88
motor1 7.32 -1.17 -7.91 14.94 -58.59 -110.16
motor2 6.45 4.39 -1.46 10.84 -54.20 -104.88
motor1 7.32 -1.17 -8.20 14.94 -58.59 -110.16
motor2 6.74 4.10 -1.76 10.84 -54.20 -104.88
motor1 7.32 -1.17 -8.20 14.94 -58.59 -110.16
motor2 6.74 4.10 -1.76 10.84 -54.20 -104.88
motor1 7.32 -1.17 -8.20 14.94 -58.59 -109.86
motor2 6.74 4.10 -1.76 10.84 -54.20 -104.88
motor1 7.32 -0.88 -7.91 14.94 -58.59 -109.86
motor2 6.74 4.10 -1.76 10.84 -54.20 -104.88
motor1 7.32 -1.17 -8.20 14.94 -58.59 -109.86
motor2 6.74 4.10 -1.76 11.13 -54.20 -104.88
motor1 7.32 -1.17 -7.91 15.23 -58.59 -109.86
motor2 6.74 4.10 -1.76 12.01 -54.20 -104.88
motor1 7.03 -1.17 -8.20 13.18 -58.59 -109.28
motor2 6.74 4.10 -1.76 12.30 -54.20 -105.47
motor1 7.03 -1.17 -8.20 11.43 -58.59 -102.83
motor2 6.74 3.81 -1.76 12.01 -53.91 -103.71
motor1 7.03 -1.17 -7.91 10.25 -56.54 -94.34
motor2 6.74 3.81 -1.76 11.43 -50.68 -94.34
motor1 7.03 -1.17 -8.20 9.08 -51.86 -84.96
motor2 6.74 4.10 -1.76 11.43 -46.88 -84.67
motor1 7.32 -1.17 -8.20 7.91 -46.00 -75.29
motor2 7.03 4.10 -1.76 11.13 -40.43 -74.71
motor1 7.32 -1.17 -8.20 7.32 -38.67 -62.11
motor2 6.74 4.10 -1.76 11.43 -33.40 -63.28
motor1 7.32 -1.46 -8.20 6.45 -31.05 -50.10
motor2 6.74 4.10 -1.76 11.13 -27.83 -51.56
motor1 7.32 -1.76 -7.91 6.15 -24.90 -38.96
motor2 7.03 4.10 -1.76 11.13 -22.27 -39.55
motor1 7.62 -1.76 -7.91 6.15 -19.34 -29.30
motor2 6.74 4.10 -1.76 10.84 -17.29 -29.30
motor1 7.32 -2.34 -7.91 6.15 -14.65 -20.80
motor2 7.03 4.10 -1.76 11.13 -13.18 -19.92
motor1 7.32 -2.34 -8.20 6.15 -11.13 -13.48
motor2 6.74 4.10 -1.76 10.84 -9.67 -12.01
motor1 7.32 -2.34 -8.20 6.15 -8.20 -7.62
motor2 7.03 4.10 -1.76 10.84 -6.45 -5.86
motor1 7.62 -2.64 -7.91 6.45 -4.98 -4.10
motor2 6.74 4.10 -1.76 10.84 -3.81 0.00
motor1 7.62 -2.93 -7.91 6.15 -2.05 -3.22
motor2 6.74 4.10 -1.76 10.84 -2.93 3.22
motor1 7.32 -3.22 -7.91 6.45 -1.46 -3.22
motor2 6.74 4.10 -1.76 10.84 -2.34 1.76
motor1 7.32 -2.64 -7.91 6.45 -1.46 -4.10
motor2 6.74 4.10 -1.76 11.13 -2.64 1.76
motor1 7.32 -1.46 -7.91 7.32 -1.76 -4.10
motor2 7.03 4.10 -1.76 11.43 -2.93 1.76
motor1 7.32 -1.46 -7.91 7.32 -1.76 -4.10
motor2 6.74 4.10 -1.46 11.43 -2.64 2.34
motor1 7.32 -1.46 -7.91 7.03 -1.76 -4.10
motor2 6.74 4.10 -1.76 11.43 -2.64 1.76
motor1 7.32 -1.46 -7.91 7.32 -1.46 -4.10
motor2 6.74 4.10 -1.76 11.43 -2.64 1.76
motor1 7.32 -1.46 -7.91 7.32 -1.46 -4.10
motor2 6.74 4.10 -1.76 11.43 -2.64 1.76
motor1 7.32 -1.46 -7.91 7.32 -1.46 -4.10
motor2 6.74 4.10 -1.76 11.43 -2.64 2.34
motor1 7.32 -1.46 -7.91 7.32 -1.76 -4.10
motor2 6.74 4.39 -1.46 11.13 -2.93 1.76
motor1 7.91 -1.46 -7.91 7.32 -1.76 -4.10
motor2 8.79 4.39 -1.76 10.84 -2.64 2.34
motor1 8.50 -1.17 -7.91 7.03 -1.76 -4.10
motor2 9.38 4.10 -1.76 9.96 -2.64 2.34
motor1 8.20 -1.46 -8.20 7.03 -1.76 -4.10
motor2 9.08 4.10 -1.76 10.25 -2.64 2.34
motor1 7.03 -1.46 -7.91 7.32 -1.46 -4.10
motor2 9.08 3.52 -1.76 10.25 -2.64 2.34
motor1 6.45 -1.46 -7.91 7.32 -1.46 -4.10
motor2 9.38 2.64 -1.76 10.25 -2.64 1.76
motor1 5.57 -4.10 -7.91 7.91 -1.46 -4.10
motor2 9.38 -0.59 -1.76 10.25 -2.64 1.76
motor1 5.57 -8.79 -7.91 7.91 -1.76 -4.10
motor2 9.38 -7.03 -1.76 10.25 -2.93 1.76
motor1 5.57 -16.70 -7.91 7.91 -1.46 -4.10
motor2 9.38 -16.11 -1.76 10.25 -2.64 2.34
motor1 5.57 -26.07 -7.62 7.91 -1.46 -4.10
motor2 8.79 -26.37 -1.76 10.25 -2.64 1.76
motor1 6.15 -35.74 -7.32 7.91 -1.46 -4.10
motor2 7.62 -35.45 -1.76 10.25 -2.64 2.34
motor1 6.15 -44.82 -7.32 7.91 -1.76 -4.10
motor2 7.32 -44.24 -1.76 10.25 -2.64 2.34
motor1 6.15 -53.03 -7.32 7.91 -1.76 -4.10
motor2 7.32 -51.56 -1.76 10.25 -2.64 2.34
motor1 6.74 -60.94 -7.62 7.91 -1.76 -4.10
motor2 7.32 -58.30 -3.52 10.25 -2.64 2.34
motor1 8.20 -68.26 -8.50 7.91 -1.76 -4.10
motor2 6.45 -61.82 -4.69 10.25 -2.64 1.76
motor1 8.20 -69.73 -9.08 7.91 -2.05 -4.10
motor2 6.45 -61.82 -6.45 10.25 -2.64 2.34
motor1 8.20 -69.43 -9.08 7.91 -1.76 -4.10
motor2 6.45 -61.82 -6.45 10.25 -2.64 1.76
motor1 8.20 -69.43 -9.38 7.91 -1.76 -4.10
motor2 6.45 -61.82 -6.45 10.25 -2.64 2.34
motor1 7.91 -69.43 -9.38 7.91 -1.76 -4.10
motor2 6.74 -61.82 -4.98 10.25 -2.64 2.34
motor1 7.62 -69.43 -8.20 7.91 -1.76 -4.10
motor2 6.45 -62.11 -3.81 10.25 -2.93 1.76
motor1 7.62 -69.73 -7.62 7.91 -2.05 -3.81
motor2 6.45 -62.11 -3.52 9.96 -2.64 2.34
motor1 7.62 -70.61 -5.57 7.91 -2.05 -3.81
motor2 6.45 -62.11 -1.46 10.25 -2.64 1.76
motor1 7.62 -71.78 -2.93 7.91 -2.05 -3.81
motor2 6.15 -61.52 -1.46 10.25 -2.64 2.34
motor1 7.62 -72.07 -2.93 7.91 -1.76 -3.81
motor2 6.74 -59.77 -1.76 10.25 -2.64 2.34
motor1 7.32 -71.19 -2.93 7.91 -1.76 -3.81
motor2 7.03 -59.77 -1.76 10.25 -2.64 1.76
motor1 7.32 -71.19 -2.93 7.91 -1.46 -3.81
motor2 7.03 -59.77 -1.76 10.25 -2.93 1.76
motor1 7.32 -71.19 -2.93 8.20 -1.46 -3.81
motor2 7.03 -59.77 -1.76 10.25 -2.64 2.34
motor1 7.32 -71.19 -2.93 7.91 -1.46 -3.52
motor2 7.03 -59.77 -1.76 9.96 -2.64 1.76
motor1 7.62 -71.19 -2.93 7.32 -1.76 -3.81
motor2 7.32 -59.77 -1.76 9.96 -5.86 1.76
motor1 7.62 -71.19 -2.93 6.45 -5.86 -4.10
motor2 7.32 -59.77 -1.76 10.55 -11.13 3.22
motor1 7.62 -71.19 -2.93 6.45 -13.48 -3.81
motor2 7.32 -59.77 -1.76 10.55 -21.97 3.52
motor1 7.32 -71.19 -2.93 6.45 -23.44 -3.81
motor2 7.32 -59.77 -1.76 10.55 -34.57 3.52
motor1 7.32 -71.19 -2.93 6.45 -34.28 -3.81
motor2 7.32 -59.77 -1.76 10.55 -45.41 3.22
motor1 7.62 -71.19 -2.93 6.74 -46.29 -3.52
motor2 7.32 -59.77 -1.76 10.55 -54.20 3.52
motor1 7.32 -71.19 -2.93 6.45 -57.71 -3.22
motor2 7.32 -59.77 -1.76 10.84 -61.52 3.22
motor1 7.32 -71.19 -2.93 6.74 -67.68 -3.22
motor2 7.32 -59.77 -1.76 10.84 -66.21 3.22
motor1 7.32 -71.19 -2.93 6.45 -77.64 -3.22
motor2 7.32 -59.77 -1.76 11.13 -69.14 3.22
motor1 7.32 -71.19 -2.93 7.03 -83.20 -3.52
motor2 7.32 -59.77 -1.76 11.13 -69.14 3.22
motor1 7.32 -71.19 -2.93 7.62 -83.50 -4.98
motor2 7.32 -59.77 -1.76 11.13 -68.85 3.22
motor1 7.32 -71.19 -2.93 7.91 -83.20 -4.39
motor2 7.32 -59.77 -1.76 11.13 -67.38 2.93
motor1 7.32 -71.19 -2.93 8.20 -83.20 -4.39
motor2 7.32 -59.77 -1.76 11.13 -67.38 2.93
motor1 7.32 -71.19 -2.93 7.91 -83.20 -4.39
motor2 7.32 -59.77 -1.76 11.13 -67.38 2.93
motor1 7.32 -71.19 -2.93 7.91 -83.20 -4.69
motor2 7.32 -59.77 -1.76 11.13 -67.38 2.93
motor1 7.32 -71.19 -2.93 7.91 -83.20 -4.39
motor2 7.32 -59.77 -1.76 11.13 -67.38 2.93
motor1 7.32 -71.19 -2.93 7.91 -82.91 -4.39
motor2 7.32 -59.77 -1.76 11.13 -67.38 2.93
motor1 7.32 -71.19 -2.93 7.91 -83.20 -4.39
motor2 7.32 -59.77 -1.76 11.13 -67.38 2.93
motor1 7.32 -71.19 -2.93 7.91 -83.20 -4.39
motor2 7.32 -59.77 -1.76 11.43 -67.38 2.93
motor1 7.32 -71.19 -2.93 7.91 -83.20 -4.39
motor2 7.32 -59.77 -1.76 11.13 -67.38 2.93
motor1 7.32 -71.19 -2.93 7.91 -83.20 -4.39
motor2 7.32 -59.77 -1.76 11.13 -67.38 2.93
motor1 7.32 -71.19 -2.93 7.91 -83.20 -4.39
motor2 7.32 -59.77 -1.76 11.13 -67.38 2.93
motor1 7.32 -71.19 -2.93 7.91 -83.20 -4.69
motor2 7.32 -59.77 -1.76 11.13 -67.38 2.93
motor1 7.32 -71.19 -2.93 7.91 -82.91 -4.39
motor2 7.32 -59.77 -2.34 11.13 -67.38 2.93
motor1 7.32 -71.19 -2.93 8.20 -83.20 -4.39
motor2 7.32 -59.77 -3.52 11.13 -67.38 2.93
motor1 6.74 -70.90 -3.22 7.91 -83.20 -4.39
motor2 7.62 -59.77 -6.45 11.13 -67.38 2.93
motor1 6.74 -71.78 -6.74 7.91 -83.20 -4.39
motor2 7.32 -59.47 -12.60 11.13 -67.38 2.93
motor1 7.91 -71.78 -12.30 8.20 -83.20 -4.39
motor2 7.03 -59.47 -20.80 11.13 -67.38 2.93
motor1 7.91 -71.78 -21.68 7.91 -83.20 -4.39
motor2 6.74 -59.47 -28.71 11.13 -67.38 2.93
motor1 7.91 -71.78 -33.40 7.91 -83.20 -4.39
motor2 6.74 -59.47 -38.09 11.13 -67.38 2.93
motor1 7.62 -72.66 -43.65 7.91 -83.20 -4.39
motor2 6.74 -59.77 -48.93 11.13 -67.38 2.93
motor1 7.91 -72.95 -54.49 7.91 -83.20 -4.39
motor2 6.74 -61.23 -58.30 11.43 -67.38 2.93
motor1 7.91 -73.54 -63.87 7.91 -83.20 -4.39
motor2 6.74 -61.82 -65.92 11.13 -67.38 2.93
motor1 7.62 -76.46 -72.07 7.91 -83.20 -4.39
motor2 6.74 -64.16 -70.90 11.13 -67.38 2.93
motor1 5.27 -77.93 -77.93 7.91 -83.20 -4.39
motor2 6.74 -67.38 -73.83 11.13 -67.38 2.93
motor1 4.98 -79.39 -81.74 7.91 -83.20 -4.39
motor2 6.74 -68.55 -76.17 11.13 -67.38 2.93
motor1 4.98 -82.03 -84.67 7.91 -82.91 -4.39
motor2 6.74 -70.31 -78.22 11.13 -67.38 2.93
motor1 4.98 -83.79 -85.25 7.91 -83.20 -4.39
motor2 6.74 -71.19 -78.81 11.13 -67.38 2.93
motor1 5.57 -83.79 -84.96 7.91 -82.91 -4.39
motor2 7.03 -71.48 -79.10 11.13 -67.38 2.93
motor1 5.57 -82.62 -84.67 8.20 -83.20 -4.39
motor2 7.03 -71.19 -79.10 11.13 -67.38 2.93
motor1 5.57 -82.62 -84.96 7.91 -82.91 -4.39
motor2 7.03 -71.48 -79.10 11.13 -67.38 2.93
motor1 5.57 -82.62 -84.96 8.20 -82.91 -4.39
motor2 7.03 -71.78 -78.81 11.13 -67.38 2.93
motor1 5.57 -82.03 -84.96 7.91 -82.91 -4.39
motor2 6.74 -75.00 -78.81 11.13 -67.38 2.93
motor1 5.57 -81.45 -84.96 7.91 -83.20 -4.39
motor2 6.45 -78.22 -78.81 11.13 -67.38 2.64
motor1 6.15 -79.98 -84.67 8.20 -83.20 -4.39
motor2 6.45 -77.93 -78.81 11.43 -67.38 2.93
motor1 6.15 -77.64 -84.08 7.91 -83.20 -4.39
motor2 6.45 -76.76 -78.81 11.13 -67.38 2.93
motor1 6.15 -75.88 -81.45 7.91 -83.20 -4.39
motor2 6.45 -76.76 -78.81 11.13 -67.38 2.93
motor1 6.45 -75.88 -79.39 7.91 -82.91 -4.39
motor2 6.74 -76.76 -78.81 11.13 -67.38 2.93
motor1 6.45 -75.88 -79.39 7.91 -83.20 -4.39
motor2 6.74 -76.76 -78.81 11.13 -67.38 2.93
motor1 6.15 -75.88 -79.69 7.91 -83.20 -4.39
motor2 6.74 -76.76 -78.81 11.13 -67.38 2.93
motor1 7.32 -77.64 -78.52 7.91 -83.20 -4.39
motor2 6.74 -76.76 -78.81 11.13 -67.38 2.93
motor1 7.32 -78.22 -75.59 7.91 -83.20 -4.39
motor2 6.74 -76.76 -78.81 11.13 -67.38 2.93
motor1 7.91 -78.22 -75.29 7.91 -83.20 -4.39
motor2 7.03 -76.76 -78.81 11.13 -67.38 2.93
motor1 7.62 -77.93 -75.59 7.91 -83.20 -4.39
motor2 7.03 -77.05 -78.81 11.13 -67.38 2.93
motor1 7.62 -77.93 -75.59 7.91 -83.20 -4.39
motor2 6.74 -76.76 -78.81 11.13 -67.38 2.93
motor1 7.32 -77.93 -75.59 7.91 -82.91 -4.39
motor2 6.74 -76.76 -78.81 11.13 -67.38 2.93
motor1 7.62 -77.93 -75.59 7.91 -82.91 -4.39
motor2 6.74 -76.76 -78.81 11.13 -67.38 2.93
motor1 7.62 -77.93 -75.59 8.50 -82.62 -5.86
motor2 6.74 -76.76 -78.81 11.13 -67.68 0.29
motor1 7.62 -77.93 -75.59 9.38 -81.15 -12.30
motor2 7.62 -77.05 -78.81 10.25 -63.87 -7.62
motor1 7.32 -77.93 -75.59 9.38 -80.57 -22.85
motor2 7.62 -76.76 -78.81 9.96 -60.64 -17.29
motor1 7.32 -77.93 -75.59 9.38 -80.57 -35.16
motor2 7.62 -76.76 -78.81 9.67 -60.64 -28.42
motor1 7.62 -77.93 -75.59 9.08 -80.86 -48.34
motor2 7.62 -76.76 -78.81 9.96 -60.64 -39.55
motor1 7.32 -77.93 -75.59 9.08 -81.74 -59.77
motor2 7.62 -76.76 -78.81 9.96 -61.23 -50.10
motor1 7.32 -77.93 -75.59 9.08 -82.62 -69.73
motor2 7.62 -76.76 -78.81 9.96 -61.82 -58.89
motor1 7.62 -77.93 -75.59 8.79 -83.50 -77.64
motor2 7.62 -76.76 -78.81 9.96 -63.87 -65.33
motor1 7.32 -77.93 -75.59 8.79 -84.96 -83.79
motor2 7.62 -76.76 -78.81 10.25 -64.75 -68.26
motor1 7.62 -77.93 -75.59 8.79 -84.96 -84.67
motor2 7.62 -76.76 -78.81 10.25 -64.75 -67.38
motor1 7.62 -77.93 -75.59 8.79 -84.96 -83.50
motor2 7.62 -76.76 -78.81 10.55 -65.62 -67.09
motor1 7.32 -77.93 -75.59 8.79 -84.96 -83.50
motor2 7.62 -76.76 -78.81 10.55 -65.92 -67.38
motor1 7.32 -77.93 -75.59 8.79 -84.37 -83.50
motor2 7.62 -76.76 -78.81 10.84 -65.92 -67.09
motor1 7.32 -77.93 -75.59 8.50 -84.37 -83.50
motor2 7.62 -76.76 -78.81 10.84 -65.62 -66.50
motor1 7.32 -77.93 -75.59 8.50 -84.37 -83.79
motor2 7.62 -76.76 -78.81 10.84 -65.62 -66.50
motor1 7.32 -77.93 -75.59 8.50 -84.37 -83.79
motor2 7.62 -76.76 -78.81 11.13 -65.62 -66.50
motor1 7.62 -77.93 -75.59 8.50 -84.08 -83.79
motor2 7.62 -76.76 -78.81 11.13 -65.62 -66.50
motor1 7.62 -77.93 -75.59 8.50 -84.37 -83.79
motor2 7.62 -76.76 -78.81 11.13 -65.62 -66.50
motor1 7.32 -77.93 -75.59 8.50 -84.37 -83.79
motor2 7.62 -76.76 -78.81 11.13 -65.62 -66.50
motor1 7.62 -77.93 -75.59 7.62 -84.67 -83.79
motor2 7.62 -76.76 -78.81 11.13 -65.62 -66.50
motor1 7.62 -77.64 -75.59 7.62 -84.67 -83.79
motor2 7.62 -76.76 -78.81 11.13 -65.62 -66.50
motor1 7.32 -77.64 -75.59 7.32 -84.67 -83.79
motor2 7.62 -76.76 -78.81 11.13 -65.04 -66.50
motor1 7.62 -77.93 -75.59 7.62 -84.67 -83.79
motor2 7.62 -76.76 -78.81 11.13 -65.62 -66.50
motor1 7.32 -77.64 -75.59 7.32 -84.67 -83.79
motor2 7.62 -76.76 -78.81 11.13 -65.62 -66.50
motor1 7.62 -77.64 -75.59 6.74 -84.67 -83.50
motor2 7.62 -76.76 -78.81 11.13 -65.04 -66.50
motor1 7.62 -77.64 -75.59 6.45 -84.67 -83.79
motor2 7.62 -76.76 -78.81 11.13 -65.62 -66.50
motor1 7.32 -77.64 -75.59 6.74 -84.67 -83.50
motor2 7.62 -76.76 -78.81 10.84 -65.62 -66.50
motor1 7.32 -77.64 -75.59 6.74 -84.67 -83.50
motor2 7.62 -76.76 -78.81 11.13 -65.62 -66.50
motor1 7.62 -77.64 -75.59 7.03 -84.67 -83.20
motor2 7.62 -76.76 -78.81 11.13 -65.62 -66.50
motor1 7.32 -77.64 -75.59 7.32 -84.08 -82.62
motor2 7.62 -76.76 -78.81 11.13 -65.04 -66.50
motor1 7.32 -77.93 -75.59 7.62 -79.39 -79.39
motor2 7.62 -76.76 -78.81 11.13 -65.62 -66.50
motor1 7.32 -77.64 -75.59 7.62 -68.55 -69.43
motor2 7.62 -76.76 -78.81 11.13 -65.04 -66.50
motor1 7.62 -77.64 -75.59 7.62 -53.32 -55.37
motor2 7.62 -76.76 -78.81 11.13 -65.04 -66.50
motor1 7.32 -77.64 -75.59 8.79 -38.09 -39.55
motor2 7.62 -76.76 -78.81 11.13 -65.04 -66.50
motor1 7.62 -77.93 -75.59 9.08 -31.05 -31.64
motor2 7.91 -76.76 -78.81 11.13 -65.04 -66.50
motor1 7.32 -77.64 -75.59 9.08 -34.28 -34.28
motor2 7.62 -76.76 -78.81 11.13 -65.04 -66.50
motor1 7.32 -77.64 -75.59 8.79 -41.02 -40.14
motor2 7.62 -76.76 -78.81 11.13 -65.04 -66.50
motor1 7.32 -77.64 -75.59 8.79 -50.10 -48.93
motor2 7.62 -76.76 -78.81 11.13 -65.04 -66.50
motor1 7.62 -77.64 -75.59 7.62 -59.47 -58.30
motor2 7.62 -76.76 -78.81 11.13 -65.04 -66.50
motor1 7.62 -77.64 -75.59 7.32 -68.26 -67.97
motor2 7.62 -76.76 -78.81 11.13 -65.04 -66.50
motor1 7.32 -77.64 -75.59 7.32 -74.71 -76.17
motor2 7.62 -76.76 -78.81 11.13 -65.04 -66.50
motor1 7.62 -77.64 -75.59 7.03 -78.52 -82.32
motor2 7.62 -76.76 -78.81 11.13 -65.04 -66.50
motor1 7.32 -77.64 -75.59 7.03 -80.86 -83.79
motor2 7.62 -76.76 -78.81 11.13 -65.04 -66.50
motor1 7.32 -77.64 -75.59 7.32 -81.15 -82.91
motor2 7.62 -76.76 -78.81 11.13 -65.04 -66.50
motor1 7.32 -77.64 -75.59 7.32 -79.69 -82.91
motor2 7.62 -76.76 -78.81 11.13 -65.04 -66.50
motor1 7.32 -77.64 -75.59 7.32 -79.69 -82.91
motor2 7.62 -76.76 -78.81 11.13 -65.04 -66.50
motor1 7.32 -77.64 -75.59 7.32 -79.69 -82.91
motor2 7.62 -76.76 -78.81 11.13 -65.04 -66.50
motor1 7.62 -76.17 -77.05 7.32 -79.69 -82.91
motor2 7.62 -76.76 -78.81 11.13 -65.04 -66.50
motor1 7.62 -72.36 -76.76 7.32 -79.69 -82.91
motor2 7.62 -76.76 -78.81 11.13 -65.04 -66.50
motor1 8.20 -52.15 -66.21 7.32 -79.69 -82.91
motor2 7.62 -76.76 -78.81 11.13 -64.16 -66.50
motor1 8.50 -30.76 -44.82 7.62 -79.69 -82.91
motor2 7.62 -76.76 -78.81 11.13 -64.16 -66.50
motor1 8.20 -22.85 -32.52 7.32 -79.69 -82.91
motor2 7.62 -76.76 -78.81 11.13 -64.16 -66.50
motor1 7.62 -23.14 -31.35 7.32 -79.69 -82.91
motor2 7.62 -76.76 -78.81 11.13 -64.16 -66.50
motor1 7.32 -30.76 -36.04 7.32 -79.69 -82.91
motor2 7.62 -76.76 -78.81 11.13 -64.16 -66.50
motor1 7.03 -46.00 -48.34 7.32 -79.69 -82.91
motor2 7.62 -76.76 -78.81 11.13 -64.16 -66.50
motor1 6.45 -60.35 -63.87 7.32 -79.69 -82.91
motor2 7.62 -76.76 -78.81 11.13 -64.16 -66.50
motor1 6.45 -72.66 -75.88 7.62 -79.69 -82.91
motor2 7.62 -76.76 -78.81 11.13 -64.16 -66.50
motor1 6.15 -81.15 -83.79 7.32 -79.69 -82.91
motor2 7.62 -76.76 -78.81 11.13 -64.16 -66.50
motor1 5.57 -84.67 -87.01 7.32 -79.69 -82.91
motor2 7.62 -76.76 -78.81 11.13 -64.16 -66.50
motor1 7.62 -84.67 -86.72 7.32 -79.69 -82.91
motor2 7.62 -76.76 -78.81 11.13 -64.16 -66.50
motor1 7.32 -84.08 -86.72 7.32 -79.69 -82.91
motor2 7.62 -76.76 -78.81 11.13 -64.16 -66.50
motor1 7.32 -84.08 -86.72 7.62 -79.69 -82.91
motor2 7.62 -76.76 -78.81 11.13 -64.16 -66.50
motor1 7.32 -84.08 -86.72 7.32 -79.69 -82.91
motor2 7.62 -77.05 -78.81 11.13 -64.16 -66.50
motor1 7.32 -84.08 -85.25 7.32 -79.69 -82.91
motor2 7.62 -76.76 -78.81 11.13 -64.16 -66.50
motor1 7.32 -84.08 -85.25 7.62 -79.69 -82.91
motor2 7.62 -76.76 -78.81 11.13 -64.16 -66.50
motor1 7.32 -84.08 -85.25 7.32 -79.69 -82.91
motor2 7.62 -76.76 -78.81 11.13 -64.16 -66.50
motor1 7.32 -84.08 -85.25 7.32 -79.69 -82.91
motor2 7.62 -76.76 -78.81 11.13 -65.62 -66.50
motor1 7.32 -84.08 -85.25 7.32 -79.69 -82.91
motor2 7.62 -76.76 -78.81 10.25 -62.99 -64.75
motor1 7.32 -84.08 -85.25 7.32 -79.69 -82.91
motor2 7.62 -76.76 -78.81 9.96 -47.46 -52.15
motor1 7.32 -84.08 -85.25 7.32 -79.69 -82.91
motor2 7.62 -76.76 -78.81 9.38 -26.95 -33.98
motor1 7.32 -84.08 -85.25 7.32 -79.69 -82.91
motor2 7.62 -76.76 -78.81 8.50 -16.41 -25.78
motor1 7.32 -84.08 -85.25 7.32 -79.69 -82.91
motor2 7.62 -76.76 -78.81 7.32 -13.18 -24.02
motor1 7.32 -84.08 -85.25 7.32 -79.69 -82.91
motor2 7.62 -76.76 -78.81 6.45 -16.99 -29.59
motor1 7.62 -84.08 -85.25 7.62 -79.69 -82.91
motor2 7.62 -76.76 -78.81 6.15 -24.61 -38.67
motor1 7.32 -84.08 -85.25 7.32 -79.69 -82.91
motor2 7.62 -76.76 -78.81 6.15 -36.33 -48.93
motor1 7.32 -84.08 -85.25 7.32 -79.69 -82.91
motor2 7.62 -76.76 -78.81 6.15 -49.22 -58.59
motor1 7.32 -84.08 -85.25 7.32 -79.69 -82.91
motor2 7.62 -76.76 -78.81 6.15 -57.13 -64.16
motor1 7.32 -84.08 -85.25 7.32 -79.69 -82.91
motor2 7.62 -76.76 -78.81 6.15 -63.87 -68.55
motor1 7.32 -84.08 -85.25 7.32 -79.69 -82.91
motor2 7.62 -76.76 -78.81 6.15 -67.09 -70.31
motor1 7.32 -84.08 -85.25 7.62 -79.69 -82.91
motor2 7.62 -76.76 -78.81 7.62 -67.38 -69.14
motor1 7.32 -84.08 -85.25 7.32 -79.69 -82.91
motor2 7.62 -76.76 -78.81 8.20 -66.80 -68.85
motor1 7.62 -84.08 -85.55 7.32 -79.69 -82.91
motor2 7.62 -76.76 -78.81 8.20 -66.80 -68.85
motor1 7.32 -84.08 -85.25 7.62 -79.69 -82.91
motor2 7.62 -76.76 -78.81 8.20 -66.80 -69.14
motor1 7.62 -84.08 -85.55 7.32 -79.69 -82.91
motor2 7.62 -76.76 -78.81 8.20 -66.80 -68.85
motor1 7.62 -84.08 -85.55 7.32 -79.69 -82.91
motor2 7.62 -76.76 -78.81 8.20 -66.80 -68.85
motor1 7.32 -84.08 -85.55 7.62 -79.69 -82.91
motor2 8.79 -75.88 -78.22 8.20 -66.80 -68.85
motor1 7.32 -84.08 -85.25 7.62 -79.69 -82.91
motor2 8.50 -67.68 -73.54 8.20 -66.80 -68.85
motor1 7.32 -84.08 -85.55 7.62 -79.69 -82.91
motor2 7.62 -50.39 -59.47 8.20 -66.80 -68.85
motor1 7.62 -84.08 -85.55 7.62 -79.69 -82.91
motor2 7.32 -31.64 -38.09 8.20 -66.80 -68.85
motor1 7.32 -84.08 -85.25 7.62 -79.69 -82.91
motor2 6.74 -21.09 -26.07 8.20 -67.09 -68.85
motor1 7.32 -84.08 -85.25 7.62 -79.69 -82.91
motor2 7.03 -22.27 -26.07 8.20 -66.80 -68.85
motor1 7.32 -84.08 -85.55 7.62 -79.69 -82.91
motor2 6.74 -29.59 -30.18 8.20 -66.80 -68.85
motor1 7.32 -84.08 -85.55 7.62 -79.69 -82.91
motor2 7.32 -41.89 -40.14 8.20 -66.80 -68.85
motor1 7.32 -84.08 -85.55 7.32 -79.69 -82.91
motor2 7.32 -54.20 -53.32 8.20 -66.80 -68.85
motor1 7.32 -84.08 -85.55 7.62 -79.69 -82.91
motor2 7.62 -64.75 -65.92 8.20 -67.09 -68.85
motor1 7.32 -84.08 -85.25 7.62 -79.69 -82.91
motor2 7.03 -73.24 -75.00 8.20 -66.80 -68.85
motor1 7.32 -84.08 -85.55 7.32 -79.69 -82.91
motor2 7.03 -79.10 -82.32 8.20 -66.80 -68.85
motor1 7.32 -84.08 -85.55 7.32 -79.69 -82.91
motor2 6.74 -85.25 -89.36 8.20 -66.80 -68.85
motor1 7.32 -84.08 -85.55 7.62 -79.69 -82.91
motor2 6.45 -89.36 -93.46 8.20 -66.80 -68.85
motor1 7.32 -84.08 -85.55 7.32 -79.69 -82.91
motor2 6.74 -90.53 -93.75 8.20 -66.80 -69.14
motor1 7.32 -84.08 -85.25 7.32 -79.69 -82.91
motor2 6.45 -90.53 -93.75 8.20 -66.80 -68.85
motor1 7.32 -84.08 -85.25 7.62 -79.69 -82.91
motor2 6.45 -90.53 -93.75 8.20 -66.80 -68.85
motor1 7.32 -84.08 -85.55 7.32 -79.69 -82.91
motor2 6.45 -90.53 -93.75 8.20 -66.80 -68.85
motor1 7.32 -84.08 -85.55 7.62 -79.69 -82.91
motor2 6.45 -90.23 -93.46 8.20 -66.80 -68.85
motor1 7.32 -84.08 -85.55 7.62 -79.69 -82.91
motor2 6.74 -89.65 -93.46 8.20 -66.80 -68.85
motor1 7.32 -84.08 -85.55 7.32 -79.69 -82.91
motor2 6.74 -89.65 -93.46 8.20 -66.80 -69.14
motor1 7.32 -84.08 -85.55 7.62 -79.69 -82.91
motor2 7.03 -89.36 -93.46 8.20 -66.80 -69.14
motor1 7.32 -84.08 -85.55 7.32 -79.69 -82.91
motor2 6.74 -89.36 -93.46 8.20 -66.80 -68.85
motor1 7.62 -84.08 -85.55 7.62 -79.69 -82.91
motor2 6.74 -89.36 -93.46 8.20 -66.80 -69.14
motor1 7.32 -84.08 -85.55 7.32 -79.69 -82.91
motor2 6.74 -89.36 -93.46 8.20 -66.80 -69.14
motor1 7.32 -84.08 -85.55 7.62 -79.69 -82.91
motor2 6.74 -89.36 -93.46 8.20 -66.80 -69.14
motor1 7.62 -84.08 -85.55 7.32 -79.69 -82.91
motor2 6.74 -89.36 -93.46 8.20 -66.80 -69.14
motor1 7.32 -84.08 -85.25 7.91 -79.69 -82.91
motor2 6.74 -89.36 -93.46 8.20 -66.80 -68.85
motor1 7.32 -84.08 -85.55 8.20 -79.98 -82.91
motor2 6.74 -89.36 -93.75 8.50 -67.09 -69.14
motor1 7.32 -84.08 -85.55 8.20 -79.39 -82.03
motor2 6.74 -89.36 -93.46 8.20 -65.04 -68.26
motor1 7.62 -84.08 -85.55 8.79 -77.05 -80.27
motor2 6.74 -89.36 -93.46 8.20 -61.52 -65.33
motor1 7.32 -84.08 -85.55 8.79 -71.48 -72.95
motor2 6.74 -89.36 -93.46 7.91 -51.86 -58.30
motor1 7.32 -84.08 -85.55 8.79 -61.23 -59.77
motor2 7.03 -89.36 -93.46 7.91 -40.14 -47.75
motor1 7.32 -84.08 -85.55 7.32 -48.93 -48.05
motor2 7.03 -89.36 -93.46 8.20 -28.42 -35.45
motor1 7.32 -84.08 -85.25 6.74 -35.74 -36.04
motor2 6.74 -89.36 -93.46 8.20 -17.87 -25.20
motor1 7.32 -84.08 -85.55 6.45 -24.32 -23.44
motor2 7.03 -89.36 -93.46 7.91 -9.38 -15.82
motor1 7.32 -84.08 -85.55 6.45 -14.36 -13.77
motor2 6.74 -89.36 -93.46 8.20 -2.93 -7.62
motor1 7.32 -84.08 -85.55 6.45 -7.32 -6.15
motor2 6.74 -89.36 -93.46 7.91 0.00 -3.22
motor1 7.62 -84.08 -85.55 6.45 -2.05 -1.17
motor2 7.03 -89.36 -93.46 7.91 1.17 -2.64
motor1 7.32 -84.08 -85.55 7.03 -1.17 -1.46
motor2 6.74 -89.36 -93.46 7.91 0.59 -2.93
motor1 7.32 -84.08 -85.55 8.20 -1.17 -1.46
motor2 6.74 -89.36 -93.46 7.91 0.59 -2.93
motor1 7.32 -84.08 -85.55 8.20 -1.17 -1.46
motor2 6.74 -89.36 -93.46 8.20 0.59 -2.64
motor1 7.32 -84.08 -85.55 8.20 -1.17 -1.46
motor2 6.74 -89.36 -93.46 7.91 0.59 -2.93
motor1 7.32 -84.08 -85.84 8.20 -1.17 -1.46
motor2 6.74 -88.48 -93.16 8.20 0.59 -2.64
motor1 7.62 -81.74 -82.62 8.20 -1.17 -1.46
motor2 7.03 -79.69 -89.94 7.91 0.59 -2.93
motor1 7.62 -73.54 -71.78 8.20 -1.17 -1.46
motor2 7.03 -64.45 -79.98 7.91 0.59 -2.93
motor1 7.32 -60.94 -57.13 8.20 -1.17 -1.46
motor2 7.32 -47.46 -65.04 8.20 0.59 -2.93
motor1 7.32 -47.46 -42.48 8.20 -1.17 -1.46
motor2 7.03 -31.93 -50.39 7.91 0.59 -2.93
motor1 7.32 -33.69 -28.42 8.20 -1.17 -1.46
motor2 7.32 -18.46 -36.33 8.20 0.59 -2.93
motor1 7.32 -21.09 -16.99 8.20 -1.46 -1.46
motor2 7.32 -8.20 -23.44 7.91 0.59 -2.93
motor1 6.74 -10.84 -7.32 8.20 -1.46 -1.46
motor2 7.03 -1.76 -10.84 7.91 0.59 -2.64
motor1 6.45 -3.22 -0.59 8.20 -1.46 -1.46
motor2 7.03 2.05 -3.81 7.91 0.59 -2.93
motor1 6.74 -1.17 2.93 8.20 -1.46 -1.46
motor2 7.03 3.52 -1.76 7.91 0.59 -2.93
motor1 6.45 1.46 2.64 8.20 -1.46 -1.46
motor2 7.03 4.69 -2.93 8.20 0.59 -2.93
motor1 6.45 1.76 2.05 8.20 -1.46 -1.76
motor2 7.03 4.69 -2.93 7.91 0.59 -2.93
motor1 6.45 2.05 1.46 8.20 -1.46 -1.76
motor2 7.03 4.69 -2.93 8.20 0.59 -2.64
motor1 6.45 2.05 0.88 8.20 -1.46 -1.46
motor2 7.03 4.69 -2.93 7.91 0.59 -2.93
motor1 5.57 2.05 0.88 8.20 -1.17 -1.46
motor2 7.03 4.10 -2.93 8.20 0.59 -2.93
motor1 4.98 2.34 -1.17 8.20 -1.46 -1.46
motor2 7.03 4.10 -2.93 9.08 -2.34 -4.10
motor1 5.57 2.93 -7.32 7.62 -4.69 -1.46
motor2 7.03 2.93 -2.93 14.06 -5.86 -4.39
motor1 4.69 4.98 -14.94 7.03 -7.62 -1.46
motor2 7.32 0.88 -1.76 18.75 -5.86 -11.43
motor1 4.39 5.57 -23.73 6.74 -7.91 -1.17
motor2 7.62 -2.64 -1.76 22.27 -3.52 -23.14
motor1 3.81 6.74 -33.98 6.45 -7.91 -0.88
motor2 7.91 -5.86 -1.76 24.02 -3.52 -36.04
motor1 3.52 7.91 -42.19 6.45 -7.91 -1.17
motor2 7.62 -9.08 -1.76 26.66 -3.81 -47.46
motor1 2.64 7.62 -48.34 6.74 -8.50 -0.59
motor2 8.50 -11.13 -2.64 26.95 -4.98 -56.54
motor1 2.64 5.86 -52.15 6.15 -10.84 -0.59
motor2 8.79 -12.60 -2.64 26.07 -4.69 -62.99
motor1 2.64 5.86 -60.94 6.15 -12.01 -0.59
motor2 8.79 -12.89 -2.64 25.20 -4.98 -69.43
motor1 3.22 7.32 -67.68 7.62 -12.30 -0.59
motor2 9.08 -13.18 -2.64 25.20 -5.27 -73.54
motor1 3.52 5.86 -74.71 8.79 -12.30 -0.59
motor2 7.62 -13.18 -2.64 24.61 -6.45 -77.05
motor1 5.27 4.98 -81.45 7.32 -12.89 -0.29
motor2 7.62 -12.89 -2.64 22.85 -7.91 -80.86
motor1 5.27 0.00 -87.89 7.32 -15.23 -0.59
motor2 8.79 -13.77 -2.93 18.75 -11.72 -88.77
motor1 5.27 -9.67 -96.09 7.32 -14.94 -1.17
motor2 8.79 -12.89 -2.93 16.11 -18.46 -101.37
motor1 4.98 -19.04 -105.18 6.74 -14.06 -1.46
motor2 7.62 -12.30 -2.93 16.11 -26.07 -114.55
motor1 2.34 -26.37 -115.72 7.03 -13.77 -1.46
motor2 7.62 -11.13 -2.93 17.29 -31.05 -126.27
motor1 2.05 -33.40 -124.22 7.03 -13.48 -1.46
motor2 7.03 -11.13 -2.93 17.58 -37.21 -136.23
motor1 2.64 -37.21 -131.25 7.32 -13.48 -1.76
motor2 6.74 -11.13 -2.93 17.29 -43.07 -141.21
motor1 2.64 -42.19 -137.99 7.62 -13.18 -1.76
motor2 7.03 -11.13 -2.93 17.29 -45.12 -142.09
motor1 2.64 -46.00 -141.21 8.50 -13.18 -1.76
motor2 7.03 -11.13 -2.93 17.87 -48.93 -142.09
motor1 2.64 -46.58 -141.21 8.50 -13.18 -1.76
motor2 7.03 -11.13 -2.93 18.16 -48.93 -142.09
motor1 2.93 -46.58 -141.21 8.20 -13.18 -1.76
motor2 7.03 -11.13 -2.93 18.16 -48.34 -142.09
motor1 2.93 -46.58 -141.21 8.20 -13.18 -1.76
motor2 7.03 -11.13 -2.93 18.16 -48.34 -142.09
motor1 2.93 -46.58 -141.21 7.91 -13.18 -1.76
motor2 7.03 -11.13 -2.93 18.16 -48.34 -142.09
motor1 2.93 -46.88 -141.21 9.38 -13.48 -2.93
motor2 6.45 -11.13 -3.81 18.16 -48.93 -142.38
motor1 3.22 -46.58 -141.21 10.84 -15.53 -4.39
motor2 6.15 -10.55 -8.20 18.16 -48.93 -142.68
motor1 3.81 -46.58 -141.21 9.38 -14.65 -10.84
motor2 6.74 -10.25 -19.63 18.16 -48.93 -142.38
motor1 4.39 -46.58 -141.21 8.79 -13.48 -21.68
motor2 6.74 -10.25 -33.98 18.16 -48.34 -142.38
motor1 4.69 -46.58 -140.92 9.38 -13.48 -32.81
motor2 7.62 -10.25 -46.29 17.29 -48.34 -142.38
motor1 4.10 -46.58 -141.50 12.01 -14.06 -41.89
motor2 5.57 -11.43 -53.61 16.70 -48.93 -142.68
motor1 4.39 -46.58 -141.50 12.89 -14.65 -48.34
motor2 2.93 -16.11 -55.08 16.99 -51.56 -142.68
motor1 4.39 -46.00 -141.50 12.60 -15.53 -55.37
motor2 1.76 -17.58 -55.08 16.99 -55.66 -142.68
motor1 3.52 -45.12 -141.50 13.77 -18.16 -65.92
motor2 2.05 -23.44 -58.30 16.70 -59.18 -142.68
motor1 2.93 -45.12 -141.21 13.48 -23.44 -80.57
motor2 4.39 -29.00 -68.26 16.99 -62.11 -142.68
motor1 2.93 -45.12 -141.50 13.48 -26.07 -97.56
motor2 4.98 -31.93 -82.91 16.99 -64.45 -142.68
motor1 2.93 -45.12 -141.50 12.89 -26.37 -111.62
motor2 5.27 -34.57 -98.44 16.99 -65.04 -142.68
motor1 3.81 -45.12 -141.50 12.30 -26.37 -120.70
motor2 5.27 -38.96 -112.50 16.99 -65.04 -142.68
motor1 4.10 -46.58 -141.50 11.72 -28.12 -124.22
motor2 5.27 -40.72 -125.68 16.99 -64.75 -142.68
motor1 4.39 -46.88 -141.50 11.43 -31.05 -124.80
motor2 4.98 -43.36 -134.47 16.99 -65.04 -142.68
motor1 4.69 -46.88 -141.21 11.72 -35.16 -128.32
motor2 4.98 -48.05 -138.87 17.29 -64.75 -142.68
motor1 4.98 -47.17 -141.21 11.72 -40.43 -131.84
motor2 4.69 -52.73 -141.21 17.87 -65.04 -142.68
motor1 4.98 -48.34 -141.21 12.01 -44.53 -133.59
motor2 4.69 -54.20 -142.09 17.58 -65.04 -142.68
motor1 4.69 -49.22 -141.21 12.01 -44.82 -133.89
motor2 4.10 -54.20 -142.09 17.87 -65.04 -142.68
motor1 4.69 -49.22 -141.21 12.01 -44.82 -133.89
motor2 4.10 -54.20 -142.09 17.58 -65.04 -142.68
motor1 4.69 -49.22 -141.21 12.01 -44.53 -133.59
motor2 4.10 -54.20 -142.09 17.58 -65.04 -142.68
motor1 4.69 -49.22 -141.21 12.01 -44.53 -133.89
motor2 4.10 -54.20 -142.09 17.58 -65.04 -142.68
motor1 4.69 -49.22 -141.21 12.01 -44.53 -133.89
motor2 4.10 -54.20 -142.09 17.29 -65.04 -142.68
motor1 4.98 -49.22 -141.21 12.01 -44.53 -133.89
motor2 4.10 -54.20 -142.09 17.58 -65.04 -142.68
motor1 4.69 -49.22 -141.21 12.01 -44.53 -133.89
motor2 4.10 -54.20 -142.09 17.58 -65.04 -142.68
motor1 4.69 -49.22 -141.21 12.01 -44.82 -133.89
motor2 4.10 -54.20 -142.09 17.87 -65.04 -142.68
motor1 4.69 -49.22 -141.21 12.01 -44.53 -133.89
motor2 4.10 -54.20 -142.09 17.87 -65.04 -142.68
motor1 4.98 -49.22 -141.21 12.01 -44.53 -133.89
motor2 4.10 -54.20 -142.09 17.58 -65.04 -142.68
motor1 4.69 -49.22 -141.21 12.01 -44.53 -133.89
motor2 4.10 -54.20 -142.09 17.58 -65.04 -142.68
motor1 4.69 -49.22 -141.21 12.01 -44.82 -133.89
motor2 4.10 -54.20 -142.09 17.87 -65.04 -142.68
motor1 4.69 -49.22 -141.21 12.01 -44.53 -133.89
motor2 4.10 -54.20 -142.09 17.58 -65.04 -142.68
motor1 4.69 -49.22 -140.92 12.01 -44.82 -133.59
motor2 4.10 -54.20 -142.09 17.58 -65.04 -142.68
motor1 4.69 -49.22 -141.21 12.01 -44.82 -133.89
motor2 4.10 -54.20 -142.09 17.58 -65.04 -142.68
motor1 4.69 -49.22 -141.21 12.01 -44.53 -133.89
motor2 4.10 -54.20 -142.09 17.58 -65.04 -142.68
motor1 4.69 -49.22 -141.21 12.01 -44.53 -133.89
motor2 4.10 -54.20 -142.09 17.58 -65.04 -142.68
motor1 4.69 -49.22 -141.21 12.01 -44.53 -133.89
motor2 4.10 -54.20 -142.09 17.58 -65.04 -142.68
motor1 4.69 -49.22 -141.21 12.01 -44.53 -133.89
motor2 4.10 -54.20 -142.09 17.58 -65.04 -142.68
motor1 4.69 -49.22 -141.21 12.01 -44.53 -133.89
motor2 4.10 -54.20 -142.09 17.58 -65.04 -142.68
motor1 4.69 -49.22 -141.21 12.01 -44.82 -133.89
motor2 4.10 -54.20 -142.09 17.58 -65.04 -142.68
