learning
The learning mode will be enabled, you'll need to reboot the board to return to normal operation
0 6.45
1 -58.01
2 -144.14
3 19.63
4 -57.13
5 -142.97
6 9.08
7 -48.63
8 -146.78
9 10.84
10 -55.66
11 -142.97
0 6.45
1 -58.01
2 -144.14
3 19.63
4 -57.13
5 -142.97
6 9.08
7 -48.93
8 -146.78
9 11.13
10 -55.66
11 -142.97
0 6.45
1 -57.71
2 -144.14
3 19.63
4 -57.13
5 -142.97
6 9.08
7 -48.63
8 -146.78
9 10.84
10 -55.66
11 -142.97
0 6.45
1 -58.01
2 -144.14
3 19.63
4 -57.13
5 -142.97
6 9.08
7 -48.63
8 -146.78
9 11.13
10 -55.66
11 -142.97
0 6.45
1 -58.01
2 -144.14
3 19.63
4 -57.13
5 -143.26
6 9.08
7 -48.63
8 -146.78
9 11.13
10 -55.66
11 -142.97
0 6.45
1 -58.01
2 -144.14
3 19.63
4 -56.84
5 -142.97
6 9.08
7 -48.63
8 -146.78
9 10.84
10 -55.66
11 -142.97
0 6.45
1 -57.71
2 -144.14
3 19.63
4 -57.13
5 -142.97
6 9.08
7 -48.63
8 -146.78
9 10.84
10 -55.66
11 -142.68
0 7.32
1 -58.01
2 -144.14
3 19.04
4 -57.13
5 -142.97
6 8.79
7 -48.93
8 -146.78
9 10.84
10 -55.66
11 -142.97
0 7.62
1 -58.01
2 -144.14
3 17.87
4 -57.42
5 -142.97
6 8.79
7 -48.93
8 -146.78
9 11.43
10 -55.66
11 -142.97
0 8.20
1 -58.01
2 -144.14
3 16.99
4 -57.42
5 -142.97
6 9.08
7 -48.93
8 -146.78
9 11.13
10 -55.08
11 -142.97
0 7.91
1 -58.01
2 -144.14
3 16.70
4 -57.42
5 -142.97
6 9.08
7 -48.93
8 -146.78
9 11.13
10 -55.66
11 -142.97
0 7.91
1 -58.01
2 -144.14
3 16.70
4 -57.13
5 -142.97
6 9.08
7 -48.63
8 -146.78
9 11.43
10 -55.08
11 -141.21
0 7.32
1 -58.01
2 -144.14
3 16.41
4 -56.84
5 -141.80
6 8.50
7 -48.34
8 -146.48
9 11.13
10 -54.79
11 -139.75
0 7.62
1 -57.71
2 -144.14
3 16.41
4 -56.54
5 -138.87
6 8.50
7 -48.05
8 -146.78
9 11.43
10 -54.49
11 -136.23
0 7.62
1 -58.01
2 -144.14
3 16.41
4 -55.66
5 -134.47
6 8.50
7 -48.05
8 -146.78
9 11.43
10 -53.91
11 -130.96
0 7.62
1 -58.01
2 -144.14
3 16.41
4 -55.08
5 -130.66
6 8.50
7 -48.05
8 -146.78
9 11.43
10 -53.03
11 -125.68
0 7.32
1 -58.01
2 -144.14
3 16.41
4 -54.49
5 -127.15
6 8.50
7 -48.05
8 -146.78
9 11.13
10 -52.73
11 -119.82
0 7.32
1 -58.01
2 -144.14
3 16.11
4 -53.32
5 -121.29
6 9.08
7 -48.34
8 -146.78
9 10.84
10 -51.27
11 -113.38
0 6.15
1 -58.01
2 -144.14
3 14.65
4 -52.44
5 -115.43
6 9.38
7 -48.63
8 -146.78
9 10.84
10 -48.93
11 -106.93
0 5.57
1 -57.71
2 -144.14
3 13.77
4 -48.93
5 -110.74
6 9.38
7 -48.63
8 -146.78
9 10.84
10 -47.75
11 -104.88
0 6.15
1 -58.01
2 -144.14
3 13.77
4 -49.22
5 -110.16
6 9.38
7 -50.68
8 -146.78
9 10.84
10 -48.93
11 -104.88
0 6.15
1 -58.30
2 -144.14
3 14.94
4 -50.39
5 -110.16
6 9.38
7 -53.03
8 -146.78
9 10.84
10 -48.93
11 -105.47
0 6.15
1 -58.30
2 -144.14
3 14.94
4 -50.39
5 -110.16
6 9.08
7 -53.32
8 -146.78
9 10.84
10 -49.22
11 -104.88
0 6.15
1 -58.30
2 -144.14
3 14.94
4 -50.39
5 -110.16
6 9.08
7 -53.32
8 -146.78
9 10.84
10 -49.51
11 -104.88
0 6.45
1 -58.30
2 -144.14
3 14.94
4 -50.39
5 -110.45
6 9.08
7 -53.61
8 -146.78
9 10.84
10 -49.51
11 -105.47
0 6.45
1 -58.30
2 -144.14
3 14.94
4 -50.39
5 -110.45
6 9.08
7 -53.61
8 -146.78
9 10.84
10 -49.51
11 -104.88
0 6.45
1 -58.30
2 -144.14
3 14.94
4 -50.68
5 -110.45
6 9.08
7 -55.08
8 -146.78
9 10.84
10 -49.51
11 -105.47
0 6.45
1 -58.30
2 -142.97
3 14.94
4 -50.68
5 -110.45
6 9.08
7 -55.37
8 -146.19
9 10.84
10 -49.51
11 -104.88
0 6.15
1 -58.59
2 -137.11
3 14.94
4 -50.98
5 -110.45
6 9.08
7 -55.08
8 -142.97
9 10.84
10 -49.51
11 -105.47
0 6.45
1 -58.59
2 -128.61
3 14.94
4 -50.68
5 -110.45
6 7.91
7 -53.91
8 -134.47
9 10.84
10 -49.51
11 -105.47
0 6.45
1 -56.54
2 -122.17
3 14.94
4 -50.68
5 -110.45
6 7.32
7 -53.61
8 -126.27
9 10.84
10 -49.80
11 -104.88
0 6.45
1 -55.96
2 -117.19
3 14.94
4 -51.27
5 -110.45
6 7.32
7 -53.32
8 -118.65
9 10.84
10 -50.68
11 -105.47
0 6.45
1 -55.96
2 -111.91
3 14.94
4 -53.32
5 -110.16
6 7.32
7 -53.03
8 -108.69
9 10.84
10 -53.91
11 -104.88
0 6.45
1 -54.49
2 -106.64
3 14.94
4 -56.25
5 -110.16
6 7.03
7 -51.56
8 -100.49
9 10.84
10 -54.20
11 -104.88
0 6.45
1 -51.56
2 -102.25
3 14.94
4 -56.54
5 -110.16
6 7.03
7 -48.34
8 -93.46
9 10.84
10 -54.20
11 -104.88
0 6.45
1 -50.10
2 -97.56
3 14.94
4 -56.84
5 -110.16
6 7.32
7 -45.41
8 -87.60
9 10.84
10 -54.20
11 -104.88
0 6.45
1 -48.34
2 -92.58
3 14.94
4 -57.13
5 -110.16
6 7.03
7 -41.89
8 -80.57
9 10.84
10 -54.20
11 -104.88
0 6.45
1 -46.00
2 -84.96
3 14.94
4 -57.42
5 -110.16
6 7.32
7 -36.33
8 -72.07
9 10.84
10 -54.20
11 -104.88
0 6.45
1 -42.77
2 -77.64
3 14.94
4 -57.42
5 -110.16
6 7.32
7 -30.47
8 -62.40
9 10.84
10 -54.20
11 -104.88
0 6.74
1 -38.67
2 -67.97
3 14.94
4 -57.42
5 -110.16
6 7.03
7 -24.90
8 -51.86
9 10.84
10 -54.20
11 -104.88
0 6.74
1 -33.11
2 -58.01
3 14.94
4 -58.30
5 -110.16
6 6.74
7 -19.34
8 -43.65
9 10.84
10 -54.20
11 -104.88
0 7.03
1 -28.71
2 -47.46
3 14.94
4 -58.59
5 -110.16
6 6.74
7 -14.36
8 -36.33
9 10.84
10 -54.20
11 -104.88
0 6.74
1 -23.44
2 -37.21
3 14.94
4 -58.59
5 -110.16
6 6.74
7 -9.67
8 -28.12
9 10.84
10 -54.20
11 -104.88
0 7.03
1 -18.16
2 -27.83
3 14.94
4 -58.59
5 -110.16
6 6.74
7 -5.57
8 -20.80
9 10.84
10 -54.20
11 -104.88
0 7.32
1 -12.30
2 -19.92
3 14.94
4 -58.59
5 -110.16
6 6.45
7 -1.46
8 -14.06
9 10.84
10 -54.20
11 -104.88
0 7.32
1 -7.62
2 -12.60
3 14.94
4 -58.59
5 -110.16
6 6.45
7 2.64
8 -6.45
9 10.84
10 -54.20
11 -104.88
0 7.32
1 -3.52
2 -7.91
3 14.94
4 -58.59
5 -110.16
6 6.15
7 4.39
8 -1.17
9 10.84
10 -54.20
11 -104.88
0 7.32
1 -1.17
2 -7.91
3 14.94
4 -58.59
5 -110.16
6 6.45
7 4.39
8 -1.46
9 10.84
10 -54.20
11 -104.88
0 7.32
1 -1.17
2 -8.20
3 14.94
4 -58.59
5 -110.16
6 6.74
7 4.10
8 -1.76
9 10.84
10 -54.20
11 -104.88
0 7.32
1 -1.17
2 -8.20
3 14.94
4 -58.59
5 -110.16
6 6.74
7 4.10
8 -1.76
9 10.84
10 -54.20
11 -104.88
0 7.32
1 -1.17
2 -8.20
3 14.94
4 -58.59
5 -109.86
6 6.74
7 4.10
8 -1.76
9 10.84
10 -54.20
11 -104.88
0 7.32
1 -0.88
2 -7.91
3 14.94
4 -58.59
5 -109.86
6 6.74
7 4.10
8 -1.76
9 10.84
10 -54.20
11 -104.88
0 7.32
1 -1.17
2 -8.20
3 14.94
4 -58.59
5 -109.86
6 6.74
7 4.10
8 -1.76
9 11.13
10 -54.20
11 -104.88
0 7.32
1 -1.17
2 -7.91
3 15.23
4 -58.59
5 -109.86
6 6.74
7 4.10
8 -1.76
9 12.01
10 -54.20
11 -104.88
0 7.03
1 -1.17
2 -8.20
3 13.18
4 -58.59
5 -109.28
6 6.74
7 4.10
8 -1.76
9 12.30
10 -54.20
11 -105.47
0 7.03
1 -1.17
2 -8.20
3 11.43
4 -58.59
5 -102.83
6 6.74
7 3.81
8 -1.76
9 12.01
10 -53.91
11 -103.71
0 7.03
1 -1.17
2 -7.91
3 10.25
4 -56.54
5 -94.34
6 6.74
7 3.81
8 -1.76
9 11.43
10 -50.68
11 -94.34
0 7.03
1 -1.17
2 -8.20
3 9.08
4 -51.86
5 -84.96
6 6.74
7 4.10
8 -1.76
9 11.43
10 -46.88
11 -84.67
0 7.32
1 -1.17
2 -8.20
3 7.91
4 -46.00
5 -75.29
6 7.03
7 4.10
8 -1.76
9 11.13
10 -40.43
11 -74.71
0 7.32
1 -1.17
2 -8.20
3 7.32
4 -38.67
5 -62.11
6 6.74
7 4.10
8 -1.76
9 11.43
10 -33.40
11 -63.28
0 7.32
1 -1.46
2 -8.20
3 6.45
4 -31.05
5 -50.10
6 6.74
7 4.10
8 -1.76
9 11.13
10 -27.83
11 -51.56
0 7.32
1 -1.76
2 -7.91
3 6.15
4 -24.90
5 -38.96
6 7.03
7 4.10
8 -1.76
9 11.13
10 -22.27
11 -39.55
0 7.62
1 -1.76
2 -7.91
3 6.15
4 -19.34
5 -29.30
6 6.74
7 4.10
8 -1.76
9 10.84
10 -17.29
11 -29.30
0 7.32
1 -2.34
2 -7.91
3 6.15
4 -14.65
5 -20.80
6 7.03
7 4.10
8 -1.76
9 11.13
10 -13.18
11 -19.92
0 7.32
1 -2.34
2 -8.20
3 6.15
4 -11.13
5 -13.48
6 6.74
7 4.10
8 -1.76
9 10.84
10 -9.67
11 -12.01
0 7.32
1 -2.34
2 -8.20
3 6.15
4 -8.20
5 -7.62
6 7.03
7 4.10
8 -1.76
9 10.84
10 -6.45
11 -5.86
0 7.62
1 -2.64
2 -7.91
3 6.45
4 -4.98
5 -4.10
6 6.74
7 4.10
8 -1.76
9 10.84
10 -3.81
11 0.00
0 7.62
1 -2.93
2 -7.91
3 6.15
4 -2.05
5 -3.22
6 6.74
7 4.10
8 -1.76
9 10.84
10 -2.93
11 3.22
0 7.32
1 -3.22
2 -7.91
3 6.45
4 -1.46
5 -3.22
6 6.74
7 4.10
8 -1.76
9 10.84
10 -2.34
11 1.76
0 7.32
1 -2.64
2 -7.91
3 6.45
4 -1.46
5 -4.10
6 6.74
7 4.10
8 -1.76
9 11.13
10 -2.64
11 1.76
0 7.32
1 -1.46
2 -7.91
3 7.32
4 -1.76
5 -4.10
6 7.03
7 4.10
8 -1.76
9 11.43
10 -2.93
11 1.76
0 7.32
1 -1.46
2 -7.91
3 7.32
4 -1.76
5 -4.10
6 6.74
7 4.10
8 -1.46
9 11.43
10 -2.64
11 2.34
0 7.32
1 -1.46
2 -7.91
3 7.03
4 -1.76
5 -4.10
6 6.74
7 4.10
8 -1.76
9 11.43
10 -2.64
11 1.76
0 7.32
1 -1.46
2 -7.91
3 7.32
4 -1.46
5 -4.10
6 6.74
7 4.10
8 -1.76
9 11.43
10 -2.64
11 1.76
0 7.32
1 -1.46
2 -7.91
3 7.32
4 -1.46
5 -4.10
6 6.74
7 4.10
8 -1.76
9 11.43
10 -2.64
11 1.76
0 7.32
1 -1.46
2 -7.91
3 7.32
4 -1.46
5 -4.10
6 6.74
7 4.10
8 -1.76
9 11.43
10 -2.64
11 2.34
0 7.32
1 -1.46
2 -7.91
3 7.32
4 -1.76
5 -4.10
6 6.74
7 4.39
8 -1.46
9 11.13
10 -2.93
11 1.76
0 7.91
1 -1.46
2 -7.91
3 7.32
4 -1.76
5 -4.10
6 8.79
7 4.39
8 -1.76
9 10.84
10 -2.64
11 2.34
0 8.50
1 -1.17
2 -7.91
3 7.03
4 -1.76
5 -4.10
6 9.38
7 4.10
8 -1.76
9 9.96
10 -2.64
11 2.34
0 8.20
1 -1.46
2 -8.20
3 7.03
4 -1.76
5 -4.10
6 9.08
7 4.10
8 -1.76
9 10.25
10 -2.64
11 2.34
0 7.03
1 -1.46
2 -7.91
3 7.32
4 -1.46
5 -4.10
6 9.08
7 3.52
8 -1.76
9 10.25
10 -2.64
11 2.34
0 6.45
1 -1.46
2 -7.91
3 7.32
4 -1.46
5 -4.10
6 9.38
7 2.64
8 -1.76
9 10.25
10 -2.64
11 1.76
0 5.57
1 -4.10
2 -7.91
3 7.91
4 -1.46
5 -4.10
6 9.38
7 -0.59
8 -1.76
9 10.25
10 -2.64
11 1.76
0 5.57
1 -8.79
2 -7.91
3 7.91
4 -1.76
5 -4.10
6 9.38
7 -7.03
8 -1.76
9 10.25
10 -2.93
11 1.76
0 5.57
1 -16.70
2 -7.91
3 7.91
4 -1.46
5 -4.10
6 9.38
7 -16.11
8 -1.76
9 10.25
10 -2.64
11 2.34
0 5.57
1 -26.07
2 -7.62
3 7.91
4 -1.46
5 -4.10
6 8.79
7 -26.37
8 -1.76
9 10.25
10 -2.64
11 1.76
0 6.15
1 -35.74
2 -7.32
3 7.91
4 -1.46
5 -4.10
6 7.62
7 -35.45
8 -1.76
9 10.25
10 -2.64
11 2.34
0 6.15
1 -44.82
2 -7.32
3 7.91
4 -1.76
5 -4.10
6 7.32
7 -44.24
8 -1.76
9 10.25
10 -2.64
11 2.34
0 6.15
1 -53.03
2 -7.32
3 7.91
4 -1.76
5 -4.10
6 7.32
7 -51.56
8 -1.76
9 10.25
10 -2.64
11 2.34
0 6.74
1 -60.94
2 -7.62
3 7.91
4 -1.76
5 -4.10
6 7.32
7 -58.30
8 -3.52
9 10.25
10 -2.64
11 2.34
0 8.20
1 -68.26
2 -8.50
3 7.91
4 -1.76
5 -4.10
6 6.45
7 -61.82
8 -4.69
9 10.25
10 -2.64
11 1.76
0 8.20
1 -69.73
2 -9.08
3 7.91
4 -2.05
5 -4.10
6 6.45
7 -61.82
8 -6.45
9 10.25
10 -2.64
11 2.34
0 8.20
1 -69.43
2 -9.08
3 7.91
4 -1.76
5 -4.10
6 6.45
7 -61.82
8 -6.45
9 10.25
10 -2.64
11 1.76
0 8.20
1 -69.43
2 -9.38
3 7.91
4 -1.76
5 -4.10
6 6.45
7 -61.82
8 -6.45
9 10.25
10 -2.64
11 2.34
0 7.91
1 -69.43
2 -9.38
3 7.91
4 -1.76
5 -4.10
6 6.74
7 -61.82
8 -4.98
9 10.25
10 -2.64
11 2.34
0 7.62
1 -69.43
2 -8.20
3 7.91
4 -1.76
5 -4.10
6 6.45
7 -62.11
8 -3.81
9 10.25
10 -2.93
11 1.76
0 7.62
1 -69.73
2 -7.62
3 7.91
4 -2.05
5 -3.81
6 6.45
7 -62.11
8 -3.52
9 9.96
10 -2.64
11 2.34
0 7.62
1 -70.61
2 -5.57
3 7.91
4 -2.05
5 -3.81
6 6.45
7 -62.11
8 -1.46
9 10.25
10 -2.64
11 1.76
0 7.62
1 -71.78
2 -2.93
3 7.91
4 -2.05
5 -3.81
6 6.15
7 -61.52
8 -1.46
9 10.25
10 -2.64
11 2.34
0 7.62
1 -72.07
2 -2.93
3 7.91
4 -1.76
5 -3.81
6 6.74
7 -59.77
8 -1.76
9 10.25
10 -2.64
11 2.34
0 7.32
1 -71.19
2 -2.93
3 7.91
4 -1.76
5 -3.81
6 7.03
7 -59.77
8 -1.76
9 10.25
10 -2.64
11 1.76
0 7.32
1 -71.19
2 -2.93
3 7.91
4 -1.46
5 -3.81
6 7.03
7 -59.77
8 -1.76
9 10.25
10 -2.93
11 1.76
0 7.32
1 -71.19
2 -2.93
3 8.20
4 -1.46
5 -3.81
6 7.03
7 -59.77
8 -1.76
9 10.25
10 -2.64
11 2.34
0 7.32
1 -71.19
2 -2.93
3 7.91
4 -1.46
5 -3.52
6 7.03
7 -59.77
8 -1.76
9 9.96
10 -2.64
11 1.76
0 7.62
1 -71.19
2 -2.93
3 7.32
4 -1.76
5 -3.81
6 7.32
7 -59.77
8 -1.76
9 9.96
10 -5.86
11 1.76
0 7.62
1 -71.19
2 -2.93
3 6.45
4 -5.86
5 -4.10
6 7.32
7 -59.77
8 -1.76
9 10.55
10 -11.13
11 3.22
0 7.62
1 -71.19
2 -2.93
3 6.45
4 -13.48
5 -3.81
6 7.32
7 -59.77
8 -1.76
9 10.55
10 -21.97
11 3.52
0 7.32
1 -71.19
2 -2.93
3 6.45
4 -23.44
5 -3.81
6 7.32
7 -59.77
8 -1.76
9 10.55
10 -34.57
11 3.52
0 7.32
1 -71.19
2 -2.93
3 6.45
4 -34.28
5 -3.81
6 7.32
7 -59.77
8 -1.76
9 10.55
10 -45.41
11 3.22
0 7.62
1 -71.19
2 -2.93
3 6.74
4 -46.29
5 -3.52
6 7.32
7 -59.77
8 -1.76
9 10.55
10 -54.20
11 3.52
0 7.32
1 -71.19
2 -2.93
3 6.45
4 -57.71
5 -3.22
6 7.32
7 -59.77
8 -1.76
9 10.84
10 -61.52
11 3.22
0 7.32
1 -71.19
2 -2.93
3 6.74
4 -67.68
5 -3.22
6 7.32
7 -59.77
8 -1.76
9 10.84
10 -66.21
11 3.22
0 7.32
1 -71.19
2 -2.93
3 6.45
4 -77.64
5 -3.22
6 7.32
7 -59.77
8 -1.76
9 11.13
10 -69.14
11 3.22
0 7.32
1 -71.19
2 -2.93
3 7.03
4 -83.20
5 -3.52
6 7.32
7 -59.77
8 -1.76
9 11.13
10 -69.14
11 3.22
0 7.32
1 -71.19
2 -2.93
3 7.62
4 -83.50
5 -4.98
6 7.32
7 -59.77
8 -1.76
9 11.13
10 -68.85
11 3.22
0 7.32
1 -71.19
2 -2.93
3 7.91
4 -83.20
5 -4.39
6 7.32
7 -59.77
8 -1.76
9 11.13
10 -67.38
11 2.93
0 7.32
1 -71.19
2 -2.93
3 8.20
4 -83.20
5 -4.39
6 7.32
7 -59.77
8 -1.76
9 11.13
10 -67.38
11 2.93
0 7.32
1 -71.19
2 -2.93
3 7.91
4 -83.20
5 -4.39
6 7.32
7 -59.77
8 -1.76
9 11.13
10 -67.38
11 2.93
0 7.32
1 -71.19
2 -2.93
3 7.91
4 -83.20
5 -4.69
6 7.32
7 -59.77
8 -1.76
9 11.13
10 -67.38
11 2.93
0 7.32
1 -71.19
2 -2.93
3 7.91
4 -83.20
5 -4.39
6 7.32
7 -59.77
8 -1.76
9 11.13
10 -67.38
11 2.93
0 7.32
1 -71.19
2 -2.93
3 7.91
4 -82.91
5 -4.39
6 7.32
7 -59.77
8 -1.76
9 11.13
10 -67.38
11 2.93
0 7.32
1 -71.19
2 -2.93
3 7.91
4 -83.20
5 -4.39
6 7.32
7 -59.77
8 -1.76
9 11.13
10 -67.38
11 2.93
0 7.32
1 -71.19
2 -2.93
3 7.91
4 -83.20
5 -4.39
6 7.32
7 -59.77
8 -1.76
9 11.43
10 -67.38
11 2.93
0 7.32
1 -71.19
2 -2.93
3 7.91
4 -83.20
5 -4.39
6 7.32
7 -59.77
8 -1.76
9 11.13
10 -67.38
11 2.93
0 7.32
1 -71.19
2 -2.93
3 7.91
4 -83.20
5 -4.39
6 7.32
7 -59.77
8 -1.76
9 11.13
10 -67.38
11 2.93
0 7.32
1 -71.19
2 -2.93
3 7.91
4 -83.20
5 -4.39
6 7.32
7 -59.77
8 -1.76
9 11.13
10 -67.38
11 2.93
0 7.32
1 -71.19
2 -2.93
3 7.91
4 -83.20
5 -4.69
6 7.32
7 -59.77
8 -1.76
9 11.13
10 -67.38
11 2.93
0 7.32
1 -71.19
2 -2.93
3 7.91
4 -82.91
5 -4.39
6 7.32
7 -59.77
8 -2.34
9 11.13
10 -67.38
11 2.93
0 7.32
1 -71.19
2 -2.93
3 8.20
4 -83.20
5 -4.39
6 7.32
7 -59.77
8 -3.52
9 11.13
10 -67.38
11 2.93
0 6.74
1 -70.90
2 -3.22
3 7.91
4 -83.20
5 -4.39
6 7.62
7 -59.77
8 -6.45
9 11.13
10 -67.38
11 2.93
0 6.74
1 -71.78
2 -6.74
3 7.91
4 -83.20
5 -4.39
6 7.32
7 -59.47
8 -12.60
9 11.13
10 -67.38
11 2.93
0 7.91
1 -71.78
2 -12.30
3 8.20
4 -83.20
5 -4.39
6 7.03
7 -59.47
8 -20.80
9 11.13
10 -67.38
11 2.93
0 7.91
1 -71.78
2 -21.68
3 7.91
4 -83.20
5 -4.39
6 6.74
7 -59.47
8 -28.71
9 11.13
10 -67.38
11 2.93
0 7.91
1 -71.78
2 -33.40
3 7.91
4 -83.20
5 -4.39
6 6.74
7 -59.47
8 -38.09
9 11.13
10 -67.38
11 2.93
0 7.62
1 -72.66
2 -43.65
3 7.91
4 -83.20
5 -4.39
6 6.74
7 -59.77
8 -48.93
9 11.13
10 -67.38
11 2.93
0 7.91
1 -72.95
2 -54.49
3 7.91
4 -83.20
5 -4.39
6 6.74
7 -61.23
8 -58.30
9 11.43
10 -67.38
11 2.93
0 7.91
1 -73.54
2 -63.87
3 7.91
4 -83.20
5 -4.39
6 6.74
7 -61.82
8 -65.92
9 11.13
10 -67.38
11 2.93
0 7.62
1 -76.46
2 -72.07
3 7.91
4 -83.20
5 -4.39
6 6.74
7 -64.16
8 -70.90
9 11.13
10 -67.38
11 2.93
0 5.27
1 -77.93
2 -77.93
3 7.91
4 -83.20
5 -4.39
6 6.74
7 -67.38
8 -73.83
9 11.13
10 -67.38
11 2.93
0 4.98
1 -79.39
2 -81.74
3 7.91
4 -83.20
5 -4.39
6 6.74
7 -68.55
8 -76.17
9 11.13
10 -67.38
11 2.93
0 4.98
1 -82.03
2 -84.67
3 7.91
4 -82.91
5 -4.39
6 6.74
7 -70.31
8 -78.22
9 11.13
10 -67.38
11 2.93
0 4.98
1 -83.79
2 -85.25
3 7.91
4 -83.20
5 -4.39
6 6.74
7 -71.19
8 -78.81
9 11.13
10 -67.38
11 2.93
0 5.57
1 -83.79
2 -84.96
3 7.91
4 -82.91
5 -4.39
6 7.03
7 -71.48
8 -79.10
9 11.13
10 -67.38
11 2.93
0 5.57
1 -82.62
2 -84.67
3 8.20
4 -83.20
5 -4.39
6 7.03
7 -71.19
8 -79.10
9 11.13
10 -67.38
11 2.93
0 5.57
1 -82.62
2 -84.96
3 7.91
4 -82.91
5 -4.39
6 7.03
7 -71.48
8 -79.10
9 11.13
10 -67.38
11 2.93
0 5.57
1 -82.62
2 -84.96
3 8.20
4 -82.91
5 -4.39
6 7.03
7 -71.78
8 -78.81
9 11.13
10 -67.38
11 2.93
0 5.57
1 -82.03
2 -84.96
3 7.91
4 -82.91
5 -4.39
6 6.74
7 -75.00
8 -78.81
9 11.13
10 -67.38
11 2.93
0 5.57
1 -81.45
2 -84.96
3 7.91
4 -83.20
5 -4.39
6 6.45
7 -78.22
8 -78.81
9 11.13
10 -67.38
11 2.64
0 6.15
1 -79.98
2 -84.67
3 8.20
4 -83.20
5 -4.39
6 6.45
7 -77.93
8 -78.81
9 11.43
10 -67.38
11 2.93
0 6.15
1 -77.64
2 -84.08
3 7.91
4 -83.20
5 -4.39
6 6.45
7 -76.76
8 -78.81
9 11.13
10 -67.38
11 2.93
0 6.15
1 -75.88
2 -81.45
3 7.91
4 -83.20
5 -4.39
6 6.45
7 -76.76
8 -78.81
9 11.13
10 -67.38
11 2.93
0 6.45
1 -75.88
2 -79.39
3 7.91
4 -82.91
5 -4.39
6 6.74
7 -76.76
8 -78.81
9 11.13
10 -67.38
11 2.93
0 6.45
1 -75.88
2 -79.39
3 7.91
4 -83.20
5 -4.39
6 6.74
7 -76.76
8 -78.81
9 11.13
10 -67.38
11 2.93
0 6.15
1 -75.88
2 -79.69
3 7.91
4 -83.20
5 -4.39
6 6.74
7 -76.76
8 -78.81
9 11.13
10 -67.38
11 2.93
0 7.32
1 -77.64
2 -78.52
3 7.91
4 -83.20
5 -4.39
6 6.74
7 -76.76
8 -78.81
9 11.13
10 -67.38
11 2.93
0 7.32
1 -78.22
2 -75.59
3 7.91
4 -83.20
5 -4.39
6 6.74
7 -76.76
8 -78.81
9 11.13
10 -67.38
11 2.93
0 7.91
1 -78.22
2 -75.29
3 7.91
4 -83.20
5 -4.39
6 7.03
7 -76.76
8 -78.81
9 11.13
10 -67.38
11 2.93
0 7.62
1 -77.93
2 -75.59
3 7.91
4 -83.20
5 -4.39
6 7.03
7 -77.05
8 -78.81
9 11.13
10 -67.38
11 2.93
0 7.62
1 -77.93
2 -75.59
3 7.91
4 -83.20
5 -4.39
6 6.74
7 -76.76
8 -78.81
9 11.13
10 -67.38
11 2.93
0 7.32
1 -77.93
2 -75.59
3 7.91
4 -82.91
5 -4.39
6 6.74
7 -76.76
8 -78.81
9 11.13
10 -67.38
11 2.93
0 7.62
1 -77.93
2 -75.59
3 7.91
4 -82.91
5 -4.39
6 6.74
7 -76.76
8 -78.81
9 11.13
10 -67.38
11 2.93
0 7.62
1 -77.93
2 -75.59
3 8.50
4 -82.62
5 -5.86
6 6.74
7 -76.76
8 -78.81
9 11.13
10 -67.68
11 0.29
0 7.62
1 -77.93
2 -75.59
3 9.38
4 -81.15
5 -12.30
6 7.62
7 -77.05
8 -78.81
9 10.25
10 -63.87
11 -7.62
0 7.32
1 -77.93
2 -75.59
3 9.38
4 -80.57
5 -22.85
6 7.62
7 -76.76
8 -78.81
9 9.96
10 -60.64
11 -17.29
0 7.32
1 -77.93
2 -75.59
3 9.38
4 -80.57
5 -35.16
6 7.62
7 -76.76
8 -78.81
9 9.67
10 -60.64
11 -28.42
0 7.62
1 -77.93
2 -75.59
3 9.08
4 -80.86
5 -48.34
6 7.62
7 -76.76
8 -78.81
9 9.96
10 -60.64
11 -39.55
0 7.32
1 -77.93
2 -75.59
3 9.08
4 -81.74
5 -59.77
6 7.62
7 -76.76
8 -78.81
9 9.96
10 -61.23
11 -50.10
0 7.32
1 -77.93
2 -75.59
3 9.08
4 -82.62
5 -69.73
6 7.62
7 -76.76
8 -78.81
9 9.96
10 -61.82
11 -58.89
0 7.62
1 -77.93
2 -75.59
3 8.79
4 -83.50
5 -77.64
6 7.62
7 -76.76
8 -78.81
9 9.96
10 -63.87
11 -65.33
0 7.32
1 -77.93
2 -75.59
3 8.79
4 -84.96
5 -83.79
6 7.62
7 -76.76
8 -78.81
9 10.25
10 -64.75
11 -68.26
0 7.62
1 -77.93
2 -75.59
3 8.79
4 -84.96
5 -84.67
6 7.62
7 -76.76
8 -78.81
9 10.25
10 -64.75
11 -67.38
0 7.62
1 -77.93
2 -75.59
3 8.79
4 -84.96
5 -83.50
6 7.62
7 -76.76
8 -78.81
9 10.55
10 -65.62
11 -67.09
0 7.32
1 -77.93
2 -75.59
3 8.79
4 -84.96
5 -83.50
6 7.62
7 -76.76
8 -78.81
9 10.55
10 -65.92
11 -67.38
0 7.32
1 -77.93
2 -75.59
3 8.79
4 -84.37
5 -83.50
6 7.62
7 -76.76
8 -78.81
9 10.84
10 -65.92
11 -67.09
0 7.32
1 -77.93
2 -75.59
3 8.50
4 -84.37
5 -83.50
6 7.62
7 -76.76
8 -78.81
9 10.84
10 -65.62
11 -66.50
0 7.32
1 -77.93
2 -75.59
3 8.50
4 -84.37
5 -83.79
6 7.62
7 -76.76
8 -78.81
9 10.84
10 -65.62
11 -66.50
0 7.32
1 -77.93
2 -75.59
3 8.50
4 -84.37
5 -83.79
6 7.62
7 -76.76
8 -78.81
9 11.13
10 -65.62
11 -66.50
0 7.62
1 -77.93
2 -75.59
3 8.50
4 -84.08
5 -83.79
6 7.62
7 -76.76
8 -78.81
9 11.13
10 -65.62
11 -66.50
0 7.62
1 -77.93
2 -75.59
3 8.50
4 -84.37
5 -83.79
6 7.62
7 -76.76
8 -78.81
9 11.13
10 -65.62
11 -66.50
0 7.32
1 -77.93
2 -75.59
3 8.50
4 -84.37
5 -83.79
6 7.62
7 -76.76
8 -78.81
9 11.13
10 -65.62
11 -66.50
0 7.62
1 -77.93
2 -75.59
3 7.62
4 -84.67
5 -83.79
6 7.62
7 -76.76
8 -78.81
9 11.13
10 -65.62
11 -66.50
0 7.62
1 -77.64
2 -75.59
3 7.62
4 -84.67
5 -83.79
6 7.62
7 -76.76
8 -78.81
9 11.13
10 -65.62
11 -66.50
0 7.32
1 -77.64
2 -75.59
3 7.32
4 -84.67
5 -83.79
6 7.62
7 -76.76
8 -78.81
9 11.13
10 -65.04
11 -66.50
0 7.62
1 -77.93
2 -75.59
3 7.62
4 -84.67
5 -83.79
6 7.62
7 -76.76
8 -78.81
9 11.13
10 -65.62
11 -66.50
0 7.32
1 -77.64
2 -75.59
3 7.32
4 -84.67
5 -83.79
6 7.62
7 -76.76
8 -78.81
9 11.13
10 -65.62
11 -66.50
0 7.62
1 -77.64
2 -75.59
3 6.74
4 -84.67
5 -83.50
6 7.62
7 -76.76
8 -78.81
9 11.13
10 -65.04
11 -66.50
0 7.62
1 -77.64
2 -75.59
3 6.45
4 -84.67
5 -83.79
6 7.62
7 -76.76
8 -78.81
9 11.13
10 -65.62
11 -66.50
0 7.32
1 -77.64
2 -75.59
3 6.74
4 -84.67
5 -83.50
6 7.62
7 -76.76
8 -78.81
9 10.84
10 -65.62
11 -66.50
0 7.32
1 -77.64
2 -75.59
3 6.74
4 -84.67
5 -83.50
6 7.62
7 -76.76
8 -78.81
9 11.13
10 -65.62
11 -66.50
0 7.62
1 -77.64
2 -75.59
3 7.03
4 -84.67
5 -83.20
6 7.62
7 -76.76
8 -78.81
9 11.13
10 -65.62
11 -66.50
0 7.32
1 -77.64
2 -75.59
3 7.32
4 -84.08
5 -82.62
6 7.62
7 -76.76
8 -78.81
9 11.13
10 -65.04
11 -66.50
0 7.32
1 -77.93
2 -75.59
3 7.62
4 -79.39
5 -79.39
6 7.62
7 -76.76
8 -78.81
9 11.13
10 -65.62
11 -66.50
0 7.32
1 -77.64
2 -75.59
3 7.62
4 -68.55
5 -69.43
6 7.62
7 -76.76
8 -78.81
9 11.13
10 -65.04
11 -66.50
0 7.62
1 -77.64
2 -75.59
3 7.62
4 -53.32
5 -55.37
6 7.62
7 -76.76
8 -78.81
9 11.13
10 -65.04
11 -66.50
0 7.32
1 -77.64
2 -75.59
3 8.79
4 -38.09
5 -39.55
6 7.62
7 -76.76
8 -78.81
9 11.13
10 -65.04
11 -66.50
0 7.62
1 -77.93
2 -75.59
3 9.08
4 -31.05
5 -31.64
6 7.91
7 -76.76
8 -78.81
9 11.13
10 -65.04
11 -66.50
0 7.32
1 -77.64
2 -75.59
3 9.08
4 -34.28
5 -34.28
6 7.62
7 -76.76
8 -78.81
9 11.13
10 -65.04
11 -66.50
0 7.32
1 -77.64
2 -75.59
3 8.79
4 -41.02
5 -40.14
6 7.62
7 -76.76
8 -78.81
9 11.13
10 -65.04
11 -66.50
0 7.32
1 -77.64
2 -75.59
3 8.79
4 -50.10
5 -48.93
6 7.62
7 -76.76
8 -78.81
9 11.13
10 -65.04
11 -66.50
0 7.62
1 -77.64
2 -75.59
3 7.62
4 -59.47
5 -58.30
6 7.62
7 -76.76
8 -78.81
9 11.13
10 -65.04
11 -66.50
0 7.62
1 -77.64
2 -75.59
3 7.32
4 -68.26
5 -67.97
6 7.62
7 -76.76
8 -78.81
9 11.13
10 -65.04
11 -66.50
0 7.32
1 -77.64
2 -75.59
3 7.32
4 -74.71
5 -76.17
6 7.62
7 -76.76
8 -78.81
9 11.13
10 -65.04
11 -66.50
0 7.62
1 -77.64
2 -75.59
3 7.03
4 -78.52
5 -82.32
6 7.62
7 -76.76
8 -78.81
9 11.13
10 -65.04
11 -66.50
0 7.32
1 -77.64
2 -75.59
3 7.03
4 -80.86
5 -83.79
6 7.62
7 -76.76
8 -78.81
9 11.13
10 -65.04
11 -66.50
0 7.32
1 -77.64
2 -75.59
3 7.32
4 -81.15
5 -82.91
6 7.62
7 -76.76
8 -78.81
9 11.13
10 -65.04
11 -66.50
0 7.32
1 -77.64
2 -75.59
3 7.32
4 -79.69
5 -82.91
6 7.62
7 -76.76
8 -78.81
9 11.13
10 -65.04
11 -66.50
0 7.32
1 -77.64
2 -75.59
3 7.32
4 -79.69
5 -82.91
6 7.62
7 -76.76
8 -78.81
9 11.13
10 -65.04
11 -66.50
0 7.32
1 -77.64
2 -75.59
3 7.32
4 -79.69
5 -82.91
6 7.62
7 -76.76
8 -78.81
9 11.13
10 -65.04
11 -66.50
0 7.62
1 -76.17
2 -77.05
3 7.32
4 -79.69
5 -82.91
6 7.62
7 -76.76
8 -78.81
9 11.13
10 -65.04
11 -66.50
0 7.62
1 -72.36
2 -76.76
3 7.32
4 -79.69
5 -82.91
6 7.62
7 -76.76
8 -78.81
9 11.13
10 -65.04
11 -66.50
0 8.20
1 -52.15
2 -66.21
3 7.32
4 -79.69
5 -82.91
6 7.62
7 -76.76
8 -78.81
9 11.13
10 -64.16
11 -66.50
0 8.50
1 -30.76
2 -44.82
3 7.62
4 -79.69
5 -82.91
6 7.62
7 -76.76
8 -78.81
9 11.13
10 -64.16
11 -66.50
0 8.20
1 -22.85
2 -32.52
3 7.32
4 -79.69
5 -82.91
6 7.62
7 -76.76
8 -78.81
9 11.13
10 -64.16
11 -66.50
0 7.62
1 -23.14
2 -31.35
3 7.32
4 -79.69
5 -82.91
6 7.62
7 -76.76
8 -78.81
9 11.13
10 -64.16
11 -66.50
0 7.32
1 -30.76
2 -36.04
3 7.32
4 -79.69
5 -82.91
6 7.62
7 -76.76
8 -78.81
9 11.13
10 -64.16
11 -66.50
0 7.03
1 -46.00
2 -48.34
3 7.32
4 -79.69
5 -82.91
6 7.62
7 -76.76
8 -78.81
9 11.13
10 -64.16
11 -66.50
0 6.45
1 -60.35
2 -63.87
3 7.32
4 -79.69
5 -82.91
6 7.62
7 -76.76
8 -78.81
9 11.13
10 -64.16
11 -66.50
0 6.45
1 -72.66
2 -75.88
3 7.62
4 -79.69
5 -82.91
6 7.62
7 -76.76
8 -78.81
9 11.13
10 -64.16
11 -66.50
0 6.15
1 -81.15
2 -83.79
3 7.32
4 -79.69
5 -82.91
6 7.62
7 -76.76
8 -78.81
9 11.13
10 -64.16
11 -66.50
0 5.57
1 -84.67
2 -87.01
3 7.32
4 -79.69
5 -82.91
6 7.62
7 -76.76
8 -78.81
9 11.13
10 -64.16
11 -66.50
0 7.62
1 -84.67
2 -86.72
3 7.32
4 -79.69
5 -82.91
6 7.62
7 -76.76
8 -78.81
9 11.13
10 -64.16
11 -66.50
0 7.32
1 -84.08
2 -86.72
3 7.32
4 -79.69
5 -82.91
6 7.62
7 -76.76
8 -78.81
9 11.13
10 -64.16
11 -66.50
0 7.32
1 -84.08
2 -86.72
3 7.62
4 -79.69
5 -82.91
6 7.62
7 -76.76
8 -78.81
9 11.13
10 -64.16
11 -66.50
0 7.32
1 -84.08
2 -86.72
3 7.32
4 -79.69
5 -82.91
6 7.62
7 -77.05
8 -78.81
9 11.13
10 -64.16
11 -66.50
0 7.32
1 -84.08
2 -85.25
3 7.32
4 -79.69
5 -82.91
6 7.62
7 -76.76
8 -78.81
9 11.13
10 -64.16
11 -66.50
0 7.32
1 -84.08
2 -85.25
3 7.62
4 -79.69
5 -82.91
6 7.62
7 -76.76
8 -78.81
9 11.13
10 -64.16
11 -66.50
0 7.32
1 -84.08
2 -85.25
3 7.32
4 -79.69
5 -82.91
6 7.62
7 -76.76
8 -78.81
9 11.13
10 -64.16
11 -66.50
0 7.32
1 -84.08
2 -85.25
3 7.32
4 -79.69
5 -82.91
6 7.62
7 -76.76
8 -78.81
9 11.13
10 -65.62
11 -66.50
0 7.32
1 -84.08
2 -85.25
3 7.32
4 -79.69
5 -82.91
6 7.62
7 -76.76
8 -78.81
9 10.25
10 -62.99
11 -64.75
0 7.32
1 -84.08
2 -85.25
3 7.32
4 -79.69
5 -82.91
6 7.62
7 -76.76
8 -78.81
9 9.96
10 -47.46
11 -52.15
0 7.32
1 -84.08
2 -85.25
3 7.32
4 -79.69
5 -82.91
6 7.62
7 -76.76
8 -78.81
9 9.38
10 -26.95
11 -33.98
0 7.32
1 -84.08
2 -85.25
3 7.32
4 -79.69
5 -82.91
6 7.62
7 -76.76
8 -78.81
9 8.50
10 -16.41
11 -25.78
0 7.32
1 -84.08
2 -85.25
3 7.32
4 -79.69
5 -82.91
6 7.62
7 -76.76
8 -78.81
9 7.32
10 -13.18
11 -24.02
0 7.32
1 -84.08
2 -85.25
3 7.32
4 -79.69
5 -82.91
6 7.62
7 -76.76
8 -78.81
9 6.45
10 -16.99
11 -29.59
0 7.62
1 -84.08
2 -85.25
3 7.62
4 -79.69
5 -82.91
6 7.62
7 -76.76
8 -78.81
9 6.15
10 -24.61
11 -38.67
0 7.32
1 -84.08
2 -85.25
3 7.32
4 -79.69
5 -82.91
6 7.62
7 -76.76
8 -78.81
9 6.15
10 -36.33
11 -48.93
0 7.32
1 -84.08
2 -85.25
3 7.32
4 -79.69
5 -82.91
6 7.62
7 -76.76
8 -78.81
9 6.15
10 -49.22
11 -58.59
0 7.32
1 -84.08
2 -85.25
3 7.32
4 -79.69
5 -82.91
6 7.62
7 -76.76
8 -78.81
9 6.15
10 -57.13
11 -64.16
0 7.32
1 -84.08
2 -85.25
3 7.32
4 -79.69
5 -82.91
6 7.62
7 -76.76
8 -78.81
9 6.15
10 -63.87
11 -68.55
0 7.32
1 -84.08
2 -85.25
3 7.32
4 -79.69
5 -82.91
6 7.62
7 -76.76
8 -78.81
9 6.15
10 -67.09
11 -70.31
0 7.32
1 -84.08
2 -85.25
3 7.62
4 -79.69
5 -82.91
6 7.62
7 -76.76
8 -78.81
9 7.62
10 -67.38
11 -69.14
0 7.32
1 -84.08
2 -85.25
3 7.32
4 -79.69
5 -82.91
6 7.62
7 -76.76
8 -78.81
9 8.20
10 -66.80
11 -68.85
0 7.62
1 -84.08
2 -85.55
3 7.32
4 -79.69
5 -82.91
6 7.62
7 -76.76
8 -78.81
9 8.20
10 -66.80
11 -68.85
0 7.32
1 -84.08
2 -85.25
3 7.62
4 -79.69
5 -82.91
6 7.62
7 -76.76
8 -78.81
9 8.20
10 -66.80
11 -69.14
0 7.62
1 -84.08
2 -85.55
3 7.32
4 -79.69
5 -82.91
6 7.62
7 -76.76
8 -78.81
9 8.20
10 -66.80
11 -68.85
0 7.62
1 -84.08
2 -85.55
3 7.32
4 -79.69
5 -82.91
6 7.62
7 -76.76
8 -78.81
9 8.20
10 -66.80
11 -68.85
0 7.32
1 -84.08
2 -85.55
3 7.62
4 -79.69
5 -82.91
6 8.79
7 -75.88
8 -78.22
9 8.20
10 -66.80
11 -68.85
0 7.32
1 -84.08
2 -85.25
3 7.62
4 -79.69
5 -82.91
6 8.50
7 -67.68
8 -73.54
9 8.20
10 -66.80
11 -68.85
0 7.32
1 -84.08
2 -85.55
3 7.62
4 -79.69
5 -82.91
6 7.62
7 -50.39
8 -59.47
9 8.20
10 -66.80
11 -68.85
0 7.62
1 -84.08
2 -85.55
3 7.62
4 -79.69
5 -82.91
6 7.32
7 -31.64
8 -38.09
9 8.20
10 -66.80
11 -68.85
0 7.32
1 -84.08
2 -85.25
3 7.62
4 -79.69
5 -82.91
6 6.74
7 -21.09
8 -26.07
9 8.20
10 -67.09
11 -68.85
0 7.32
1 -84.08
2 -85.25
3 7.62
4 -79.69
5 -82.91
6 7.03
7 -22.27
8 -26.07
9 8.20
10 -66.80
11 -68.85
0 7.32
1 -84.08
2 -85.55
3 7.62
4 -79.69
5 -82.91
6 6.74
7 -29.59
8 -30.18
9 8.20
10 -66.80
11 -68.85
0 7.32
1 -84.08
2 -85.55
3 7.62
4 -79.69
5 -82.91
6 7.32
7 -41.89
8 -40.14
9 8.20
10 -66.80
11 -68.85
0 7.32
1 -84.08
2 -85.55
3 7.32
4 -79.69
5 -82.91
6 7.32
7 -54.20
8 -53.32
9 8.20
10 -66.80
11 -68.85
0 7.32
1 -84.08
2 -85.55
3 7.62
4 -79.69
5 -82.91
6 7.62
7 -64.75
8 -65.92
9 8.20
10 -67.09
11 -68.85
0 7.32
1 -84.08
2 -85.25
3 7.62
4 -79.69
5 -82.91
6 7.03
7 -73.24
8 -75.00
9 8.20
10 -66.80
11 -68.85
0 7.32
1 -84.08
2 -85.55
3 7.32
4 -79.69
5 -82.91
6 7.03
7 -79.10
8 -82.32
9 8.20
10 -66.80
11 -68.85
0 7.32
1 -84.08
2 -85.55
3 7.32
4 -79.69
5 -82.91
6 6.74
7 -85.25
8 -89.36
9 8.20
10 -66.80
11 -68.85
0 7.32
1 -84.08
2 -85.55
3 7.62
4 -79.69
5 -82.91
6 6.45
7 -89.36
8 -93.46
9 8.20
10 -66.80
11 -68.85
0 7.32
1 -84.08
2 -85.55
3 7.32
4 -79.69
5 -82.91
6 6.74
7 -90.53
8 -93.75
9 8.20
10 -66.80
11 -69.14
0 7.32
1 -84.08
2 -85.25
3 7.32
4 -79.69
5 -82.91
6 6.45
7 -90.53
8 -93.75
9 8.20
10 -66.80
11 -68.85
0 7.32
1 -84.08
2 -85.25
3 7.62
4 -79.69
5 -82.91
6 6.45
7 -90.53
8 -93.75
9 8.20
10 -66.80
11 -68.85
0 7.32
1 -84.08
2 -85.55
3 7.32
4 -79.69
5 -82.91
6 6.45
7 -90.53
8 -93.75
9 8.20
10 -66.80
11 -68.85
0 7.32
1 -84.08
2 -85.55
3 7.62
4 -79.69
5 -82.91
6 6.45
7 -90.23
8 -93.46
9 8.20
10 -66.80
11 -68.85
0 7.32
1 -84.08
2 -85.55
3 7.62
4 -79.69
5 -82.91
6 6.74
7 -89.65
8 -93.46
9 8.20
10 -66.80
11 -68.85
0 7.32
1 -84.08
2 -85.55
3 7.32
4 -79.69
5 -82.91
6 6.74
7 -89.65
8 -93.46
9 8.20
10 -66.80
11 -69.14
0 7.32
1 -84.08
2 -85.55
3 7.62
4 -79.69
5 -82.91
6 7.03
7 -89.36
8 -93.46
9 8.20
10 -66.80
11 -69.14
0 7.32
1 -84.08
2 -85.55
3 7.32
4 -79.69
5 -82.91
6 6.74
7 -89.36
8 -93.46
9 8.20
10 -66.80
11 -68.85
0 7.62
1 -84.08
2 -85.55
3 7.62
4 -79.69
5 -82.91
6 6.74
7 -89.36
8 -93.46
9 8.20
10 -66.80
11 -69.14
0 7.32
1 -84.08
2 -85.55
3 7.32
4 -79.69
5 -82.91
6 6.74
7 -89.36
8 -93.46
9 8.20
10 -66.80
11 -69.14
0 7.32
1 -84.08
2 -85.55
3 7.62
4 -79.69
5 -82.91
6 6.74
7 -89.36
8 -93.46
9 8.20
10 -66.80
11 -69.14
0 7.62
1 -84.08
2 -85.55
3 7.32
4 -79.69
5 -82.91
6 6.74
7 -89.36
8 -93.46
9 8.20
10 -66.80
11 -69.14
0 7.32
1 -84.08
2 -85.25
3 7.91
4 -79.69
5 -82.91
6 6.74
7 -89.36
8 -93.46
9 8.20
10 -66.80
11 -68.85
0 7.32
1 -84.08
2 -85.55
3 8.20
4 -79.98
5 -82.91
6 6.74
7 -89.36
8 -93.75
9 8.50
10 -67.09
11 -69.14
0 7.32
1 -84.08
2 -85.55
3 8.20
4 -79.39
5 -82.03
6 6.74
7 -89.36
8 -93.46
9 8.20
10 -65.04
11 -68.26
0 7.62
1 -84.08
2 -85.55
3 8.79
4 -77.05
5 -80.27
6 6.74
7 -89.36
8 -93.46
9 8.20
10 -61.52
11 -65.33
0 7.32
1 -84.08
2 -85.55
3 8.79
4 -71.48
5 -72.95
6 6.74
7 -89.36
8 -93.46
9 7.91
10 -51.86
11 -58.30
0 7.32
1 -84.08
2 -85.55
3 8.79
4 -61.23
5 -59.77
6 7.03
7 -89.36
8 -93.46
9 7.91
10 -40.14
11 -47.75
0 7.32
1 -84.08
2 -85.55
3 7.32
4 -48.93
5 -48.05
6 7.03
7 -89.36
8 -93.46
9 8.20
10 -28.42
11 -35.45
0 7.32
1 -84.08
2 -85.25
3 6.74
4 -35.74
5 -36.04
6 6.74
7 -89.36
8 -93.46
9 8.20
10 -17.87
11 -25.20
0 7.32
1 -84.08
2 -85.55
3 6.45
4 -24.32
5 -23.44
6 7.03
7 -89.36
8 -93.46
9 7.91
10 -9.38
11 -15.82
0 7.32
1 -84.08
2 -85.55
3 6.45
4 -14.36
5 -13.77
6 6.74
7 -89.36
8 -93.46
9 8.20
10 -2.93
11 -7.62
0 7.32
1 -84.08
2 -85.55
3 6.45
4 -7.32
5 -6.15
6 6.74
7 -89.36
8 -93.46
9 7.91
10 0.00
11 -3.22
0 7.62
1 -84.08
2 -85.55
3 6.45
4 -2.05
5 -1.17
6 7.03
7 -89.36
8 -93.46
9 7.91
10 1.17
11 -2.64
0 7.32
1 -84.08
2 -85.55
3 7.03
4 -1.17
5 -1.46
6 6.74
7 -89.36
8 -93.46
9 7.91
10 0.59
11 -2.93
0 7.32
1 -84.08
2 -85.55
3 8.20
4 -1.17
5 -1.46
6 6.74
7 -89.36
8 -93.46
9 7.91
10 0.59
11 -2.93
0 7.32
1 -84.08
2 -85.55
3 8.20
4 -1.17
5 -1.46
6 6.74
7 -89.36
8 -93.46
9 8.20
10 0.59
11 -2.64
0 7.32
1 -84.08
2 -85.55
3 8.20
4 -1.17
5 -1.46
6 6.74
7 -89.36
8 -93.46
9 7.91
10 0.59
11 -2.93
0 7.32
1 -84.08
2 -85.84
3 8.20
4 -1.17
5 -1.46
6 6.74
7 -88.48
8 -93.16
9 8.20
10 0.59
11 -2.64
0 7.62
1 -81.74
2 -82.62
3 8.20
4 -1.17
5 -1.46
6 7.03
7 -79.69
8 -89.94
9 7.91
10 0.59
11 -2.93
0 7.62
1 -73.54
2 -71.78
3 8.20
4 -1.17
5 -1.46
6 7.03
7 -64.45
8 -79.98
9 7.91
10 0.59
11 -2.93
0 7.32
1 -60.94
2 -57.13
3 8.20
4 -1.17
5 -1.46
6 7.32
7 -47.46
8 -65.04
9 8.20
10 0.59
11 -2.93
0 7.32
1 -47.46
2 -42.48
3 8.20
4 -1.17
5 -1.46
6 7.03
7 -31.93
8 -50.39
9 7.91
10 0.59
11 -2.93
0 7.32
1 -33.69
2 -28.42
3 8.20
4 -1.17
5 -1.46
6 7.32
7 -18.46
8 -36.33
9 8.20
10 0.59
11 -2.93
0 7.32
1 -21.09
2 -16.99
3 8.20
4 -1.46
5 -1.46
6 7.32
7 -8.20
8 -23.44
9 7.91
10 0.59
11 -2.93
0 6.74
1 -10.84
2 -7.32
3 8.20
4 -1.46
5 -1.46
6 7.03
7 -1.76
8 -10.84
9 7.91
10 0.59
11 -2.64
0 6.45
1 -3.22
2 -0.59
3 8.20
4 -1.46
5 -1.46
6 7.03
7 2.05
8 -3.81
9 7.91
10 0.59
11 -2.93
0 6.74
1 -1.17
2 2.93
3 8.20
4 -1.46
5 -1.46
6 7.03
7 3.52
8 -1.76
9 7.91
10 0.59
11 -2.93
0 6.45
1 1.46
2 2.64
3 8.20
4 -1.46
5 -1.46
6 7.03
7 4.69
8 -2.93
9 8.20
10 0.59
11 -2.93
0 6.45
1 1.76
2 2.05
3 8.20
4 -1.46
5 -1.76
6 7.03
7 4.69
8 -2.93
9 7.91
10 0.59
11 -2.93
0 6.45
1 2.05
2 1.46
3 8.20
4 -1.46
5 -1.76
6 7.03
7 4.69
8 -2.93
9 8.20
10 0.59
11 -2.64
0 6.45
1 2.05
2 0.88
3 8.20
4 -1.46
5 -1.46
6 7.03
7 4.69
8 -2.93
9 7.91
10 0.59
11 -2.93
0 5.57
1 2.05
2 0.88
3 8.20
4 -1.17
5 -1.46
6 7.03
7 4.10
8 -2.93
9 8.20
10 0.59
11 -2.93
0 4.98
1 2.34
2 -1.17
3 8.20
4 -1.46
5 -1.46
6 7.03
7 4.10
8 -2.93
9 9.08
10 -2.34
11 -4.10
0 5.57
1 2.93
2 -7.32
3 7.62
4 -4.69
5 -1.46
6 7.03
7 2.93
8 -2.93
9 14.06
10 -5.86
11 -4.39
0 4.69
1 4.98
2 -14.94
3 7.03
4 -7.62
5 -1.46
6 7.32
7 0.88
8 -1.76
9 18.75
10 -5.86
11 -11.43
0 4.39
1 5.57
2 -23.73
3 6.74
4 -7.91
5 -1.17
6 7.62
7 -2.64
8 -1.76
9 22.27
10 -3.52
11 -23.14
0 3.81
1 6.74
2 -33.98
3 6.45
4 -7.91
5 -0.88
6 7.91
7 -5.86
8 -1.76
9 24.02
10 -3.52
11 -36.04
0 3.52
1 7.91
2 -42.19
3 6.45
4 -7.91
5 -1.17
6 7.62
7 -9.08
8 -1.76
9 26.66
10 -3.81
11 -47.46
0 2.64
1 7.62
2 -48.34
3 6.74
4 -8.50
5 -0.59
6 8.50
7 -11.13
8 -2.64
9 26.95
10 -4.98
11 -56.54
0 2.64
1 5.86
2 -52.15
3 6.15
4 -10.84
5 -0.59
6 8.79
7 -12.60
8 -2.64
9 26.07
10 -4.69
11 -62.99
0 2.64
1 5.86
2 -60.94
3 6.15
4 -12.01
5 -0.59
6 8.79
7 -12.89
8 -2.64
9 25.20
10 -4.98
11 -69.43
0 3.22
1 7.32
2 -67.68
3 7.62
4 -12.30
5 -0.59
6 9.08
7 -13.18
8 -2.64
9 25.20
10 -5.27
11 -73.54
0 3.52
1 5.86
2 -74.71
3 8.79
4 -12.30
5 -0.59
6 7.62
7 -13.18
8 -2.64
9 24.61
10 -6.45
11 -77.05
0 5.27
1 4.98
2 -81.45
3 7.32
4 -12.89
5 -0.29
6 7.62
7 -12.89
8 -2.64
9 22.85
10 -7.91
11 -80.86
0 5.27
1 0.00
2 -87.89
3 7.32
4 -15.23
5 -0.59
6 8.79
7 -13.77
8 -2.93
9 18.75
10 -11.72
11 -88.77
0 5.27
1 -9.67
2 -96.09
3 7.32
4 -14.94
5 -1.17
6 8.79
7 -12.89
8 -2.93
9 16.11
10 -18.46
11 -101.37
0 4.98
1 -19.04
2 -105.18
3 6.74
4 -14.06
5 -1.46
6 7.62
7 -12.30
8 -2.93
9 16.11
10 -26.07
11 -114.55
0 2.34
1 -26.37
2 -115.72
3 7.03
4 -13.77
5 -1.46
6 7.62
7 -11.13
8 -2.93
9 17.29
10 -31.05
11 -126.27
0 2.05
1 -33.40
2 -124.22
3 7.03
4 -13.48
5 -1.46
6 7.03
7 -11.13
8 -2.93
9 17.58
10 -37.21
11 -136.23
0 2.64
1 -37.21
2 -131.25
3 7.32
4 -13.48
5 -1.76
6 6.74
7 -11.13
8 -2.93
9 17.29
10 -43.07
11 -141.21
0 2.64
1 -42.19
2 -137.99
3 7.62
4 -13.18
5 -1.76
6 7.03
7 -11.13
8 -2.93
9 17.29
10 -45.12
11 -142.09
0 2.64
1 -46.00
2 -141.21
3 8.50
4 -13.18
5 -1.76
6 7.03
7 -11.13
8 -2.93
9 17.87
10 -48.93
11 -142.09
0 2.64
1 -46.58
2 -141.21
3 8.50
4 -13.18
5 -1.76
6 7.03
7 -11.13
8 -2.93
9 18.16
10 -48.93
11 -142.09
0 2.93
1 -46.58
2 -141.21
3 8.20
4 -13.18
5 -1.76
6 7.03
7 -11.13
8 -2.93
9 18.16
10 -48.34
11 -142.09
0 2.93
1 -46.58
2 -141.21
3 8.20
4 -13.18
5 -1.76
6 7.03
7 -11.13
8 -2.93
9 18.16
10 -48.34
11 -142.09
0 2.93
1 -46.58
2 -141.21
3 7.91
4 -13.18
5 -1.76
6 7.03
7 -11.13
8 -2.93
9 18.16
10 -48.34
11 -142.09
0 2.93
1 -46.88
2 -141.21
3 9.38
4 -13.48
5 -2.93
6 6.45
7 -11.13
8 -3.81
9 18.16
10 -48.93
11 -142.38
0 3.22
1 -46.58
2 -141.21
3 10.84
4 -15.53
5 -4.39
6 6.15
7 -10.55
8 -8.20
9 18.16
10 -48.93
11 -142.68
0 3.81
1 -46.58
2 -141.21
3 9.38
4 -14.65
5 -10.84
6 6.74
7 -10.25
8 -19.63
9 18.16
10 -48.93
11 -142.38
0 4.39
1 -46.58
2 -141.21
3 8.79
4 -13.48
5 -21.68
6 6.74
7 -10.25
8 -33.98
9 18.16
10 -48.34
11 -142.38
0 4.69
1 -46.58
2 -140.92
3 9.38
4 -13.48
5 -32.81
6 7.62
7 -10.25
8 -46.29
9 17.29
10 -48.34
11 -142.38
0 4.10
1 -46.58
2 -141.50
3 12.01
4 -14.06
5 -41.89
6 5.57
7 -11.43
8 -53.61
9 16.70
10 -48.93
11 -142.68
0 4.39
1 -46.58
2 -141.50
3 12.89
4 -14.65
5 -48.34
6 2.93
7 -16.11
8 -55.08
9 16.99
10 -51.56
11 -142.68
0 4.39
1 -46.00
2 -141.50
3 12.60
4 -15.53
5 -55.37
6 1.76
7 -17.58
8 -55.08
9 16.99
10 -55.66
11 -142.68
0 3.52
1 -45.12
2 -141.50
3 13.77
4 -18.16
5 -65.92
6 2.05
7 -23.44
8 -58.30
9 16.70
10 -59.18
11 -142.68
0 2.93
1 -45.12
2 -141.21
3 13.48
4 -23.44
5 -80.57
6 4.39
7 -29.00
8 -68.26
9 16.99
10 -62.11
11 -142.68
0 2.93
1 -45.12
2 -141.50
3 13.48
4 -26.07
5 -97.56
6 4.98
7 -31.93
8 -82.91
9 16.99
10 -64.45
11 -142.68
0 2.93
1 -45.12
2 -141.50
3 12.89
4 -26.37
5 -111.62
6 5.27
7 -34.57
8 -98.44
9 16.99
10 -65.04
11 -142.68
0 3.81
1 -45.12
2 -141.50
3 12.30
4 -26.37
5 -120.70
6 5.27
7 -38.96
8 -112.50
9 16.99
10 -65.04
11 -142.68
0 4.10
1 -46.58
2 -141.50
3 11.72
4 -28.12
5 -124.22
6 5.27
7 -40.72
8 -125.68
9 16.99
10 -64.75
11 -142.68
0 4.39
1 -46.88
2 -141.50
3 11.43
4 -31.05
5 -124.80
6 4.98
7 -43.36
8 -134.47
9 16.99
10 -65.04
11 -142.68
0 4.69
1 -46.88
2 -141.21
3 11.72
4 -35.16
5 -128.32
6 4.98
7 -48.05
8 -138.87
9 17.29
10 -64.75
11 -142.68
0 4.98
1 -47.17
2 -141.21
3 11.72
4 -40.43
5 -131.84
6 4.69
7 -52.73
8 -141.21
9 17.87
10 -65.04
11 -142.68
0 4.98
1 -48.34
2 -141.21
3 12.01
4 -44.53
5 -133.59
6 4.69
7 -54.20
8 -142.09
9 17.58
10 -65.04
11 -142.68
0 4.69
1 -49.22
2 -141.21
3 12.01
4 -44.82
5 -133.89
6 4.10
7 -54.20
8 -142.09
9 17.87
10 -65.04
11 -142.68
0 4.69
1 -49.22
2 -141.21
3 12.01
4 -44.82
5 -133.89
6 4.10
7 -54.20
8 -142.09
9 17.58
10 -65.04
11 -142.68
0 4.69
1 -49.22
2 -141.21
3 12.01
4 -44.53
5 -133.59
6 4.10
7 -54.20
8 -142.09
9 17.58
10 -65.04
11 -142.68
0 4.69
1 -49.22
2 -141.21
3 12.01
4 -44.53
5 -133.89
6 4.10
7 -54.20
8 -142.09
9 17.58
10 -65.04
11 -142.68
0 4.69
1 -49.22
2 -141.21
3 12.01
4 -44.53
5 -133.89
6 4.10
7 -54.20
8 -142.09
9 17.29
10 -65.04
11 -142.68
0 4.98
1 -49.22
2 -141.21
3 12.01
4 -44.53
5 -133.89
6 4.10
7 -54.20
8 -142.09
9 17.58
10 -65.04
11 -142.68
0 4.69
1 -49.22
2 -141.21
3 12.01
4 -44.53
5 -133.89
6 4.10
7 -54.20
8 -142.09
9 17.58
10 -65.04
11 -142.68
0 4.69
1 -49.22
2 -141.21
3 12.01
4 -44.82
5 -133.89
6 4.10
7 -54.20
8 -142.09
9 17.87
10 -65.04
11 -142.68
0 4.69
1 -49.22
2 -141.21
3 12.01
4 -44.53
5 -133.89
6 4.10
7 -54.20
8 -142.09
9 17.87
10 -65.04
11 -142.68
0 4.98
1 -49.22
2 -141.21
3 12.01
4 -44.53
5 -133.89
6 4.10
7 -54.20
8 -142.09
9 17.58
10 -65.04
11 -142.68
0 4.69
1 -49.22
2 -141.21
3 12.01
4 -44.53
5 -133.89
6 4.10
7 -54.20
8 -142.09
9 17.58
10 -65.04
11 -142.68
0 4.69
1 -49.22
2 -141.21
3 12.01
4 -44.82
5 -133.89
6 4.10
7 -54.20
8 -142.09
9 17.87
10 -65.04
11 -142.68
0 4.69
1 -49.22
2 -141.21
3 12.01
4 -44.53
5 -133.89
6 4.10
7 -54.20
8 -142.09
9 17.58
10 -65.04
11 -142.68
0 4.69
1 -49.22
2 -140.92
3 12.01
4 -44.82
5 -133.59
6 4.10
7 -54.20
8 -142.09
9 17.58
10 -65.04
11 -142.68
0 4.69
1 -49.22
2 -141.21
3 12.01
4 -44.82
5 -133.89
6 4.10
7 -54.20
8 -142.09
9 17.58
10 -65.04
11 -142.68
0 4.69
1 -49.22
2 -141.21
3 12.01
4 -44.53
5 -133.89
6 4.10
7 -54.20
8 -142.09
9 17.58
10 -65.04
11 -142.68
0 4.69
1 -49.22
2 -141.21
3 12.01
4 -44.53
5 -133.89
6 4.10
7 -54.20
8 -142.09
9 17.58
10 -65.04
11 -142.68
0 4.69
1 -49.22
2 -141.21
3 12.01
4 -44.53
5 -133.89
6 4.10
7 -54.20
8 -142.09
9 17.58
10 -65.04
11 -142.68
0 4.69
1 -49.22
2 -141.21
3 12.01
4 -44.53
5 -133.89
6 4.10
7 -54.20
8 -142.09
9 17.58
10 -65.04
11 -142.68
0 4.69
1 -49.22
2 -141.21
3 12.01
4 -44.53
5 -133.89
6 4.10
7 -54.20
8 -142.09
9 17.58
10 -65.04
11 -142.68
0 4.69
1 -49.22
2 -141.21
3 12.01
4 -44.82
5 -133.89
6 4.10
7 -54.20
8 -142.09
9 17.58
10 -65.04
11 -142.68