1 8.14166038946e-09 -3.47056600352e-06 0.000565460011466 -0.0436127174012 1.56382438253 -19.8774918391 38.956220519
2 -2.18651601027e-09 7.50513579421e-07 -8.05976563216e-05 0.00144129823212 0.225067857325 -10.8309807372 130.9265171
3 8.55509160995e-10 -6.76924468856e-07 0.000183780243349 -0.0219330939712 1.19992110523 -29.3267540368 254.958353932
4 -2.11829558194e-09 8.6137713834e-07 -0.000135070401294 0.0104415616714 -0.42853260571 8.6284922115 17.0895968847
5 1.37184981861e-09 -8.88318933393e-07 0.000207330898148 -0.0227710174335 1.23979305458 -31.0542901289 285.92002283
6 1.53724597589e-08 -6.68138228406e-06 0.00111871892213 -0.0908336081176 3.73715392806 -74.1387963028 559.606636494
7 -2.73141395658e-09 1.3907155082e-06 -0.000282112103395 0.0287450295856 -1.51260152401 36.8156633768 -259.140123682
8 -1.05532739262e-08 4.61192851311e-06 -0.000766762395676 0.0600592459241 -2.24421590473 37.8341517407 -256.519189421
9 -3.10341903317e-10 -1.08082785502e-07 6.06185152405e-05 -0.00824757222194 0.469203311185 -12.1575618579 116.159380386
10 6.36339053524e-10 -9.09749904425e-08 -2.752248217e-05 0.00724499973484 -0.613479436556 21.8808331291 -228.312985524
11 6.34851123654e-09 -2.86363184406e-06 0.000510474148822 -0.0454984001191 2.07992660216 -43.0431630824 346.756179353
12 4.23379214523e-09 -1.87089268169e-06 0.000321369939254 -0.0273697505384 1.21167839237 -26.2288635674 215.381313476
