1 -1.91853731076e-07 3.97203396339e-05 -0.00443157662974 0.332896427793 -11
2 -4.7953144163e-06 0.00173712245919 -0.196500741148 7.19086448128 -97
3 4.37404184785e-06 -0.00205484823914 0.32024083718 -17.7008102816 269
4 1.42631639425e-07 -7.89777402085e-05 0.0175440928116 -1.56003549604 29
5 -3.87488217565e-06 0.00137037376854 -0.147076402306 4.53992974195 -50
6 7.54367004574e-06 -0.00299975835393 0.41456605764 -21.404875564 316
7 -3.29996788639e-07 0.00016704485657 -0.0246888413821 1.20168752586 -11
8 -3.13234360172e-06 0.000997889041744 -0.0867532045229 1.47635311793 -36
9 -8.52566002451e-06 0.00179315848901 -0.0555927925941 -3.50648250399 -7
10 2.95230628794e-07 -0.000111861621467 0.014381542711 -0.616334402271 -2
11 -1.19872673669e-06 0.000489160652597 -0.051684293816 1.18249918265 -44
12 -5.96214415072e-06 0.00101709949667 0.0246477673877 -7.07341703705 62
