specialmove
motor1 -96.09 0.59 -2.05 -96.09 3.22 0.59
motor2 -94.34 2.05 -2.64 -93.75 -0.88 -2.64
motor1 -96.39 0.59 -2.05 -96.09 3.22 0.59
motor2 -94.34 2.05 -2.64 -93.75 -0.88 -2.64
motor1 -96.09 0.88 -2.64 -95.51 3.22 0.59
motor1 -95.80 0.88 -2.64 -96.68 3.22 0.59
motor1 -95.21 0.88 -2.64 -94.34 3.81 1.17
motor1 -95.21 0.88 -2.93 -90.23 3.81 1.76
motor1 -95.21 0.88 -2.64 -76.17 3.81 1.76
motor1 -95.21 0.88 -2.93 -69.73 4.10 2.05
motor1 -95.21 0.88 -2.64 -62.99 4.10 1.76
motor1 -95.21 0.88 -2.93 -55.96 3.81 1.76
motor1 -95.21 0.88 -2.93 -11.43 4.10 1.76
motor1 -95.21 0.88 -2.64 0.59 3.81 2.05
motor1 -95.21 0.88 -2.93 4.10 3.81 1.76
motor1 -95.21 0.88 -2.64 28.42 3.52 0.88
motor1 -95.21 0.88 -2.93 32.81 3.52 0.59
motor1 -94.63 0.88 -2.64 37.79 3.52 0.88
motor1 -95.21 0.88 -2.64 40.72 3.52 0.59
motor1 -95.21 0.88 -2.93 43.65 3.52 0.88
motor1 -95.21 0.88 -2.93 47.46 3.22 0.59
motor1 -95.21 0.88 -2.64 52.44 3.22 0.88
motor1 -95.21 0.88 -2.93 63.28 3.52 0.88
motor1 -95.21 0.88 -2.64 68.85 3.22 0.88
motor1 -95.21 0.88 -2.93 75.00 3.22 0.59
motor1 -95.21 0.88 -2.64 81.74 3.22 0.88
motor2 -7.03 2.05 -2.64 -92.29 -0.59 -2.64
motor1 -95.21 0.88 -2.93 86.13 3.52 0.59
motor1 -95.21 0.88 -2.64 89.36 3.22 0.29
motor2 3.52 2.05 -2.64 -86.13 -0.88 -2.64
motor1 -95.21 0.88 -2.93 95.21 2.93 0.29
motor1 -95.21 0.88 -2.64 95.51 3.22 0.29
motor1 -95.21 0.88 -2.64 97.27 2.64 0.00
motor2 16.41 2.05 -2.64 -76.46 -0.88 -2.64
motor2 16.99 2.05 -2.64 -75.59 -0.59 -2.93
motor1 -94.63 0.88 -2.93 97.27 2.93 0.29
motor1 -95.21 0.88 -2.64 97.27 3.22 0.59
motor2 29.00 2.05 -2.64 -63.57 -0.59 -2.93
motor1 -95.21 0.88 -2.64 97.27 3.22 0.29
motor2 40.14 2.34 -2.64 -53.03 -0.59 -2.93
motor2 45.70 2.05 -2.64 -48.05 -0.59 -2.93
motor2 64.75 2.05 -2.64 -28.42 -0.59 -3.22
motor2 68.55 1.46 -2.64 -24.32 -0.59 -3.22
motor2 75.88 1.46 -2.64 -15.82 -0.59 -2.93
motor1 -91.99 0.88 -2.64 97.27 3.52 0.29
motor1 -89.36 0.88 -2.93 97.27 3.22 0.29
motor2 86.13 1.46 -2.64 -3.52 -0.29 -2.93
motor1 -86.43 0.59 -2.64 97.27 3.22 0.29
motor2 89.06 1.46 -2.93 0.59 -0.59 -2.93
motor2 94.04 1.17 -2.93 9.38 -0.29 -2.93
motor2 95.51 1.17 -2.93 12.89 -0.59 -2.93
motor1 -75.88 -0.88 -2.93 97.27 3.22 0.59
motor2 97.27 1.17 -2.93 15.23 -0.29 -2.93
motor1 -74.71 -1.17 -2.93 97.27 3.22 0.29
motor2 97.27 1.17 -2.93 15.82 -0.59 -2.93
motor1 -73.54 -0.88 -2.93 97.27 3.22 0.59
motor1 -73.24 -0.88 -2.93 97.27 3.52 0.59
motor2 97.56 0.88 -2.93 16.11 -0.29 -3.22
motor2 97.27 2.05 -2.64 15.23 -0.59 -2.93
motor1 -73.54 0.29 -2.93 97.27 3.52 0.29
motor2 96.97 2.05 -2.64 14.06 -0.29 -2.93
motor1 -74.12 0.59 -2.93 96.97 3.22 0.29
motor1 -73.83 0.59 -2.93 97.27 3.52 0.59
motor1 -74.12 0.59 -2.93 96.97 3.52 0.29
motor1 -73.54 0.59 -2.64 97.27 3.52 0.29
motor1 -73.54 0.59 -2.93 95.21 3.52 0.59
motor2 94.63 0.00 -2.64 15.53 0.00 -2.93
motor1 -73.24 0.59 -2.93 93.16 3.81 0.88
motor2 93.16 0.59 -2.64 15.82 -0.29 -3.22
motor2 92.29 0.88 -2.64 16.70 -0.59 -2.93
motor1 -72.95 0.59 -2.93 90.23 3.81 0.88
motor2 91.41 1.17 -2.64 17.29 -0.59 -2.93
motor2 90.53 1.17 -2.93 16.99 -0.59 -2.93
motor2 90.53 1.17 -2.64 15.82 -0.59 -3.22
motor2 90.53 1.46 -2.64 15.82 -0.29 -2.93
motor2 90.53 1.17 -2.93 15.82 -0.59 -2.93
motor1 -69.14 0.59 -2.93 89.65 3.52 0.59
motor2 87.60 1.46 -2.64 33.40 0.00 -2.93
motor2 87.60 1.46 -2.64 38.38 -0.29 -3.22
motor1 -54.49 0.29 -2.93 89.06 3.52 0.59
motor2 87.30 1.46 -2.93 48.93 -0.29 -3.22
motor2 86.43 1.46 -2.64 54.49 -0.29 -3.22
motor1 -38.67 0.29 -2.93 87.89 3.81 0.59
motor2 86.13 1.46 -2.64 58.01 -0.59 -3.22
motor1 -30.76 0.59 -2.93 87.60 3.52 0.59
motor2 83.50 1.17 -2.64 73.83 -0.59 -3.52
motor2 83.20 1.46 -2.93 75.00 -0.59 -3.22
motor1 -16.11 0.59 -2.93 86.13 3.52 0.59
motor2 82.91 1.46 -2.64 73.83 -0.59 -3.22
motor1 -15.23 0.59 -2.93 85.84 3.81 0.59
motor2 82.91 1.46 -2.64 72.95 0.00 -3.52
motor2 82.91 1.46 -2.64 73.24 -0.29 -3.22
motor2 82.32 1.46 -2.64 74.12 -0.59 -3.22
motor1 -1.76 0.59 -2.93 83.20 3.81 0.59
motor1 23.44 0.59 -2.93 81.74 3.52 0.59
motor1 53.32 0.59 -3.22 81.74 3.81 0.88
motor1 61.82 0.59 -3.22 81.74 3.52 0.59
motor1 91.99 0.59 -3.81 81.74 3.81 0.59
motor1 97.27 0.59 -4.10 81.15 3.81 0.88
motor1 97.56 0.29 -4.10 81.15 3.81 0.59
motor1 97.27 0.59 -3.81 81.15 3.52 0.59
motor2 82.03 2.05 -2.64 74.12 -0.59 -3.22
motor1 94.04 0.59 -3.22 81.15 3.81 0.59
motor2 82.03 1.46 -2.64 77.34 -0.59 -3.22
motor2 82.03 1.46 -2.64 94.04 -0.88 -3.22
motor2 81.45 2.05 -2.93 96.97 -1.46 -3.22
motor2 81.45 1.46 -2.64 97.56 -2.64 -3.22
motor2 81.74 2.05 -2.64 96.97 -0.59 -3.22
motor2 82.03 2.05 -2.93 96.68 -0.59 -3.22
motor2 82.32 2.05 -2.64 95.51 -0.59 -3.22
motor2 82.03 2.05 -2.64 96.68 -0.88 -3.22
motor2 82.03 1.46 -2.93 95.51 -2.34 -3.22
motor2 82.03 1.46 -2.64 95.80 -3.81 -2.34
motor2 82.32 1.46 -2.64 95.51 -12.89 -1.17
motor2 82.03 2.05 -2.64 95.80 -16.41 -1.17
motor2 82.03 1.46 -2.93 95.51 -21.68 1.17
motor2 82.03 2.05 -2.64 95.51 -26.07 2.93
motor2 82.03 1.46 -2.64 95.80 -29.30 2.93
motor2 82.03 1.46 -2.64 95.51 -33.98 3.22
motor2 82.91 1.46 -2.64 95.51 -62.11 2.93
motor2 83.20 1.46 -2.64 95.51 -69.43 2.64
motor1 96.68 0.59 -2.93 80.57 3.52 0.59
motor2 83.50 1.46 -2.64 95.21 -76.17 2.34
motor2 84.08 1.46 -2.64 94.92 -85.55 2.34
motor2 84.67 1.46 -2.64 91.11 -86.72 2.34
motor2 85.84 1.46 -2.64 85.55 -88.77 1.76
motor1 95.80 0.88 -2.93 80.57 3.52 0.59
motor2 87.60 1.46 -2.93 79.39 -90.82 1.46
motor2 90.23 1.17 -2.64 71.19 -94.04 1.46
motor2 92.29 1.17 -2.64 62.70 -95.80 1.46
motor2 93.46 1.17 -2.64 55.37 -99.61 1.46
motor2 93.46 1.17 -2.64 49.80 -104.88 1.17
motor2 94.04 1.17 -2.64 43.95 -106.93 1.17
motor1 95.51 0.88 -2.93 80.57 3.52 0.59
motor2 93.46 1.17 -2.64 43.07 -106.64 -0.29
motor2 93.46 1.46 -2.64 43.07 -102.25 -0.59
motor2 93.16 1.46 -2.64 43.07 -92.87 -0.29
motor2 93.16 1.46 -2.64 43.65 -78.22 0.00
motor2 93.16 0.88 -2.64 43.95 -55.66 0.00
motor2 92.87 1.46 -2.64 43.95 -34.28 -0.29
motor2 93.16 1.17 -2.64 43.95 -23.44 -0.59
motor2 93.16 1.46 -2.64 43.95 -19.92 -0.29
motor2 92.87 1.46 -2.64 43.95 -17.58 0.00
motor2 93.16 1.46 -2.64 43.65 -15.82 0.00
motor2 93.16 1.46 -2.64 43.95 -11.72 -0.29
motor2 93.16 1.17 -2.93 43.95 -5.27 0.00
motor2 93.16 1.17 -2.64 43.95 3.22 -0.59
motor2 92.87 1.46 -2.64 43.95 11.72 0.00
motor2 92.87 1.17 -2.64 43.95 18.46 -0.29
motor2 92.87 1.46 -2.64 44.24 24.32 0.00
motor2 92.87 1.17 -2.64 43.95 38.38 0.00
motor2 92.87 1.46 -2.64 43.95 39.55 0.29
motor2 92.58 1.46 -2.64 43.65 40.14 0.29
motor2 92.58 1.46 -2.64 44.82 61.52 0.00
motor1 95.51 0.59 -2.93 80.57 3.52 0.88
motor1 95.80 0.88 -2.93 80.57 3.52 0.59
motor1 95.51 0.59 -2.93 80.57 3.52 0.88
motor2 92.29 1.46 -2.64 45.12 109.57 0.88
motor1 95.51 0.88 -2.93 80.57 3.52 0.88
motor1 95.80 0.59 -2.93 80.57 3.52 0.59
motor2 92.29 1.46 -2.64 44.82 108.98 0.59
motor2 90.23 -1.46 -1.46 45.12 108.98 0.88
motor2 89.36 -4.69 -1.17 44.82 108.98 0.88
motor2 87.89 -11.43 -0.59 45.12 108.98 1.17
motor2 86.13 -19.63 -0.29 44.82 108.98 0.88
motor2 84.67 -45.41 0.88 44.82 108.69 0.88
motor2 84.67 -52.44 2.64 45.12 108.98 0.88
motor2 84.37 -59.77 4.10 44.82 108.69 0.88
motor2 84.08 -67.97 4.98 44.82 108.69 0.88
motor2 84.08 -75.59 5.57 44.82 108.69 0.59
motor2 84.08 -83.50 5.57 44.82 108.98 0.88
motor2 83.79 -91.11 6.15 44.82 108.69 0.88
motor2 80.86 -94.04 8.20 45.12 108.98 0.88
motor2 77.64 -96.68 10.25 45.12 108.69 0.88
motor2 76.17 -99.61 10.84 45.12 108.69 0.88
motor2 75.88 -99.90 10.84 45.12 108.98 0.88
motor2 75.00 -100.20 11.13 45.12 108.69 0.88
motor2 72.66 -102.25 11.13 44.82 108.69 1.17
motor1 95.51 0.59 -2.93 80.27 3.81 0.59
motor2 71.48 -103.42 11.13 45.12 108.69 0.88
motor1 95.51 0.88 -2.93 80.57 3.52 0.59
motor2 70.61 -103.71 11.13 45.12 108.69 1.17
motor1 95.51 0.88 -2.64 79.39 3.81 0.59
motor2 68.85 -104.00 11.43 45.41 108.40 1.17
motor2 66.80 -104.30 11.43 45.12 108.40 1.17
motor1 94.04 0.88 -2.93 78.81 3.81 0.59
motor1 94.34 0.88 -2.93 79.10 4.10 0.29
motor2 53.61 -104.59 10.84 45.41 108.40 1.17
motor2 47.75 -104.30 10.55 45.12 108.40 1.17
motor2 40.14 -102.25 10.25 45.12 108.40 1.17
motor1 94.63 0.88 -3.52 79.10 5.27 0.29
motor1 95.51 1.76 -3.81 79.10 5.27 0.29
motor2 24.61 -102.83 8.20 45.12 108.40 1.17
motor1 97.85 3.52 -3.81 78.81 5.57 0.29
motor2 10.25 -109.57 9.67 45.12 108.40 1.17
motor1 97.85 3.81 -4.10 72.95 8.20 0.00
motor2 9.67 -109.86 10.25 45.12 108.40 1.17
motor1 97.85 3.81 -4.69 72.36 9.67 0.29
motor1 97.85 4.39 -5.27 72.36 11.13 0.00
motor1 97.85 4.98 -5.27 73.54 12.01 0.00
motor2 9.38 -108.98 8.50 45.12 108.40 1.17
motor2 9.67 -106.93 7.91 45.12 108.40 1.17
motor2 8.79 -106.35 6.15 45.12 108.40 0.59
motor2 7.62 -106.05 2.93 45.12 108.69 0.29
motor2 7.32 -101.66 -0.29 45.12 108.69 0.29
motor2 7.32 -96.39 -3.81 45.12 108.40 0.29
motor1 97.85 4.98 -4.98 74.12 12.01 0.29
motor2 7.62 -90.23 -7.32 45.12 108.69 0.00
motor1 97.85 5.27 -4.98 74.12 11.72 0.59
motor2 7.91 -80.57 -11.13 45.12 108.69 0.29
motor2 7.62 -67.97 -15.23 45.12 108.69 0.00
motor1 97.85 2.93 -3.81 75.88 11.43 0.59
motor2 7.03 -55.08 -19.04 45.12 108.69 0.00
motor2 6.74 -42.48 -21.09 45.12 108.69 0.00
motor2 7.91 -30.47 -22.27 45.12 108.69 0.29
motor1 97.27 2.93 -4.39 75.29 11.72 0.59
motor2 9.38 -20.21 -22.85 45.12 108.69 0.00
motor1 97.56 2.93 -4.39 75.88 12.01 0.59
motor2 9.08 -6.74 -24.02 45.12 108.69 0.29
motor2 10.25 10.84 -24.32 45.12 108.69 0.00
motor2 10.25 43.07 -22.85 45.12 108.69 0.00
motor2 9.96 55.96 -22.27 45.12 108.69 0.00
motor2 10.25 70.90 -22.56 45.12 108.69 0.29
motor2 9.96 104.88 -22.27 45.12 108.69 0.29
motor1 97.85 2.34 -4.39 76.17 11.72 0.59
motor1 97.85 2.64 -4.10 76.46 11.72 0.59
motor2 8.79 110.16 -21.09 45.12 108.69 0.29
motor1 97.85 2.34 -4.39 76.46 11.72 0.29
motor2 7.91 110.16 -21.68 45.12 108.69 0.29
motor2 7.62 109.86 -21.97 45.12 108.69 0.29
motor1 97.56 2.64 -4.39 72.95 11.13 2.05
motor1 96.68 4.39 -4.39 72.36 8.79 2.93
motor2 7.62 109.86 -21.97 45.12 108.69 0.29
motor1 95.80 4.39 -4.39 71.19 7.62 6.45
motor1 95.51 4.39 -4.39 70.31 1.46 11.43
motor1 95.51 4.39 -4.39 70.02 -5.27 16.11
motor1 95.51 4.39 -4.39 69.14 -12.30 21.68
motor1 95.51 4.39 -4.39 68.85 -20.51 29.30
motor1 95.51 4.39 -4.39 69.73 -26.07 37.50
motor1 95.51 4.39 -4.39 71.19 -30.18 42.48
motor1 95.51 4.39 -4.39 71.48 -33.11 43.65
motor1 95.80 4.39 -4.39 71.19 -35.16 43.07
motor1 95.80 4.39 -4.39 71.78 -37.50 42.48
motor1 96.68 4.39 -4.39 71.48 -41.89 42.48
motor1 97.27 4.39 -4.39 71.78 -49.22 42.48
motor1 97.85 4.39 -4.39 72.07 -58.30 42.48
motor1 97.56 4.39 -4.39 72.07 -66.80 41.89
motor1 97.56 4.39 -4.39 72.36 -74.71 41.60
motor1 97.85 4.39 -4.39 72.66 -84.37 39.84
motor1 98.14 4.39 -4.39 72.36 -89.94 38.09
motor1 97.56 4.39 -4.39 72.66 -93.75 35.16
motor1 97.85 4.39 -4.39 72.66 -95.80 32.52
motor1 97.85 4.39 -4.39 72.36 -96.09 27.54
motor1 97.85 4.39 -4.39 72.07 -96.39 26.37
motor1 97.56 4.39 -4.39 71.78 -96.39 25.20
motor1 98.14 4.39 -4.39 71.19 -96.39 21.97
motor1 97.56 4.39 -4.39 71.19 -96.68 19.63
motor2 7.62 109.86 -21.97 43.95 108.98 0.88
motor1 97.56 4.39 -4.39 71.19 -92.58 12.30
motor2 9.38 109.86 -21.97 43.65 109.28 1.17
motor1 97.27 4.39 -4.69 71.19 -81.74 7.62
motor1 97.27 4.39 -4.69 71.48 -65.92 2.93
motor1 96.97 4.39 -4.69 71.48 -38.38 -1.46
motor1 97.27 4.39 -4.69 71.48 -27.54 -3.22
motor1 97.56 4.39 -4.69 72.36 53.03 -4.10
motor1 96.68 4.39 -4.69 72.36 65.04 -3.81
motor1 94.92 4.39 -4.69 72.07 81.15 -3.81
motor1 94.63 4.39 -4.69 72.07 87.89 -4.39
motor2 9.38 109.86 -21.68 44.53 108.40 1.17
motor1 94.04 4.39 -4.69 72.07 103.12 -9.67
motor1 92.58 4.39 -4.69 72.07 105.47 -9.96
motor2 7.32 109.86 -21.68 45.12 108.69 1.17
motor1 92.29 4.39 -4.69 71.78 105.76 -9.67
motor2 7.62 109.86 -21.97 44.53 108.69 1.17
motor1 92.29 4.39 -4.69 71.48 102.54 -9.38
motor1 91.70 4.39 -4.69 72.07 101.95 -9.38
motor2 7.62 109.86 -21.97 44.24 108.69 1.17
motor2 9.67 108.40 -21.97 44.24 108.40 1.17
motor1 84.67 3.81 -4.10 71.78 102.25 -9.38
motor1 81.74 2.05 -2.64 71.78 102.25 -9.38
motor1 78.81 -1.17 0.88 71.78 102.25 -9.38
motor1 76.46 -6.15 7.62 71.78 102.25 -9.38
motor1 74.41 -10.25 11.72 71.78 102.25 -9.38
motor1 72.66 -14.65 14.65 71.78 102.25 -9.38
motor1 72.36 -19.34 14.36 71.78 102.25 -9.38
motor1 72.07 -41.31 14.06 71.78 101.95 -9.38
motor1 72.07 -46.29 13.77 71.78 102.25 -9.38
motor1 69.14 -94.34 13.18 71.78 102.25 -9.38
motor1 66.80 -98.44 13.18 71.48 102.25 -9.38
motor1 63.28 -102.54 13.18 71.48 101.95 -9.38
motor1 60.06 -105.47 13.18 71.48 102.25 -9.38
motor1 28.42 -105.76 13.77 71.48 102.54 -9.38
motor1 27.83 -84.67 13.18 71.48 102.54 -9.38
motor1 23.14 -61.23 12.60 71.48 102.54 -9.38
motor1 18.75 -37.79 12.30 71.48 102.54 -9.38
motor1 15.23 -8.20 12.30 71.48 102.54 -9.38
motor1 14.36 62.40 12.30 71.78 102.54 -9.38
motor1 14.65 71.48 12.30 71.48 102.54 -9.38
motor1 16.11 81.74 12.60 71.78 102.54 -9.38
motor1 16.11 109.86 12.60 71.48 102.25 -9.38
motor1 16.11 111.04 13.18 71.19 102.25 -9.38
motor1 16.41 111.33 13.18 71.78 102.54 -9.38
motor1 16.11 111.04 12.60 71.48 102.25 -9.08
motor1 16.11 111.04 13.18 71.78 102.54 -9.08
motor2 9.38 108.40 -21.97 43.95 108.69 0.88
motor1 15.82 108.98 14.36 72.07 102.25 -8.20
motor1 16.11 106.64 14.94 72.07 102.25 -8.20
motor1 16.11 104.59 15.53 71.78 102.25 -8.20
motor2 9.38 108.40 -21.97 43.65 108.40 1.17
motor1 16.11 102.83 23.73 72.07 102.25 -8.20
motor2 9.38 108.40 -21.97 43.95 108.40 1.17
motor1 15.82 102.54 42.77 72.07 102.25 -8.20
motor1 15.82 102.25 52.44 71.78 101.95 -8.20
motor1 15.82 103.71 68.85 71.78 102.25 -8.20
motor1 15.82 104.59 76.76 71.78 101.95 -8.20
motor1 16.99 104.59 96.09 71.78 102.25 -8.79
motor1 16.99 104.88 105.76 71.78 101.95 -8.20
motor1 17.29 104.88 114.84 71.78 102.25 -8.20
motor1 17.58 105.18 124.22 71.78 102.25 -8.20
motor1 18.75 105.47 145.90 71.78 102.25 -8.79
motor1 19.34 105.76 145.61 71.78 102.25 -8.79
motor1 19.34 107.52 145.90 71.78 102.25 -8.20
motor1 19.63 109.57 145.61 71.78 102.25 -8.79
motor2 9.38 108.40 -21.97 43.65 108.40 0.88
motor1 19.63 110.45 145.31 71.78 102.25 -8.20
motor1 18.46 110.45 145.61 71.78 102.25 -8.79
motor1 18.75 108.98 145.02 71.78 102.25 -8.20
motor1 20.21 106.64 140.33 71.78 102.25 -8.20
motor1 24.02 107.52 130.08 71.78 102.25 -8.79
motor1 24.02 108.40 118.65 71.78 102.54 -8.79
motor1 25.49 108.98 100.78 71.78 102.54 -8.20
motor1 29.59 108.98 86.13 71.78 102.54 -8.79
motor1 31.93 108.98 73.24 71.78 102.54 -8.20
motor1 33.69 107.52 61.82 71.78 102.54 -8.79
motor1 34.28 106.64 50.68 71.78 102.54 -8.79
motor1 34.57 106.64 40.43 71.78 102.25 -8.20
motor1 37.21 110.45 34.57 71.78 102.25 -8.20
motor1 38.38 111.04 36.04 71.78 102.54 -8.79
motor1 37.21 110.74 35.74 71.78 102.25 -8.79
motor1 36.91 110.74 34.57 71.48 102.25 -8.20
motor1 36.04 110.74 34.57 71.78 102.54 -8.20
motor1 38.09 109.57 30.76 71.78 102.54 -8.79
motor1 40.43 109.57 20.21 71.78 102.25 -8.20
motor1 43.07 110.74 8.20 71.78 102.54 -8.79
motor1 43.95 110.74 -4.69 71.78 102.54 -8.20
motor1 43.95 110.45 -16.70 71.78 102.25 -8.20
motor1 43.95 106.35 -27.54 71.78 102.25 -8.79
motor1 43.65 94.63 -53.32 71.78 102.54 -8.79
motor1 42.48 87.89 -66.80 71.78 102.54 -8.20
motor1 41.89 81.74 -81.74 71.78 102.54 -8.79
motor1 41.31 76.17 -95.51 71.78 102.25 -8.79
motor1 41.31 71.48 -109.57 71.78 102.25 -8.20
motor1 41.02 67.68 -123.05 71.78 102.25 -8.20
motor1 41.02 64.45 -129.79 71.78 102.25 -8.79
motor1 41.02 63.28 -130.66 71.78 102.54 -8.20
motor1 41.60 62.70 -130.08 71.78 102.54 -8.20
motor1 42.19 63.57 -130.08 71.78 102.25 -8.20
motor1 41.60 63.57 -129.79 71.78 102.25 -8.79
motor2 9.38 109.86 -22.85 43.95 108.69 1.17
motor1 41.60 63.87 -129.79 72.36 102.83 -10.84
motor1 41.60 63.87 -129.79 72.95 105.76 -23.14
motor1 41.60 63.87 -129.79 75.88 105.47 -42.19
motor1 41.60 63.87 -129.79 77.64 103.71 -53.32
motor1 41.31 63.87 -129.79 77.93 102.25 -65.92
motor1 41.89 63.87 -129.79 77.34 98.44 -77.64
motor1 41.31 63.87 -129.79 75.29 90.82 -87.89
motor1 41.60 64.75 -129.20 75.00 86.43 -98.73
motor1 41.31 64.75 -129.20 74.41 83.20 -110.16
motor1 41.31 64.75 -129.20 72.66 78.81 -120.70
motor1 41.31 64.75 -129.20 70.31 74.71 -127.44
motor2 9.67 108.40 -22.85 43.95 108.69 0.88
motor1 41.31 64.75 -129.20 67.38 74.41 -127.73
motor2 9.38 107.81 -22.85 43.65 108.69 1.17
motor1 41.02 64.75 -129.20 65.62 54.20 -127.15
motor1 41.31 65.04 -129.20 65.33 41.02 -128.61
motor1 41.89 64.75 -129.20 65.33 31.35 -130.66
motor1 42.19 65.04 -128.91 65.33 19.92 -132.42
motor1 43.07 65.04 -128.91 65.33 7.62 -135.94
motor2 9.38 108.40 -22.85 43.95 108.69 0.00
motor1 43.65 65.04 -128.91 65.33 -4.98 -140.62
motor2 9.38 108.40 -22.85 43.65 108.98 0.29
motor1 43.95 64.75 -128.91 65.33 -20.51 -141.21
motor2 9.67 108.40 -22.85 43.65 109.28 0.00
motor1 44.24 65.04 -128.61 65.33 -24.32 -141.21
motor1 43.95 65.04 -128.91 65.33 -26.07 -141.21
motor1 43.36 65.04 -128.91 62.99 -27.25 -141.21
motor1 43.07 62.40 -130.37 65.33 -25.20 -140.92
motor1 43.36 61.23 -130.66 65.33 -25.49 -140.92
motor1 43.65 57.13 -131.25 65.33 -25.20 -140.92
motor1 43.95 50.39 -135.35 65.33 -25.20 -140.92
motor1 46.00 43.36 -141.21 65.33 -25.20 -140.92
motor2 9.38 108.40 -22.85 43.65 109.28 0.59
motor1 48.05 37.79 -143.55 65.33 -25.20 -140.92
motor2 9.38 108.40 -22.85 43.65 109.57 0.29
motor1 56.25 8.79 -143.26 65.33 -25.20 -140.92
motor2 9.38 108.40 -22.85 43.95 109.28 0.00
motor1 58.30 2.64 -143.55 65.33 -25.20 -140.92
motor1 59.77 -0.29 -142.97 65.33 -25.20 -140.92
motor1 59.47 -0.29 -142.97 65.33 -27.54 -141.80
motor1 58.89 -0.29 -142.97 64.75 -29.59 -141.80
motor2 9.38 108.40 -22.85 43.65 108.98 0.29
motor1 58.89 -0.29 -142.97 62.70 -32.23 -141.80
motor1 59.47 -0.29 -142.97 60.64 -29.88 -141.80
motor1 58.89 -0.29 -142.97 60.06 -29.88 -141.21
motor1 59.47 -0.29 -142.97 58.59 -29.59 -137.40
motor1 59.47 -0.29 -142.97 55.08 -27.83 -128.61
motor1 59.47 -0.29 -142.97 50.98 -26.07 -113.96
motor2 9.38 108.40 -22.85 43.95 109.28 0.00
motor1 58.89 0.00 -142.97 47.17 -24.02 -102.54
motor1 59.47 -0.29 -142.97 45.41 -21.09 -93.46
motor1 59.47 -0.29 -142.97 43.95 -17.58 -85.84
motor1 59.47 -0.29 -142.97 42.48 -15.23 -78.22
motor1 59.47 -0.29 -142.97 40.43 -14.36 -68.26
motor1 59.47 0.00 -142.97 37.79 -14.06 -58.30
motor2 9.38 108.40 -22.85 43.95 109.28 0.00
motor1 58.89 -0.29 -142.97 31.64 -14.36 -25.20
motor1 59.47 -0.29 -142.97 30.47 -14.36 -14.36
motor2 9.38 108.40 -22.85 43.65 108.98 0.29
motor1 59.47 -0.29 -142.97 26.95 -14.65 19.34
motor1 59.47 -0.29 -142.97 25.78 -16.41 25.78
motor1 59.47 0.00 -142.97 27.25 -16.70 25.78
motor2 9.38 108.40 -22.85 43.95 108.98 0.29
motor1 59.77 -0.29 -142.97 26.07 -17.58 28.42
motor2 9.38 108.40 -22.85 43.65 109.28 0.00
motor1 59.47 -0.29 -142.97 24.90 -20.51 39.26
motor2 9.38 108.40 -22.85 43.95 108.98 0.29
motor1 59.47 -0.29 -142.97 22.85 -22.85 51.27
motor2 9.38 108.40 -22.85 44.24 109.28 0.00
motor1 59.47 -0.29 -142.97 21.09 -23.14 62.70
motor2 9.38 108.40 -22.85 45.12 108.98 0.29
motor1 59.47 -0.29 -142.97 20.80 -22.27 75.59
motor1 59.47 -0.29 -142.97 21.09 -2.05 142.68
motor2 9.38 108.40 -22.85 45.41 108.98 0.29
motor1 59.77 -0.29 -142.97 21.68 3.81 144.43
motor1 59.77 -0.29 -142.97 21.97 11.13 144.73
motor2 9.38 107.81 -22.85 48.34 109.28 0.29
motor1 59.77 -0.29 -142.97 21.68 24.61 144.73
motor2 9.38 108.40 -22.85 48.93 108.98 0.29
motor1 59.47 -0.29 -142.97 21.39 47.46 144.73
motor2 9.38 108.98 -22.85 49.80 108.40 1.17
motor2 7.62 108.11 -22.85 50.10 108.40 0.88
motor2 7.32 104.88 -22.85 50.10 108.69 1.17
motor2 7.03 98.44 -24.02 50.98 108.69 0.88
motor2 6.74 89.06 -26.95 51.86 108.40 1.17
motor2 5.86 77.93 -34.86 52.15 108.40 1.17
motor2 5.27 67.68 -45.12 52.44 108.69 0.88
motor2 5.27 58.30 -56.84 52.44 108.69 1.17
motor2 5.57 49.51 -69.14 52.44 108.40 1.17
motor2 5.86 42.19 -83.50 52.44 108.69 1.17
motor2 5.86 33.98 -97.56 52.44 108.40 1.17
motor2 7.32 25.49 -109.28 52.44 108.40 1.17
motor2 7.91 10.25 -131.84 52.44 108.40 1.17
motor2 7.91 2.93 -141.21 52.44 108.69 1.17
motor2 8.79 -0.88 -144.73 52.44 108.40 1.17
motor2 9.38 -2.64 -144.73 52.44 108.40 0.88
motor2 10.25 -5.86 -144.73 52.44 108.40 1.17
motor2 10.25 -25.78 -144.43 52.15 108.40 1.17
motor2 10.25 -29.30 -144.73 52.15 108.69 0.88
motor1 57.42 -0.29 -142.97 22.85 46.88 144.73
motor2 9.38 -31.93 -144.73 52.15 108.40 1.17
motor2 9.08 -32.52 -140.04 52.15 108.40 1.17
motor2 8.79 -31.64 -129.79 51.86 108.40 0.88
motor2 7.91 -30.47 -114.26 51.86 108.40 1.17
motor2 7.03 -29.88 -99.32 51.86 108.40 1.17
motor2 7.03 -24.90 -71.78 50.98 108.69 0.88
motor2 7.03 -21.97 -56.25 50.98 108.40 1.17
motor2 7.03 -15.82 -22.27 50.98 108.69 0.88
motor2 7.03 -13.77 -13.18 50.98 108.40 1.17
motor1 57.42 -0.29 -142.97 23.14 46.58 144.73
motor2 7.03 -10.55 1.17 50.98 108.40 0.88
motor1 57.42 0.00 -142.97 23.14 46.88 144.73
motor2 7.62 -11.13 5.27 51.27 108.69 1.17
motor2 9.38 -10.84 5.27 51.27 108.40 1.17
motor2 9.67 -10.84 5.27 51.86 108.40 0.88
motor2 10.55 -11.43 5.27 51.86 108.69 1.17
motor2 9.38 -12.30 11.72 51.86 108.40 0.88
motor2 7.03 -12.60 25.20 51.86 108.40 1.17
motor2 7.03 -10.55 39.84 51.27 108.40 1.17
motor2 6.45 -10.55 53.32 50.98 108.40 0.88
motor1 57.42 0.00 -142.97 24.02 45.70 144.43
motor2 4.98 -10.55 67.68 50.68 108.40 1.17
motor2 4.69 -10.25 81.74 50.68 108.40 1.17
motor2 3.81 -9.67 95.51 50.39 108.40 1.17
motor2 2.05 -7.91 109.57 50.39 108.69 1.17
motor1 57.42 -0.29 -142.97 25.49 44.24 143.26
motor2 1.17 -5.57 122.75 50.68 108.40 0.88
motor2 0.88 -2.64 134.77 50.39 108.40 1.17
motor2 0.29 -0.59 144.43 50.39 108.40 1.17
motor1 57.42 0.00 -142.97 26.66 43.95 143.26
motor2 0.00 0.29 145.02 50.68 108.40 1.17
motor1 57.42 -0.29 -142.97 23.14 44.53 143.26
motor2 1.76 0.29 145.02 50.98 108.69 1.17
motor1 57.13 -0.29 -142.97 24.02 45.41 143.26
motor1 59.47 -0.29 -142.97 25.49 46.00 143.26
motor1 58.89 0.00 -142.97 24.02 45.41 143.26
motor2 0.59 -2.93 145.31 51.27 108.69 0.88
motor2 0.59 -1.46 145.02 51.27 108.69 1.17
motor1 59.77 -0.29 -142.97 24.02 45.70 143.26
motor2 2.34 -1.17 145.31 51.27 108.40 1.17
motor2 1.46 -1.76 145.02 51.27 108.69 0.88
motor2 0.88 -0.29 145.02 51.27 108.40 0.88
motor2 0.59 -0.29 145.02 51.27 108.69 1.17
motor1 60.06 -0.29 -142.38 24.02 45.70 143.26
motor2 0.29 -0.29 145.02 50.68 109.57 0.88
motor1 59.77 -0.29 -141.50 23.73 45.41 143.26
motor1 59.47 -0.29 -142.09 23.73 45.70 143.26
motor1 59.47 -0.29 -142.09 24.02 45.70 143.26
motor2 0.29 -0.29 145.02 -9.67 106.35 1.76
motor2 0.29 -0.29 145.02 -10.25 50.98 12.89
motor2 0.29 -0.29 145.02 -10.55 34.28 13.77
motor2 0.29 -0.29 145.02 -11.13 17.87 15.53
motor2 0.29 -0.29 145.02 -10.84 10.25 21.97
motor2 0.29 -0.29 145.02 -9.67 2.64 29.88
motor2 0.29 -0.29 145.02 -9.08 -2.34 38.38
motor2 0.29 -0.29 145.02 -9.38 -4.98 46.88
motor1 58.89 -0.29 -142.38 23.73 45.70 143.26
motor2 0.29 -0.29 145.02 -9.67 -3.81 88.18
motor2 0.59 -0.29 145.02 -9.38 -1.76 98.44
motor1 57.71 -0.29 -142.97 23.73 45.70 143.26
motor2 0.59 -0.29 145.02 -9.08 5.57 118.95
motor1 57.42 -0.29 -143.26 24.02 45.70 143.55
motor2 0.59 -0.29 145.02 -9.38 10.55 125.68
motor1 57.71 0.00 -143.26 24.02 45.70 143.26
motor2 0.59 -0.29 145.02 -9.08 24.32 142.97
motor2 0.88 -0.29 145.02 -9.38 28.42 145.02
motor2 0.59 -0.29 145.02 -9.67 29.88 145.02
motor2 0.59 -0.29 145.02 -9.96 29.30 145.31
motor2 0.88 -0.29 145.02 -10.25 29.30 145.02
motor2 0.59 -0.29 145.02 -11.43 31.35 137.99
motor1 59.77 -0.29 -143.26 25.20 45.70 143.26
motor2 0.59 -0.29 145.02 -14.06 35.74 40.43
motor2 0.29 -0.29 145.02 -14.06 38.38 30.47
motor2 0.29 -0.29 145.02 -13.18 38.96 12.01
motor2 0.00 -0.29 145.02 -13.77 38.96 12.60
motor2 0.00 -0.29 145.02 -14.06 39.55 12.30
motor2 0.00 -0.29 145.02 -14.94 40.14 12.01
motor2 0.00 -0.59 145.02 -17.87 45.70 8.79
motor2 0.00 -0.29 145.02 -20.51 51.86 -0.88
motor2 0.00 -0.29 145.02 -21.68 56.25 -13.18
motor1 59.77 -0.29 -142.97 23.73 45.70 143.26
motor2 0.00 -0.29 145.02 -21.97 56.84 -25.78
motor2 0.00 0.00 143.85 -21.39 56.54 -77.93
motor2 0.00 0.29 143.85 -21.68 55.66 -97.27
motor2 0.00 0.29 143.85 -21.39 54.79 -115.43
motor2 0.00 0.00 143.85 -21.68 53.61 -129.49
motor2 0.00 0.29 143.85 -21.68 51.56 -136.23
motor2 0.00 0.00 143.85 -21.68 47.46 -138.28
motor2 0.00 0.29 143.85 -21.68 45.41 -140.04
motor2 0.00 0.00 143.85 -21.68 41.89 -142.09
motor2 0.29 0.29 143.85 -21.68 37.79 -142.09
motor2 0.00 0.29 143.85 -21.68 28.42 -142.38
motor2 0.00 0.00 143.85 -21.68 28.12 -141.21
motor2 0.00 0.29 143.85 -21.97 28.71 -141.21
motor2 -0.88 2.93 143.85 -21.97 29.00 -141.80
motor2 -1.46 3.52 143.85 -21.97 29.00 -141.21
motor1 57.42 -1.46 -141.50 24.32 45.70 143.26
motor1 55.37 -1.46 -140.33 24.32 45.70 143.55
motor1 50.68 -1.46 -137.99 24.32 45.70 143.26
motor1 45.41 -1.46 -135.06 24.32 45.70 143.55
motor2 -2.05 4.10 143.85 -21.97 28.71 -141.80
motor1 38.67 -1.76 -133.30 24.32 45.70 143.55
motor1 31.35 -1.76 -131.84 24.32 45.70 143.26
motor1 21.39 -1.46 -130.96 24.32 45.70 143.26
motor2 -6.15 3.52 143.85 -21.68 29.00 -141.21
motor1 -0.29 -1.46 -128.61 24.32 45.70 143.55
motor1 -9.96 -1.76 -124.80 24.02 45.70 143.26
motor1 -16.70 -4.39 -118.65 24.02 45.70 143.26
motor1 -21.97 -8.50 -110.16 23.73 45.70 143.26
motor1 -25.49 -12.60 -99.90 23.73 45.70 143.55
motor2 -6.15 3.52 143.85 -20.51 28.71 -141.80
motor1 -27.83 -16.11 -88.18 23.73 45.70 143.26
motor1 -29.30 -17.87 -77.93 23.73 45.70 143.26
motor1 -29.59 -16.70 -69.73 23.73 45.70 143.26
motor1 -31.93 -16.11 -60.94 23.73 45.70 143.26
motor1 -33.40 -17.29 -48.63 23.73 45.70 143.26
motor1 -38.09 -16.99 -23.73 23.73 45.70 143.55
motor1 -39.55 -16.99 -9.96 23.73 45.70 143.26
motor1 -41.02 -17.87 5.57 23.73 45.70 143.26
motor1 -43.65 -19.34 21.97 23.73 45.70 143.26
motor1 -47.46 -22.27 36.33 23.44 45.70 143.55
motor2 -5.86 3.52 143.85 -19.63 28.71 -141.80
motor1 -51.27 -25.78 48.93 23.44 45.70 143.26
motor2 -5.86 3.52 143.85 -19.92 29.00 -141.21
motor1 -55.37 -28.12 60.06 23.73 45.70 143.55
motor2 -5.57 3.52 143.85 -19.63 28.71 -141.21
motor1 -57.42 -29.00 70.31 23.44 45.70 143.26
motor1 -57.42 -32.23 81.45 23.73 45.70 143.26
motor1 -57.13 -36.62 94.63 23.73 45.70 143.55
motor2 -5.86 3.52 143.85 -19.34 28.71 -141.21
motor1 -55.66 -40.43 109.28 23.44 45.70 143.26
motor1 -54.49 -41.02 121.00 23.73 45.70 143.26
motor1 -53.32 -38.96 131.84 23.44 45.70 143.55
motor1 -49.80 -33.69 139.75 23.73 45.70 143.26
motor1 -44.82 -23.14 145.02 23.73 45.70 143.26
motor1 -41.60 -12.30 145.31 23.73 45.70 143.26
motor1 -39.55 19.63 145.02 23.73 45.70 143.26
motor1 -41.89 23.73 145.31 23.73 45.70 143.26
motor2 -4.10 3.81 144.73 -20.51 29.00 -141.21
motor1 -42.19 23.73 145.02 24.02 46.00 143.55
motor2 -5.57 3.52 144.73 -21.39 29.00 -141.21
motor1 -41.89 23.73 145.31 24.02 45.70 143.26
motor2 -5.57 3.52 145.02 -21.68 28.71 -141.80
motor2 -5.57 3.52 144.73 -21.68 29.00 -141.21
motor1 -41.31 23.73 145.02 24.02 46.00 143.55
motor2 -5.86 3.52 144.73 -21.39 28.71 -141.21
motor1 -40.43 23.73 145.31 23.73 45.70 143.26
motor2 -5.86 3.52 145.02 -19.92 29.00 -141.80
motor2 -5.86 3.22 144.73 -19.92 28.71 -141.80
motor1 -40.43 23.73 145.31 23.44 46.00 143.26
motor1 -40.43 22.85 145.02 23.44 43.65 143.85
motor1 -39.55 21.68 145.31 23.44 42.19 144.73
motor1 -39.55 20.21 145.31 23.73 34.86 144.73
motor1 -39.55 15.23 145.31 23.73 24.90 142.97
motor2 -4.98 3.52 144.73 -19.34 29.30 -142.68
motor1 -39.26 13.48 145.31 23.73 16.70 142.38
motor1 -39.26 13.77 145.31 23.44 9.08 141.21
motor2 -4.98 3.52 144.73 -18.46 34.28 -143.26
motor1 -39.26 14.06 145.31 23.14 1.46 142.38
motor1 -39.26 14.06 145.31 23.44 -4.69 142.68
motor1 -39.26 13.77 145.31 24.02 -10.25 142.38
motor1 -39.55 13.18 145.31 25.20 -14.94 142.97
motor1 -40.14 12.60 145.31 25.20 -15.82 142.97
motor2 -5.57 3.22 144.73 -18.16 36.91 -142.97
motor2 -5.27 3.22 144.73 -18.16 36.33 -142.97
