specialmove
motor -96.09 0.59 -2.05 -96.09 3.22 0.59 -94.34 2.05 -2.64 -93.75 -0.88 -2.64
motor -96.39 0.59 -2.05 -96.09 3.22 0.59 -94.34 2.05 -2.64 -93.75 -0.88 -2.64
motor -95.21 0.88 -2.93 63.28 3.52 0.88 -29.00 2.05 -2.64 -93.75 -0.59 -2.64
motor -95.21 0.88 -2.64 81.74 3.22 0.88 -7.03 2.05 -2.64 -92.29 -0.59 -2.64
motor -95.21 0.88 -2.93 86.13 3.52 0.59 -1.46 2.05 -2.64 -89.65 -0.59 -2.64
motor -95.21 0.88 -2.64 89.36 3.22 0.29 3.52 2.05 -2.64 -86.13 -0.88 -2.64
motor -95.21 0.88 -2.64 97.27 2.64 0.00 16.41 2.05 -2.64 -76.46 -0.88 -2.64
motor -94.63 0.88 -2.93 97.27 2.64 0.00 16.99 2.05 -2.64 -75.59 -0.59 -2.93
motor -89.36 0.88 -2.93 97.27 3.22 0.29 86.13 1.46 -2.64 -3.52 -0.29 -2.93
motor -86.43 0.59 -2.64 97.27 3.22 0.29 89.06 1.46 -2.93 0.59 -0.59 -2.93
motor -80.86 0.29 -2.93 97.27 3.22 0.29 94.04 1.17 -2.93 9.38 -0.29 -2.93
motor -75.88 -0.88 -2.93 97.27 3.22 0.59 97.27 1.17 -2.93 15.23 -0.29 -2.93
motor -73.24 -0.88 -2.93 97.27 3.52 0.59 97.56 0.88 -2.93 16.11 -0.29 -3.22
motor -73.24 -0.88 -2.93 97.27 3.22 0.29 97.27 2.05 -2.64 15.23 -0.59 -2.93
motor -73.54 0.29 -2.93 97.27 3.52 0.29 96.97 2.05 -2.64 14.06 -0.29 -2.93
motor -74.12 0.59 -2.93 96.97 3.22 0.29 96.97 2.05 -2.93 14.06 -0.59 -2.93
motor -73.24 0.59 -2.93 93.16 3.81 0.88 93.16 0.59 -2.64 15.82 -0.29 -3.22
motor -73.24 0.59 -2.93 91.41 3.81 0.59 92.29 0.88 -2.64 16.70 -0.59 -2.93
motor -72.95 0.59 -2.93 90.23 3.81 0.88 91.41 1.17 -2.64 17.29 -0.59 -2.93
motor -38.67 0.29 -2.93 87.89 3.81 0.59 86.13 1.46 -2.64 58.01 -0.59 -3.22
motor -17.29 0.59 -2.93 86.43 3.81 0.59 83.20 1.46 -2.93 75.00 -0.59 -3.22
motor -16.11 0.59 -2.93 86.13 3.52 0.59 82.91 1.46 -2.64 73.83 -0.59 -3.22
motor 97.27 0.59 -3.81 81.15 3.52 0.59 82.03 2.05 -2.64 74.12 -0.59 -3.22
motor 96.68 0.88 -2.93 80.57 3.52 0.59 82.32 1.46 -2.64 95.51 -12.89 -1.17
motor 96.09 0.88 -2.93 80.86 3.52 0.59 82.03 2.05 -2.64 95.80 -16.41 -1.17
motor 96.09 0.88 -2.93 80.57 3.52 0.59 82.03 1.46 -2.93 95.51 -21.68 1.17
motor 96.68 0.59 -2.93 80.57 3.52 0.59 83.50 1.46 -2.64 95.21 -76.17 2.34
motor 96.09 0.59 -2.93 80.86 3.52 0.59 85.84 1.46 -2.64 85.55 -88.77 1.76
motor 95.80 0.88 -2.93 80.57 3.52 0.59 87.60 1.46 -2.93 79.39 -90.82 1.46
motor 95.51 0.88 -2.93 80.57 3.52 0.59 89.36 -4.69 -1.17 44.82 108.98 0.88
motor 95.80 0.59 -2.93 80.57 3.52 0.59 86.13 -19.63 -0.29 44.82 108.98 0.88
motor 95.80 0.88 -2.93 80.57 3.52 0.59 84.37 -59.77 4.10 44.82 108.69 0.88
motor 95.80 0.88 -2.93 80.57 3.52 0.59 83.79 -91.11 6.15 44.82 108.69 0.88
motor 95.51 0.88 -2.93 80.57 3.52 0.59 80.86 -94.04 8.20 45.12 108.98 0.88
motor 95.51 0.59 -2.93 80.27 3.81 0.59 71.48 -103.42 11.13 45.12 108.69 0.88
motor 95.51 0.88 -2.93 80.57 3.52 0.59 70.61 -103.71 11.13 45.12 108.69 1.17
motor 95.51 0.88 -2.64 79.39 3.81 0.59 68.85 -104.00 11.43 45.41 108.40 1.17
motor 94.34 0.88 -2.93 79.10 4.10 0.29 53.61 -104.59 10.84 45.41 108.40 1.17
motor 94.34 0.88 -2.93 79.10 5.27 0.00 47.75 -104.30 10.55 45.12 108.40 1.17
motor 97.85 3.52 -3.81 78.81 5.57 0.29 18.75 -104.00 8.20 45.12 108.40 1.17
motor 97.85 3.81 -4.10 72.95 8.20 0.00 9.67 -109.86 10.25 45.12 108.40 1.17
motor 97.85 3.81 -4.69 72.36 9.67 0.29 9.96 -109.57 10.25 45.12 108.40 1.17
motor 97.85 4.98 -5.27 73.54 12.01 0.00 9.38 -108.98 8.50 45.12 108.40 1.17
motor 97.85 4.98 -5.27 73.54 11.72 0.59 7.62 -106.05 2.93 45.12 108.69 0.29
motor 97.85 4.98 -4.98 74.12 12.01 0.29 7.62 -90.23 -7.32 45.12 108.69 0.00
motor 97.85 5.27 -4.98 74.12 11.72 0.59 7.91 -80.57 -11.13 45.12 108.69 0.29
motor 97.85 3.22 -4.69 74.12 11.72 0.59 7.62 -67.97 -15.23 45.12 108.69 0.00
motor 97.85 2.93 -3.81 75.88 11.43 0.59 7.03 -55.08 -19.04 45.12 108.69 0.00
motor 97.85 2.64 -3.81 76.17 12.01 0.59 7.91 -30.47 -22.27 45.12 108.69 0.29
motor 97.27 2.93 -4.39 75.29 11.72 0.59 9.38 -20.21 -22.85 45.12 108.69 0.00
motor 97.56 2.93 -4.39 75.88 12.01 0.59 9.08 -6.74 -24.02 45.12 108.69 0.29
motor 97.85 2.64 -4.10 76.46 11.72 0.59 8.79 110.16 -21.09 45.12 108.69 0.29
motor 96.68 4.39 -4.39 72.36 8.79 2.93 7.62 109.86 -21.97 45.12 108.69 0.29
motor 95.51 4.39 -4.39 70.31 1.46 11.43 7.62 109.86 -21.97 44.82 108.69 0.29
motor 97.85 4.39 -4.39 72.66 -84.37 39.84 7.62 109.86 -21.97 43.65 108.98 0.88
motor 97.56 4.39 -4.39 71.19 -92.58 12.30 9.38 109.86 -21.97 43.65 109.28 1.17
motor 94.63 4.39 -4.69 72.07 87.89 -4.39 9.38 109.86 -21.68 44.53 108.40 1.17
motor 92.58 4.39 -4.69 72.07 105.47 -9.96 7.32 109.86 -21.68 45.12 108.69 1.17
motor 16.11 111.04 12.60 71.48 102.25 -9.08 9.38 108.40 -21.97 44.24 108.69 1.17
motor 16.11 104.59 15.53 71.78 102.25 -8.20 9.38 108.40 -21.97 43.65 108.40 1.17
motor 16.11 102.83 23.73 72.07 102.25 -8.20 9.38 108.40 -21.97 43.95 108.40 1.17
motor 16.99 104.88 105.76 71.78 101.95 -8.20 9.38 108.40 -21.97 43.65 108.40 1.17
motor 18.75 105.47 145.90 71.78 102.25 -8.79 9.38 108.40 -21.97 43.65 108.69 1.17
motor 18.75 108.98 145.02 71.78 102.25 -8.20 9.38 108.40 -21.97 43.95 108.40 1.17
motor 33.69 107.52 61.82 71.78 102.54 -8.79 9.38 108.40 -21.97 44.24 108.40 0.88
motor 38.38 111.04 36.04 71.78 102.54 -8.79 9.38 108.40 -21.97 43.95 108.40 0.88
motor 36.91 110.74 34.57 71.48 102.25 -8.20 9.38 108.40 -21.97 43.95 108.40 1.17
motor 41.60 64.75 -129.20 75.00 86.43 -98.73 9.38 108.40 -22.85 43.95 108.69 1.17
motor 41.31 65.04 -129.20 65.33 41.02 -128.61 9.67 108.40 -22.85 43.65 108.69 0.88
motor 42.19 65.04 -128.91 65.33 19.92 -132.42 9.67 108.40 -22.85 43.65 108.69 0.59
motor 43.07 65.04 -128.91 65.33 7.62 -135.94 9.38 108.40 -22.85 43.95 108.69 0.00
motor 43.95 64.75 -128.91 65.33 -20.51 -141.21 9.67 108.40 -22.85 43.65 109.28 0.00
motor 43.36 61.23 -130.66 65.33 -25.49 -140.92 9.38 108.40 -22.85 43.65 109.28 0.29
motor 43.65 57.13 -131.25 65.33 -25.20 -140.92 9.38 108.11 -22.85 43.65 109.57 0.29
motor 46.00 43.36 -141.21 65.33 -25.20 -140.92 9.38 108.40 -22.85 43.65 109.28 0.59
motor 53.91 16.11 -143.55 65.33 -25.20 -140.92 9.38 108.40 -22.85 43.65 109.57 0.29
motor 56.25 8.79 -143.26 65.33 -25.20 -140.92 9.38 108.40 -22.85 43.95 109.28 0.00
motor 59.47 -0.29 -142.97 50.98 -26.07 -113.96 9.38 108.40 -22.85 43.95 109.28 0.00
motor 58.89 0.00 -142.97 47.17 -24.02 -102.54 9.38 108.40 -22.85 43.95 108.98 0.00
motor 59.47 -0.29 -142.97 45.41 -21.09 -93.46 9.38 108.40 -22.85 43.65 108.98 0.29
motor 59.47 0.00 -142.97 37.79 -14.06 -58.30 9.38 108.40 -22.85 43.95 109.28 0.00
motor 58.89 -0.29 -142.97 31.64 -14.36 -25.20 9.38 108.40 -22.85 43.95 109.28 0.00
motor 59.47 -0.29 -142.97 30.47 -14.36 -14.36 9.38 108.40 -22.85 43.65 108.98 0.29
motor 59.47 0.00 -142.97 27.25 -16.70 25.78 9.38 108.40 -22.85 43.95 108.98 0.29
motor 59.77 -0.29 -142.97 26.07 -17.58 28.42 9.38 108.40 -22.85 43.65 109.28 0.00
motor 59.47 -0.29 -142.97 24.90 -20.51 39.26 9.38 108.40 -22.85 43.95 108.98 0.29
motor 59.47 -0.29 -142.97 22.85 -22.85 51.27 9.38 108.40 -22.85 44.24 109.28 0.00
motor 59.47 -0.29 -142.97 21.09 -23.14 62.70 9.38 108.40 -22.85 45.12 108.98 0.29
motor 59.47 -0.29 -142.97 21.09 -2.05 142.68 9.38 108.40 -22.85 45.41 108.98 0.29
motor 59.77 -0.29 -142.97 21.68 3.81 144.43 9.38 108.40 -22.85 46.29 108.98 0.00
motor 59.77 -0.29 -142.97 21.68 24.61 144.73 9.38 108.40 -22.85 48.93 108.98 0.29
motor 57.13 -0.29 -142.97 23.14 47.46 144.73 7.62 108.11 -22.85 50.10 108.40 0.88
motor 57.42 -0.29 -142.97 22.85 47.46 144.73 7.32 104.88 -22.85 50.10 108.69 1.17
motor 57.42 -0.29 -142.97 22.56 47.46 144.73 7.03 98.44 -24.02 50.98 108.69 0.88
motor 57.13 -0.29 -142.97 22.85 47.46 144.73 6.74 89.06 -26.95 51.86 108.40 1.17
motor 57.13 -0.29 -142.97 22.56 47.46 144.73 5.27 67.68 -45.12 52.44 108.69 0.88
motor 57.13 -0.29 -142.97 22.56 47.46 144.73 5.57 49.51 -69.14 52.44 108.40 1.17
motor 57.42 0.00 -142.97 23.14 47.46 144.73 10.25 -29.30 -144.73 52.15 108.69 0.88
motor 57.42 -0.29 -142.97 22.85 46.88 144.73 9.38 -31.93 -144.73 52.15 108.40 1.17
motor 57.42 -0.29 -142.97 22.56 46.29 144.73 8.79 -31.64 -129.79 51.86 108.40 0.88
motor 57.42 -0.29 -142.97 23.14 46.58 144.73 7.91 -30.47 -114.26 51.86 108.40 1.17
motor 57.42 -0.29 -142.97 23.14 46.88 144.73 7.03 -24.90 -71.78 50.98 108.69 0.88
motor 57.42 -0.29 -142.97 23.14 46.58 144.73 7.03 -10.55 1.17 50.98 108.40 0.88
motor 57.42 0.00 -142.97 23.14 46.88 144.73 7.62 -11.13 5.27 51.27 108.69 1.17
motor 57.42 -0.29 -142.97 23.44 47.17 144.43 9.38 -12.30 11.72 51.86 108.40 0.88
motor 57.42 -0.29 -142.97 23.73 46.00 144.43 7.03 -12.60 25.20 51.86 108.40 1.17
motor 57.42 0.00 -142.97 24.02 45.70 144.43 4.98 -10.55 67.68 50.68 108.40 1.17
motor 57.42 0.00 -142.97 24.61 45.41 144.43 2.05 -7.91 109.57 50.39 108.69 1.17
motor 57.42 -0.29 -142.97 25.49 44.24 143.26 1.17 -5.57 122.75 50.68 108.40 0.88
motor 57.42 -0.29 -142.97 26.07 44.24 143.26 0.88 -2.64 134.77 50.39 108.40 1.17
motor 57.42 0.00 -142.97 26.66 43.95 143.26 0.29 -0.88 145.02 50.39 108.40 1.17
motor 57.42 0.00 -142.97 26.66 44.24 143.26 0.00 0.29 145.02 50.68 108.40 1.17
motor 57.42 -0.29 -142.97 23.14 44.53 143.26 1.76 0.29 145.02 50.98 108.69 1.17
motor 58.89 0.00 -142.97 24.02 45.41 143.26 0.59 -2.93 145.31 51.27 108.69 0.88
motor 59.77 -0.29 -142.97 24.02 45.70 143.26 2.34 -1.17 145.31 51.27 108.40 1.17
motor 59.77 -0.29 -142.97 23.73 45.70 143.55 1.46 -1.76 145.02 51.27 108.69 0.88
motor 60.06 -0.29 -142.38 24.02 45.70 143.26 0.29 -0.29 145.02 50.68 109.57 0.88
motor 59.77 -0.29 -141.50 23.73 45.41 143.26 0.29 -0.29 145.02 43.65 109.28 0.88
motor 57.71 -0.29 -142.97 23.73 45.70 143.26 0.59 -0.29 145.02 -9.08 5.57 118.95
motor 57.42 -0.29 -143.26 24.02 45.70 143.55 0.59 -0.29 145.02 -9.38 10.55 125.68
motor 57.42 -0.29 -142.97 25.20 45.70 143.26 0.88 -0.29 145.02 -9.38 28.42 145.02
motor 59.77 -0.29 -142.97 23.73 45.70 143.26 0.00 -0.29 145.02 -21.97 56.84 -25.78
motor 60.06 -0.29 -142.97 22.85 45.70 143.26 0.00 0.29 143.85 -21.68 55.66 -97.27
motor 45.41 -1.46 -135.06 24.32 45.70 143.55 -2.05 4.10 143.85 -21.97 28.71 -141.80
motor -9.96 -1.76 -124.80 24.02 45.70 143.26 -6.15 3.81 143.85 -21.68 29.00 -141.21
motor -21.97 -8.50 -110.16 23.73 45.70 143.26 -6.15 3.81 143.85 -21.39 28.71 -141.21
motor -25.49 -12.60 -99.90 23.73 45.70 143.55 -6.15 3.52 143.85 -20.51 28.71 -141.80
motor -38.09 -16.99 -23.73 23.73 45.70 143.55 -6.15 3.52 143.85 -19.92 29.00 -141.21
motor -47.46 -22.27 36.33 23.44 45.70 143.55 -5.86 3.52 143.85 -19.63 28.71 -141.80
motor -51.27 -25.78 48.93 23.44 45.70 143.26 -5.86 3.52 143.85 -19.92 29.00 -141.21
motor -55.37 -28.12 60.06 23.73 45.70 143.55 -5.57 3.52 143.85 -19.63 28.71 -141.21
motor -57.42 -29.00 70.31 23.44 45.70 143.26 -5.86 3.52 143.85 -19.63 28.71 -141.21
motor -57.13 -36.62 94.63 23.73 45.70 143.55 -5.86 3.52 143.85 -19.34 28.71 -141.21
motor -55.66 -40.43 109.28 23.44 45.70 143.26 -5.57 3.52 143.85 -19.63 28.71 -141.21
motor -54.49 -41.02 121.00 23.73 45.70 143.26 -5.57 3.52 143.85 -19.63 29.00 -141.80
motor -53.32 -38.96 131.84 23.44 45.70 143.55 -5.27 3.52 143.85 -19.63 29.00 -141.21
motor -49.80 -33.69 139.75 23.73 45.70 143.26 -4.98 3.52 143.85 -19.63 28.71 -141.21
motor -41.89 23.73 145.31 23.73 45.70 143.26 -4.10 3.81 144.73 -20.51 29.00 -141.21
motor -42.19 23.73 145.02 24.02 46.00 143.55 -5.57 3.52 144.73 -21.39 29.00 -141.21
motor -41.89 23.73 145.31 24.02 45.70 143.26 -5.57 3.52 145.02 -21.68 28.71 -141.80
motor -40.43 23.73 145.31 23.73 45.70 143.26 -5.86 3.52 145.02 -19.92 29.00 -141.80
motor -40.43 22.85 145.02 23.44 43.65 143.85 -4.98 3.52 145.02 -19.63 29.00 -141.80
motor -39.55 21.68 145.31 23.44 42.19 144.73 -4.98 3.52 144.73 -19.63 28.71 -141.80
motor -39.55 15.23 145.31 23.73 24.90 142.97 -4.98 3.52 144.73 -19.34 29.30 -142.68
motor -39.26 13.77 145.31 23.44 9.08 141.21 -4.98 3.52 144.73 -18.46 34.28 -143.26
motor -39.26 14.06 145.31 23.14 1.46 142.38 -4.98 3.52 144.73 -17.87 36.33 -143.26
motor -39.26 13.77 145.31 24.02 -10.25 142.38 -4.98 3.52 144.73 -18.16 36.04 -142.97
motor -39.55 13.18 145.31 25.20 -14.94 142.97 -5.27 3.52 144.73 -18.16 36.33 -142.97
motor -40.14 12.60 145.31 25.20 -15.82 142.97 -5.57 3.22 144.73 -18.16 36.91 -142.97
