learning
The learning mode will be enabled, you'll need to reboot the board to return to normal operation
0 4.10
1 -55.96
2 -142.97
3 7.32
4 -55.08
5 -141.21
6 0.29
7 -54.20
8 -144.43
9 3.22
10 -58.89
11 -142.68
0 4.10
1 -55.96
2 -143.26
3 7.62
4 -54.79
5 -141.21
6 0.29
7 -53.91
8 -144.43
9 3.22
10 -59.18
11 -142.68
0 4.10
1 -55.96
2 -143.26
3 7.62
4 -55.08
5 -141.21
6 0.29
7 -53.91
8 -144.14
9 3.22
10 -58.89
11 -142.68
0 4.10
1 -55.96
2 -143.26
3 7.32
4 -55.08
5 -141.21
6 0.29
7 -53.91
8 -144.43
9 2.93
10 -59.18
11 -142.68
0 4.10
1 -55.96
2 -143.26
3 7.62
4 -55.08
5 -141.21
6 0.29
7 -53.91
8 -144.14
9 3.22
10 -58.89
11 -142.68
0 4.10
1 -55.96
2 -143.26
3 7.62
4 -55.08
5 -141.21
6 0.29
7 -54.20
8 -144.14
9 3.22
10 -59.18
11 -142.68
0 4.10
1 -55.96
2 -143.26
3 7.32
4 -55.08
5 -141.21
6 0.29
7 -54.20
8 -144.14
9 2.93
10 -59.18
11 -142.68
0 4.10
1 -55.96
2 -142.97
3 7.62
4 -55.08
5 -141.21
6 0.29
7 -53.91
8 -144.43
9 2.93
10 -58.89
11 -142.68
0 4.10
1 -55.96
2 -143.26
3 7.32
4 -55.08
5 -141.21
6 0.29
7 -53.91
8 -144.14
9 2.93
10 -58.89
11 -142.68
0 4.10
1 -55.96
2 -143.26
3 7.62
4 -55.08
5 -141.21
6 0.29
7 -53.91
8 -144.14
9 2.93
10 -58.89
11 -142.68
0 4.10
1 -55.96
2 -143.26
3 7.32
4 -55.08
5 -141.21
6 0.29
7 -53.91
8 -144.43
9 3.22
10 -58.89
11 -142.68
0 4.10
1 -55.96
2 -143.26
3 7.32
4 -55.08
5 -141.21
6 0.29
7 -54.20
8 -144.14
9 3.22
10 -59.18
11 -142.68
0 4.39
1 -55.96
2 -143.26
3 7.62
4 -55.08
5 -141.21
6 0.29
7 -53.91
8 -144.14
9 2.34
10 -58.59
11 -142.68
0 4.69
1 -55.96
2 -142.97
3 7.62
4 -55.37
5 -140.92
6 0.00
7 -53.61
8 -144.43
9 1.46
10 -58.30
11 -139.45
0 6.15
1 -55.96
2 -142.97
3 7.32
4 -54.49
5 -139.45
6 -0.29
7 -52.73
8 -144.43
9 1.76
10 -57.42
11 -134.18
0 6.45
1 -55.96
2 -142.97
3 7.62
4 -53.03
5 -136.52
6 -0.29
7 -52.73
8 -144.43
9 1.76
10 -57.13
11 -128.03
0 6.15
1 -55.66
2 -142.97
3 7.62
4 -50.98
5 -133.01
6 -0.29
7 -52.44
8 -144.43
9 1.76
10 -56.54
11 -119.24
0 6.15
1 -55.96
2 -142.97
3 7.32
4 -48.63
5 -126.27
6 -0.29
7 -52.73
8 -144.43
9 1.46
10 -55.96
11 -110.74
0 6.15
1 -55.96
2 -143.26
3 7.32
4 -45.12
5 -120.41
6 0.29
7 -53.91
8 -144.43
9 1.46
10 -55.96
11 -106.35
0 5.27
1 -55.96
2 -143.26
3 7.32
4 -44.82
5 -115.43
6 0.29
7 -54.49
8 -144.73
9 1.46
10 -55.96
11 -105.47
0 4.69
1 -56.84
2 -143.55
3 7.32
4 -45.12
5 -113.38
6 0.00
7 -54.49
8 -144.73
9 1.46
10 -56.54
11 -105.76
0 5.57
1 -57.71
2 -143.55
3 7.32
4 -45.70
5 -113.96
6 -1.46
7 -55.37
8 -144.73
9 1.46
10 -57.13
11 -106.05
0 6.15
1 -58.01
2 -143.55
3 7.32
4 -46.00
5 -114.26
6 -1.46
7 -57.13
8 -144.73
9 1.46
10 -57.42
11 -105.76
0 6.15
1 -58.89
2 -143.55
3 7.32
4 -46.00
5 -113.96
6 -1.46
7 -59.77
8 -144.73
9 1.46
10 -58.30
11 -105.76
0 6.15
1 -60.06
2 -143.55
3 7.32
4 -46.29
5 -114.26
6 -1.46
7 -62.40
8 -144.73
9 1.76
10 -58.59
11 -106.05
0 5.57
1 -61.23
2 -143.26
3 7.62
4 -46.29
5 -113.96
6 -1.46
7 -65.62
8 -144.43
9 2.34
10 -58.89
11 -105.76
0 6.15
1 -63.57
2 -142.97
3 7.62
4 -47.17
5 -114.26
6 -2.05
7 -69.43
8 -141.50
9 2.93
10 -59.47
11 -105.47
0 6.15
1 -65.04
2 -139.75
3 9.08
4 -50.39
5 -113.38
6 -2.05
7 -73.24
8 -134.77
9 2.64
10 -59.18
11 -105.47
0 6.45
1 -63.28
2 -133.30
3 7.91
4 -53.91
5 -113.38
6 0.00
7 -71.19
8 -122.46
9 2.64
10 -58.89
11 -105.47
0 6.15
1 -62.11
2 -125.98
3 7.62
4 -55.37
5 -113.38
6 0.29
7 -67.09
8 -112.50
9 2.64
10 -58.59
11 -105.47
0 6.15
1 -57.71
2 -116.89
3 7.62
4 -56.54
5 -113.38
6 0.29
7 -60.35
8 -103.12
9 2.64
10 -58.59
11 -105.76
0 6.15
1 -51.86
2 -105.47
3 7.62
4 -56.84
5 -113.38
6 0.29
7 -52.44
8 -92.87
9 2.64
10 -58.59
11 -105.76
0 6.45
1 -47.46
2 -92.29
3 7.62
4 -56.84
5 -113.38
6 0.29
7 -44.53
8 -83.50
9 2.64
10 -58.59
11 -105.76
0 6.15
1 -43.07
2 -79.39
3 7.62
4 -56.84
5 -113.38
6 0.29
7 -37.79
8 -73.83
9 2.64
10 -58.59
11 -105.76
0 6.15
1 -37.79
2 -67.68
3 7.62
4 -56.84
5 -113.96
6 0.29
7 -31.05
8 -63.87
9 2.34
10 -58.59
11 -105.76
0 6.15
1 -32.23
2 -55.96
3 7.62
4 -56.84
5 -113.38
6 0.29
7 -25.20
8 -55.96
9 2.64
10 -58.59
11 -105.76
0 6.15
1 -25.78
2 -43.36
3 7.62
4 -56.84
5 -113.38
6 0.29
7 -19.34
8 -46.88
9 2.34
10 -58.59
11 -105.76
0 6.15
1 -19.04
2 -32.52
3 7.62
4 -56.84
5 -113.38
6 0.29
7 -13.77
8 -35.74
9 2.64
10 -58.59
11 -105.76
0 6.15
1 -12.60
2 -21.97
3 7.62
4 -57.42
5 -113.38
6 0.29
7 -9.08
8 -25.49
9 2.34
10 -58.59
11 -105.76
0 5.57
1 -8.20
2 -14.36
3 7.62
4 -58.59
5 -113.38
6 0.29
7 -4.98
8 -16.41
9 2.64
10 -58.59
11 -106.05
0 5.57
1 -4.10
2 -7.91
3 7.62
4 -58.89
5 -113.38
6 0.29
7 -1.76
8 -9.08
9 2.64
10 -58.59
11 -106.05
0 5.57
1 -1.17
2 -3.81
3 7.62
4 -58.89
5 -113.38
6 0.29
7 -0.59
8 -6.45
9 2.64
10 -58.59
11 -106.05
0 5.27
1 -0.29
2 -4.69
3 7.62
4 -58.89
5 -113.38
6 0.29
7 -0.88
8 -6.74
9 2.64
10 -58.59
11 -106.05
0 4.98
1 -0.59
2 -4.98
3 7.62
4 -58.89
5 -113.38
6 0.00
7 -0.59
8 -6.74
9 2.64
10 -58.59
11 -106.05
0 5.27
1 -0.29
2 -4.69
3 7.62
4 -58.89
5 -113.38
6 0.00
7 -0.59
8 -6.74
9 2.64
10 -58.59
11 -106.05
0 5.27
1 -0.29
2 -4.69
3 7.62
4 -58.89
5 -113.38
6 0.00
7 -0.59
8 -6.74
9 2.64
10 -58.59
11 -106.05
0 5.27
1 -0.29
2 -4.69
3 7.62
4 -58.89
5 -113.38
6 -0.29
7 -0.59
8 -6.74
9 2.64
10 -58.30
11 -106.05
0 5.27
1 -0.29
2 -4.69
3 7.62
4 -58.89
5 -113.38
6 0.00
7 -0.88
8 -6.74
9 2.93
10 -58.59
11 -106.05
0 5.27
1 -0.29
2 -4.69
3 7.91
4 -58.89
5 -112.50
6 0.00
7 -0.59
8 -6.74
9 2.64
10 -58.59
11 -106.05
0 5.27
1 -0.29
2 -4.69
3 7.03
4 -58.59
5 -104.30
6 0.00
7 -0.59
8 -6.74
9 2.93
10 -55.08
11 -100.78
0 5.27
1 -0.29
2 -4.69
3 6.15
4 -54.49
5 -90.23
6 0.00
7 -0.59
8 -6.74
9 2.93
10 -50.10
11 -90.53
0 5.27
1 -0.59
2 -4.69
3 5.27
4 -48.34
5 -76.76
6 -0.29
7 -0.59
8 -6.74
9 2.93
10 -42.77
11 -77.93
0 5.27
1 -0.59
2 -4.69
3 4.98
4 -41.02
5 -62.40
6 0.00
7 -0.59
8 -6.74
9 2.64
10 -33.98
11 -63.57
0 5.27
1 -0.59
2 -4.69
3 4.98
4 -31.93
5 -47.46
6 0.00
7 -0.59
8 -6.74
9 2.64
10 -26.95
11 -50.39
0 5.27
1 -0.59
2 -4.69
3 4.98
4 -24.61
5 -33.98
6 0.00
7 -0.59
8 -6.74
9 2.64
10 -19.63
11 -37.21
0 5.27
1 -0.29
2 -4.69
3 4.98
4 -18.16
5 -21.97
6 0.00
7 -0.59
8 -6.74
9 2.93
10 -13.77
11 -25.49
0 5.27
1 -0.29
2 -4.69
3 4.69
4 -13.18
5 -11.43
6 0.00
7 -0.88
8 -6.74
9 2.64
10 -8.50
11 -16.99
0 5.27
1 -0.29
2 -4.98
3 4.69
4 -8.20
5 -2.64
6 -0.29
7 -0.59
8 -6.74
9 2.64
10 -3.81
11 -8.20
0 5.27
1 -0.59
2 -4.69
3 4.98
4 -3.81
5 3.52
6 0.00
7 -0.88
8 -6.74
9 2.64
10 -1.46
11 -4.69
0 5.27
1 -0.59
2 -4.69
3 4.98
4 -2.05
5 4.39
6 0.00
7 -0.59
8 -6.74
9 2.64
10 -1.46
11 -4.39
0 5.27
1 -0.59
2 -4.69
3 4.69
4 -1.46
5 3.81
6 -0.29
7 -0.59
8 -6.74
9 2.64
10 -1.76
11 -4.39
0 5.27
1 -0.59
2 -4.69
3 4.69
4 -1.76
5 2.93
6 0.00
7 -0.59
8 -6.74
9 2.64
10 -1.76
11 -4.39
0 5.27
1 -0.59
2 -4.69
3 4.98
4 -1.76
5 2.93
6 0.00
7 -0.88
8 -6.74
9 2.64
10 -2.05
11 -4.98
0 5.27
1 -0.29
2 -4.69
3 5.27
4 -1.76
5 2.93
6 0.00
7 -0.59
8 -6.74
9 2.64
10 -2.05
11 -4.98
0 5.27
1 -0.59
2 -4.69
3 5.57
4 -1.46
5 2.93
6 -0.29
7 -0.59
8 -6.74
9 2.64
10 -1.76
11 -5.27
0 5.27
1 -0.29
2 -4.98
3 5.57
4 -1.76
5 2.93
6 0.00
7 -0.88
8 -6.74
9 2.64
10 -2.05
11 -5.27
0 5.27
1 -0.59
2 -4.69
3 5.57
4 -1.76
5 2.93
6 -0.29
7 -0.59
8 -6.74
9 2.64
10 -2.05
11 -5.27
0 5.27
1 -0.59
2 -4.69
3 5.57
4 -1.76
5 2.93
6 -0.29
7 -0.88
8 -6.74
9 2.64
10 -2.05
11 -5.27
0 5.27
1 -0.59
2 -4.98
3 5.57
4 -1.76
5 2.93
6 -0.29
7 -0.88
8 -6.74
9 2.64
10 -2.05
11 -5.27
0 5.27
1 -0.59
2 -4.69
3 4.69
4 -2.05
5 2.93
6 0.00
7 -0.59
8 -6.74
9 2.64
10 -2.34
11 -5.27
0 5.27
1 -0.59
2 -4.69
3 4.98
4 -2.05
5 3.52
6 0.00
7 -0.88
8 -6.74
9 2.64
10 -4.39
11 -4.98
0 5.27
1 -0.59
2 -4.98
3 4.98
4 -4.39
5 4.69
6 0.00
7 -0.59
8 -6.74
9 2.93
10 -6.74
11 -4.10
0 4.98
1 -0.59
2 -4.69
3 5.27
4 -7.03
5 4.39
6 0.00
7 -0.59
8 -6.74
9 2.93
10 -11.13
11 -4.10
0 5.27
1 -0.29
2 -4.98
3 5.27
4 -9.96
5 4.69
6 0.00
7 -0.88
8 -6.74
9 2.93
10 -15.23
11 -4.10
0 5.27
1 -0.29
2 -4.69
3 5.27
4 -13.18
5 4.69
6 0.00
7 -0.59
8 -6.74
9 1.46
10 -17.87
11 -4.10
0 5.27
1 -0.59
2 -4.69
3 6.15
4 -17.29
5 4.69
6 0.00
7 -0.59
8 -6.74
9 1.46
10 -24.02
11 -4.10
0 5.27
1 -0.29
2 -4.69
3 6.15
4 -24.61
5 4.69
6 0.00
7 -0.88
8 -6.74
9 1.76
10 -32.23
11 -3.81
0 5.27
1 -0.59
2 -4.69
3 6.15
4 -31.64
5 4.39
6 -0.29
7 -0.59
8 -6.74
9 1.46
10 -42.19
11 -0.59
0 5.27
1 -0.59
2 -4.69
3 6.15
4 -40.72
5 4.39
6 0.00
7 -0.59
8 -6.74
9 1.46
10 -52.15
11 3.52
0 5.27
1 -0.59
2 -4.69
3 6.15
4 -50.68
5 4.39
6 -0.29
7 -0.59
8 -6.74
9 1.76
10 -60.94
11 5.57
0 5.27
1 -0.59
2 -4.69
3 5.57
4 -60.94
5 4.39
6 -0.29
7 -0.59
8 -6.74
9 2.93
10 -68.85
11 7.62
0 5.27
1 -0.59
2 -4.69
3 6.15
4 -70.31
5 4.39
6 0.00
7 -0.59
8 -6.74
9 2.93
10 -75.59
11 7.03
0 5.27
1 -0.59
2 -4.98
3 5.57
4 -79.10
5 4.10
6 0.00
7 -0.59
8 -6.74
9 3.52
10 -79.98
11 7.03
0 5.27
1 -0.59
2 -4.69
3 4.98
4 -87.01
5 2.93
6 0.00
7 -0.59
8 -6.74
9 4.69
10 -83.20
11 7.03
0 5.27
1 -0.59
2 -4.69
3 4.98
4 -94.04
5 2.34
6 -0.29
7 -0.59
8 -6.74
9 6.45
10 -86.13
11 6.45
0 5.27
1 -0.59
2 -4.69
3 5.27
4 -97.85
5 1.46
6 0.00
7 -0.88
8 -6.74
9 7.62
10 -87.01
11 5.57
0 5.27
1 -0.59
2 -4.69
3 4.98
4 -98.14
5 0.00
6 0.00
7 -0.88
8 -6.74
9 7.62
10 -87.01
11 5.86
0 5.27
1 -0.59
2 -4.69
3 5.27
4 -98.14
5 0.00
6 0.00
7 -0.59
8 -6.74
9 7.62
10 -86.72
11 6.15
0 5.27
1 -0.59
2 -4.69
3 5.57
4 -97.85
5 0.59
6 -0.29
7 -0.59
8 -6.74
9 7.32
10 -86.13
11 6.15
0 5.27
1 -0.59
2 -4.69
3 5.57
4 -97.85
5 0.59
6 0.00
7 -0.59
8 -6.74
9 7.32
10 -85.55
11 6.15
0 5.27
1 -0.59
2 -4.69
3 5.57
4 -97.85
5 0.59
6 0.00
7 -0.59
8 -6.74
9 7.32
10 -85.55
11 6.15
0 5.27
1 -0.59
2 -4.69
3 5.57
4 -98.14
5 0.59
6 -0.29
7 -0.59
8 -6.74
9 7.32
10 -85.55
11 6.15
0 5.27
1 -0.59
2 -4.98
3 5.57
4 -98.14
5 0.59
6 0.00
7 -0.59
8 -6.74
9 7.32
10 -85.55
11 6.15
0 5.27
1 -0.59
2 -4.69
3 5.57
4 -98.14
5 0.59
6 -0.29
7 -0.59
8 -6.74
9 7.32
10 -85.55
11 6.15
0 3.81
1 -0.59
2 -4.69
3 5.57
4 -97.85
5 0.59
6 0.00
7 -0.59
8 -6.74
9 7.32
10 -85.55
11 6.15
0 3.81
1 -0.59
2 -4.69
3 5.57
4 -97.85
5 0.59
6 -2.05
7 -0.59
8 -6.74
9 7.32
10 -85.55
11 6.15
0 3.81
1 -0.59
2 -3.52
3 5.57
4 -97.85
5 0.59
6 -2.34
7 -0.59
8 -6.74
9 7.32
10 -85.55
11 6.15
0 4.10
1 -0.59
2 -3.81
3 5.57
4 -97.85
5 0.59
6 -2.05
7 -1.17
8 -6.74
9 7.32
10 -85.55
11 6.15
0 3.22
1 -0.88
2 -3.52
3 5.57
4 -97.85
5 0.59
6 -0.59
7 -2.93
8 -6.74
9 7.32
10 -85.55
11 6.15
0 3.81
1 -4.39
2 -2.05
3 5.57
4 -97.85
5 0.59
6 0.29
7 -6.74
8 -6.74
9 7.32
10 -85.55
11 6.15
0 3.81
1 -8.79
2 -0.88
3 6.45
4 -97.85
5 0.59
6 0.59
7 -11.43
8 -6.74
9 7.32
10 -85.55
11 6.15
0 3.81
1 -9.08
2 -0.88
3 6.45
4 -97.85
5 0.59
6 0.88
7 -12.60
8 -6.74
9 7.32
10 -85.55
11 6.15
0 4.39
1 -8.50
2 -1.17
3 6.45
4 -97.85
5 0.59
6 1.46
7 -12.60
8 -6.74
9 7.32
10 -85.55
11 6.15
0 2.93
1 -7.62
2 -1.17
3 6.45
4 -97.85
5 0.59
6 2.34
7 -14.65
8 -6.74
9 7.32
10 -85.55
11 6.15
0 2.64
1 -14.06
2 -1.17
3 6.45
4 -97.85
5 0.59
6 2.93
7 -23.73
8 -6.74
9 7.32
10 -85.55
11 6.15
0 2.93
1 -25.78
2 -1.17
3 6.45
4 -97.85
5 0.59
6 2.34
7 -36.62
8 -6.74
9 7.32
10 -85.25
11 6.15
0 3.22
1 -40.43
2 -1.17
3 6.45
4 -97.85
5 0.59
6 2.05
7 -50.10
8 -6.74
9 7.32
10 -85.25
11 6.15
0 3.22
1 -54.49
2 -1.17
3 6.45
4 -97.85
5 0.59
6 2.34
7 -61.23
8 -6.74
9 7.32
10 -85.25
11 6.15
0 3.22
1 -68.26
2 -1.46
3 6.45
4 -97.85
5 0.59
6 2.34
7 -71.78
8 -6.74
9 7.32
10 -85.55
11 6.15
0 3.22
1 -81.74
2 -1.46
3 6.45
4 -97.85
5 0.59
6 2.34
7 -82.03
8 -6.74
9 7.62
10 -85.55
11 6.15
0 3.22
1 -90.23
2 -1.46
3 6.45
4 -97.85
5 0.59
6 2.34
7 -91.11
8 -6.74
9 7.32
10 -85.55
11 6.15
0 2.93
1 -92.58
2 -1.17
3 6.45
4 -97.85
5 0.59
6 2.93
7 -96.97
8 -6.74
9 7.32
10 -85.55
11 6.15
0 2.64
1 -92.87
2 -1.17
3 6.45
4 -97.85
5 0.59
6 2.34
7 -98.73
8 -6.74
9 7.32
10 -85.55
11 6.15
0 2.93
1 -92.87
2 -1.46
3 6.45
4 -97.85
5 0.59
6 2.34
7 -99.02
8 -6.74
9 7.32
10 -85.25
11 6.15
0 2.93
1 -93.16
2 -1.17
3 6.45
4 -97.85
5 0.59
6 2.05
7 -99.02
8 -6.74
9 7.32
10 -85.55
11 6.15
0 2.93
1 -93.16
2 -1.17
3 6.45
4 -97.85
5 0.59
6 1.76
7 -97.85
8 -6.74
9 7.32
10 -85.25
11 6.15
0 2.93
1 -92.87
2 -1.46
3 6.45
4 -97.85
5 0.59
6 1.76
7 -97.85
8 -6.74
9 7.32
10 -85.55
11 6.15
0 2.93
1 -92.87
2 -1.17
3 6.45
4 -97.85
5 0.59
6 1.76
7 -97.85
8 -6.74
9 7.32
10 -85.55
11 6.15
0 2.93
1 -92.87
2 -1.46
3 6.45
4 -97.85
5 0.59
6 1.76
7 -97.56
8 -6.74
9 7.32
10 -85.25
11 6.15
0 2.93
1 -92.87
2 -1.46
3 6.45
4 -97.85
5 0.59
6 1.76
7 -97.85
8 -6.74
9 7.32
10 -85.55
11 6.15
0 3.22
1 -92.87
2 -1.17
3 6.45
4 -97.85
5 0.59
6 1.76
7 -97.56
8 -6.74
9 7.32
10 -85.55
11 6.15
0 2.93
1 -92.87
2 -1.17
3 6.45
4 -97.85
5 0.59
6 1.76
7 -97.85
8 -6.74
9 7.32
10 -85.25
11 6.15
0 2.93
1 -92.87
2 -1.46
3 6.45
4 -97.85
5 0.59
6 1.76
7 -97.85
8 -6.74
9 7.32
10 -85.55
11 6.15
0 2.93
1 -92.87
2 -1.46
3 6.45
4 -96.09
5 0.59
6 1.76
7 -97.85
8 -6.74
9 7.32
10 -85.55
11 6.15
0 2.93
1 -92.87
2 -1.46
3 6.45
4 -96.09
5 0.59
6 1.76
7 -97.85
8 -6.74
9 7.32
10 -85.55
11 6.15
0 2.93
1 -92.87
2 -1.17
3 6.45
4 -96.09
5 0.59
6 1.76
7 -97.85
8 -6.74
9 7.32
10 -85.25
11 6.15
0 2.93
1 -92.87
2 -1.46
3 6.45
4 -96.09
5 0.59
6 1.76
7 -97.85
8 -6.74
9 7.32
10 -85.25
11 6.15
0 3.22
1 -92.87
2 -1.46
3 5.57
4 -96.09
5 0.59
6 1.76
7 -97.85
8 -6.74
9 7.32
10 -85.25
11 6.15
0 3.22
1 -92.87
2 -1.17
3 5.57
4 -96.09
5 0.59
6 1.76
7 -97.85
8 -6.74
9 7.03
10 -84.37
11 5.86
0 2.93
1 -92.87
2 -1.46
3 5.57
4 -91.99
5 0.88
6 1.76
7 -97.85
8 -6.74
9 6.45
10 -76.76
11 6.15
0 2.93
1 -92.87
2 -1.17
3 4.98
4 -80.86
5 0.59
6 1.76
7 -97.85
8 -6.74
9 6.45
10 -62.40
11 5.86
0 3.22
1 -92.87
2 -1.17
3 4.69
4 -65.62
5 0.59
6 1.76
7 -97.85
8 -6.74
9 7.03
10 -47.17
11 6.15
0 3.22
1 -92.87
2 -1.17
3 4.69
4 -50.68
5 0.59
6 1.76
7 -97.85
8 -6.74
9 6.45
10 -32.23
11 5.86
0 2.93
1 -92.58
2 -1.46
3 4.69
4 -36.04
5 0.88
6 1.76
7 -97.85
8 -6.74
9 7.03
10 -19.34
11 5.86
0 3.22
1 -92.87
2 -1.46
3 3.81
4 -23.14
5 0.88
6 1.76
7 -97.85
8 -6.74
9 7.91
10 -9.08
11 5.57
0 2.93
1 -92.87
2 -1.46
3 2.05
4 -13.77
5 1.17
6 1.76
7 -97.85
8 -6.74
9 7.91
10 -0.88
11 7.62
0 3.22
1 -92.87
2 -1.17
3 1.46
4 -4.39
5 2.05
6 1.76
7 -97.85
8 -6.74
9 7.62
10 2.93
11 7.62
0 3.22
1 -92.87
2 -1.46
3 1.46
4 -0.88
5 2.05
6 1.76
7 -97.85
8 -6.74
9 7.91
10 2.93
11 8.20
0 3.22
1 -92.87
2 -1.17
3 2.05
4 -0.29
5 2.05
6 1.76
7 -97.85
8 -6.74
9 7.62
10 2.93
11 7.32
0 2.93
1 -92.87
2 -1.17
3 2.64
4 -0.88
5 1.17
6 1.76
7 -97.85
8 -6.74
9 7.62
10 2.93
11 7.32
0 3.22
1 -92.87
2 -1.17
3 2.64
4 -0.59
5 0.88
6 1.76
7 -97.85
8 -6.74
9 7.91
10 2.93
11 7.03
0 3.22
1 -92.87
2 -1.17
3 2.64
4 -0.59
5 0.88
6 1.76
7 -97.85
8 -6.74
9 7.91
10 2.93
11 7.03
0 3.22
1 -92.87
2 -1.46
3 2.93
4 -0.59
5 0.88
6 1.76
7 -97.85
8 -6.74
9 7.91
10 2.93
11 7.03
0 3.22
1 -92.87
2 -1.17
3 2.64
4 -0.59
5 0.88
6 1.76
7 -97.85
8 -6.74
9 7.62
10 2.93
11 7.03
0 3.22
1 -92.87
2 -1.17
3 2.64
4 -0.59
5 0.88
6 0.59
7 -96.68
8 -6.74
9 7.62
10 2.93
11 7.03
0 2.93
1 -90.53
2 -1.46
3 2.93
4 -0.59
5 0.88
6 0.29
7 -91.99
8 -6.74
9 7.62
10 2.93
11 7.03
0 3.22
1 -83.79
2 -1.76
3 2.93
4 -0.59
5 0.88
6 0.29
7 -79.10
8 -6.74
9 7.62
10 2.93
11 7.03
0 3.52
1 -70.90
2 -1.76
3 2.93
4 -0.59
5 0.88
6 0.29
7 -62.70
8 -6.74
9 7.62
10 2.93
11 7.03
0 3.52
1 -54.79
2 -1.76
3 2.93
4 -0.88
5 0.88
6 0.29
7 -46.00
8 -6.74
9 7.62
10 2.93
11 7.03
0 3.52
1 -39.26
2 -1.76
3 2.64
4 -0.88
5 0.88
6 0.29
7 -32.23
8 -6.74
9 7.62
10 2.93
11 7.32
0 3.52
1 -26.66
2 -2.05
3 2.93
4 -0.59
5 0.88
6 0.88
7 -19.92
8 -6.74
9 7.62
10 2.93
11 7.03
0 3.22
1 -17.58
2 -1.76
3 2.64
4 -0.88
5 0.88
6 2.34
7 -9.96
8 -6.74
9 7.91
10 2.93
11 7.03
0 3.52
1 -9.08
2 -1.76
3 2.64
4 -0.88
5 0.88
6 3.22
7 -1.46
8 -6.74
9 7.62
10 2.93
11 7.03
0 3.22
1 -2.93
2 -1.76
3 2.64
4 -0.59
5 0.88
6 2.93
7 2.34
8 -5.86
9 7.62
10 2.93
11 7.03
0 3.22
1 0.88
2 -1.76
3 2.93
4 -0.59
5 0.88
6 2.93
7 2.64
8 -5.57
9 7.62
10 2.93
11 7.03
0 2.93
1 2.05
2 -1.76
3 2.93
4 -0.59
5 0.88
6 2.93
7 2.64
8 -5.57
9 7.62
10 2.93
11 7.03
0 3.22
1 2.34
2 -2.05
3 2.64
4 -0.88
5 0.88
6 2.34
7 2.64
8 -5.86
9 7.62
10 2.93
11 7.03
0 3.22
1 2.34
2 -1.76
3 2.93
4 -0.59
5 0.88
6 1.76
7 2.64
8 -5.86
9 7.91
10 2.93
11 7.03
0 3.22
1 2.34
2 -1.76
3 2.93
4 -0.59
5 0.88
6 1.76
7 2.64
8 -5.86
9 7.62
10 2.93
11 7.03
0 3.22
1 2.34
2 -1.76
3 2.64
4 -0.59
5 0.88
6 1.76
7 2.64
8 -5.86
9 7.91
10 2.93
11 7.03
0 3.22
1 2.34
2 -1.76
3 2.64
4 -0.88
5 0.88
6 2.05
7 2.64
8 -5.86
9 7.62
10 2.93
11 7.03
0 3.22
1 2.34
2 -1.76
3 2.64
4 -0.59
5 0.88
6 1.76
7 2.64
8 -5.86
9 7.62
10 2.93
11 7.03
0 3.22
1 2.34
2 -2.05
3 2.93
4 -0.88
5 0.88
6 1.76
7 2.64
8 -5.86
9 7.62
10 2.93
11 7.03
0 3.22
1 2.34
2 -1.76
3 2.64
4 -0.59
5 0.88
6 1.76
7 2.64
8 -5.86
9 7.62
10 3.22
11 7.03
0 3.22
1 2.34
2 -1.76
3 2.93
4 -0.59
5 0.88
6 1.76
7 2.64
8 -5.86
9 7.91
10 2.93
11 7.03
0 3.22
1 2.05
2 -2.05
3 3.81
4 -0.88
5 0.88
6 1.76
7 2.34
8 -5.86
9 7.62
10 2.93
11 7.03
0 3.22
1 2.05
2 -1.76
3 3.81
4 -0.59
5 0.88
6 1.76
7 2.34
8 -5.86
9 7.62
10 2.93
11 7.03
0 3.22
1 2.05
2 -1.76
3 3.81
4 -0.88
5 0.88
6 1.76
7 2.34
8 -5.86
9 7.62
10 2.93
11 7.03
0 3.22
1 2.05
2 -1.76
3 3.81
4 -0.59
5 0.88
6 1.76
7 2.34
8 -5.86
9 7.91
10 2.34
11 6.45
0 3.22
1 2.05
2 -2.05
3 3.52
4 -2.64
5 1.46
6 2.05
7 2.34
8 -5.86
9 7.32
10 -2.34
11 6.15
0 3.22
1 2.05
2 -1.76
3 2.64
4 -8.50
5 1.76
6 1.76
7 2.34
8 -5.86
9 7.32
10 -9.96
11 6.15
0 3.22
1 2.05
2 -1.76
3 2.64
4 -17.58
5 2.05
6 1.76
7 2.64
8 -5.86
9 7.32
10 -21.09
11 6.45
0 3.22
1 2.05
2 -1.76
3 2.64
4 -30.47
5 2.05
6 2.05
7 2.34
8 -5.86
9 7.32
10 -32.52
11 7.62
0 3.22
1 2.05
2 -1.76
3 2.64
4 -45.70
5 2.05
6 1.76
7 2.64
8 -5.86
9 7.32
10 -46.00
11 7.62
0 3.22
1 2.05
2 -1.76
3 2.64
4 -58.30
5 2.05
6 1.76
7 2.34
8 -5.86
9 7.32
10 -59.77
11 7.62
0 3.22
1 2.05
2 -1.76
3 2.64
4 -68.85
5 2.05
6 1.76
7 2.05
8 -5.86
9 7.32
10 -72.07
11 7.62
0 3.22
1 2.05
2 -2.05
3 2.64
4 -77.34
5 2.05
6 1.76
7 2.05
8 -5.86
9 7.32
10 -82.32
11 7.32
0 3.22
1 2.05
2 -2.05
3 2.64
4 -84.96
5 1.46
6 1.76
7 2.05
8 -5.86
9 7.91
10 -87.60
11 7.32
0 3.22
1 2.05
2 -1.76
3 2.64
4 -90.53
5 0.00
6 1.76
7 2.05
8 -5.86
9 7.91
10 -88.48
11 7.32
0 3.22
1 2.05
2 -1.76
3 2.93
4 -93.46
5 0.29
6 1.76
7 2.05
8 -5.86
9 8.20
10 -88.18
11 7.03
0 3.22
1 2.05
2 -1.76
3 3.22
4 -92.29
5 0.59
6 1.76
7 2.34
8 -5.86
9 7.91
10 -87.89
11 7.03
0 3.22
1 2.05
2 -1.76
3 3.22
4 -92.29
5 0.59
6 1.76
7 2.34
8 -5.86
9 7.91
10 -87.89
11 7.03
0 3.22
1 2.05
2 -1.76
3 3.22
4 -92.29
5 0.59
6 1.76
7 2.34
8 -5.86
9 7.91
10 -87.89
11 7.03
0 3.22
1 2.05
2 -2.05
3 3.22
4 -92.29
5 0.59
6 1.76
7 2.34
8 -5.86
9 7.91
10 -88.18
11 7.03
0 3.22
1 2.05
2 -1.76
3 3.22
4 -92.29
5 0.59
6 1.76
7 2.34
8 -5.86
9 7.91
10 -87.89
11 7.03
0 3.22
1 2.05
2 -2.05
3 3.22
4 -92.29
5 0.59
6 1.76
7 2.34
8 -5.86
9 7.91
10 -87.89
11 7.03
0 3.22
1 2.05
2 -1.76
3 3.22
4 -92.29
5 0.59
6 1.76
7 2.34
8 -5.86
9 7.91
10 -87.89
11 7.03
0 3.81
1 2.05
2 -1.76
3 3.22
4 -92.29
5 0.59
6 0.29
7 2.34
8 -5.86
9 7.91
10 -87.89
11 7.03
0 4.69
1 2.05
2 -1.76
3 3.22
4 -92.29
5 0.59
6 0.59
7 0.29
8 -5.86
9 7.91
10 -87.89
11 7.03
0 4.69
1 0.00
2 -2.05
3 3.22
4 -92.29
5 0.59
6 0.88
7 -0.59
8 -5.86
9 7.91
10 -87.89
11 7.03
0 4.69
1 -0.88
2 -2.64
3 3.22
4 -92.29
5 0.59
6 0.88
7 -2.34
8 -5.86
9 7.91
10 -87.89
11 7.03
0 2.64
1 -0.88
2 -2.93
3 3.22
4 -91.99
5 0.59
6 1.17
7 -6.15
8 -5.86
9 7.91
10 -87.89
11 7.03
0 2.64
1 -2.64
2 -2.64
3 3.22
4 -92.29
5 0.59
6 1.46
7 -12.01
8 -5.86
9 7.91
10 -87.89
11 7.03
0 2.64
1 -8.50
2 -2.64
3 3.22
4 -92.29
5 0.59
6 1.46
7 -23.44
8 -5.86
9 7.91
10 -87.89
11 7.03
0 3.22
1 -21.09
2 -2.64
3 3.22
4 -92.29
5 0.59
6 1.17
7 -41.60
8 -5.86
9 7.91
10 -87.60
11 7.03
0 3.52
1 -37.21
2 -2.64
3 3.81
4 -92.29
5 0.59
6 0.88
7 -58.01
8 -5.86
9 7.91
10 -87.60
11 7.03
0 4.39
1 -51.56
2 -2.64
3 3.81
4 -92.29
5 0.59
6 0.88
7 -70.02
8 -5.86
9 7.91
10 -87.60
11 7.03
0 4.69
1 -66.21
2 -2.64
3 3.81
4 -92.29
5 0.59
6 0.59
7 -77.34
8 -5.86
9 7.91
10 -87.60
11 7.03
0 4.98
1 -79.69
2 -2.64
3 3.81
4 -92.29
5 0.59
6 0.59
7 -82.32
8 -5.86
9 7.91
10 -87.60
11 7.03
0 4.98
1 -90.23
2 -2.64
3 3.81
4 -92.29
5 0.59
6 0.59
7 -87.60
8 -5.86
9 7.91
10 -87.60
11 7.03
0 4.69
1 -93.46
2 -2.64
3 3.81
4 -92.29
5 0.59
6 0.59
7 -90.82
8 -5.86
9 7.91
10 -87.60
11 7.03
0 4.39
1 -93.46
2 -2.64
3 3.81
4 -92.29
5 0.59
6 0.59
7 -92.87
8 -5.86
9 7.91
10 -87.60
11 7.03
0 3.22
1 -93.46
2 -2.64
3 3.81
4 -92.29
5 0.59
6 0.59
7 -95.51
8 -5.86
9 7.91
10 -87.60
11 7.03
0 2.93
1 -93.46
2 -2.64
3 3.81
4 -92.29
5 0.59
6 0.59
7 -96.68
8 -5.86
9 7.91
10 -87.60
11 7.03
0 2.93
1 -93.46
2 -2.64
3 3.81
4 -92.29
5 0.59
6 0.59
7 -96.39
8 -5.86
9 7.91
10 -87.60
11 7.03
0 3.52
1 -93.16
2 -2.64
3 3.81
4 -91.99
5 0.59
6 0.59
7 -96.09
8 -5.86
9 7.91
10 -87.60
11 7.03
0 3.52
1 -93.16
2 -2.64
3 3.81
4 -92.29
5 0.59
6 0.29
7 -96.09
8 -5.86
9 7.91
10 -87.60
11 7.03
0 3.52
1 -93.16
2 -2.05
3 3.81
4 -92.29
5 0.59
6 0.59
7 -96.09
8 -5.86
9 7.91
10 -87.60
11 7.03
0 3.22
1 -93.16
2 -2.05
3 3.81
4 -92.29
5 0.59
6 0.29
7 -96.09
8 -5.86
9 7.91
10 -87.60
11 7.03
0 3.52
1 -93.16
2 -2.64
3 3.81
4 -92.29
5 0.59
6 0.29
7 -96.09
8 -5.86
9 7.91
10 -87.60
11 7.03
0 3.52
1 -93.16
2 -2.64
3 3.81
4 -92.29
5 0.59
6 0.29
7 -96.09
8 -5.86
9 7.91
10 -87.60
11 7.03
0 3.52
1 -93.16
2 -2.64
3 3.81
4 -92.29
5 0.59
6 0.29
7 -96.09
8 -5.86
9 7.91
10 -87.60
11 7.03
0 3.52
1 -93.16
2 -2.64
3 3.81
4 -92.29
5 0.59
6 0.29
7 -96.09
8 -5.86
9 7.91
10 -87.60
11 7.03
0 3.52
1 -93.16
2 -2.64
3 3.81
4 -92.29
5 0.59
6 0.29
7 -96.09
8 -5.86
9 7.91
10 -87.60
11 7.03
0 3.52
1 -93.16
2 -2.05
3 3.81
4 -92.29
5 0.59
6 0.59
7 -96.09
8 -5.86
9 7.91
10 -87.60
11 7.03
0 3.52
1 -93.16
2 -2.64
3 3.81
4 -92.29
5 0.59
6 0.59
7 -96.09
8 -5.86
9 7.91
10 -87.60
11 7.03
0 3.52
1 -93.16
2 -2.05
3 3.81
4 -92.29
5 0.59
6 0.29
7 -96.09
8 -5.86
9 7.62
10 -85.55
11 7.03
0 3.22
1 -93.16
2 -2.64
3 3.81
4 -89.06
5 0.59
6 0.29
7 -96.09
8 -5.86
9 7.62
10 -79.98
11 5.86
0 3.52
1 -92.87
2 -2.64
3 3.81
4 -80.27
5 0.59
6 0.59
7 -96.09
8 -5.86
9 6.45
10 -65.92
11 5.27
0 3.52
1 -93.16
2 -2.64
3 3.81
4 -65.33
5 0.29
6 0.59
7 -96.09
8 -5.86
9 6.45
10 -47.75
11 4.98
0 3.52
1 -93.16
2 -2.64
3 2.93
4 -46.00
5 0.29
6 0.59
7 -96.09
8 -5.86
9 6.45
10 -29.88
11 5.27
0 3.52
1 -93.16
2 -2.64
3 2.34
4 -27.54
5 0.29
6 0.59
7 -96.09
8 -5.86
9 6.45
10 -17.87
11 5.27
0 3.22
1 -93.16
2 -2.64
3 2.34
4 -14.94
5 0.00
6 0.59
7 -96.09
8 -5.86
9 6.15
10 -9.08
11 5.27
0 3.52
1 -93.16
2 -2.64
3 2.34
4 -6.45
5 0.00
6 0.59
7 -96.09
8 -5.86
9 6.15
10 -2.34
11 5.27
0 3.52
1 -93.16
2 -2.64
3 2.34
4 -0.88
5 0.59
6 0.59
7 -96.09
8 -5.86
9 5.86
10 1.17
11 5.27
0 3.52
1 -93.16
2 -2.64
3 2.64
4 0.88
5 0.88
6 0.59
7 -96.09
8 -5.86
9 5.86
10 2.05
11 5.27
0 3.52
1 -93.16
2 -2.05
3 2.64
4 0.88
5 0.88
6 0.59
7 -96.09
8 -5.86
9 5.86
10 1.76
11 5.27
0 3.52
1 -93.16
2 -2.64
3 2.64
4 0.88
5 0.88
6 0.29
7 -96.09
8 -5.86
9 6.15
10 1.76
11 5.57
0 3.52
1 -93.16
2 -2.64
3 2.64
4 0.88
5 0.88
6 0.29
7 -96.09
8 -5.86
9 5.86
10 1.76
11 5.27
0 3.52
1 -93.16
2 -2.64
3 2.64
4 0.88
5 0.88
6 0.59
7 -96.09
8 -5.86
9 6.15
10 1.76
11 5.57
0 3.52
1 -93.16
2 -2.05
3 2.64
4 0.88
5 0.88
6 0.29
7 -96.09
8 -5.86
9 6.15
10 1.76
11 5.57
0 2.93
1 -92.58
2 -2.05
3 2.93
4 0.88
5 0.88
6 0.00
7 -93.16
8 -5.86
9 7.91
10 1.76
11 5.57
0 2.93
1 -88.77
2 -2.93
3 3.81
4 0.29
5 0.88
6 0.29
7 -87.01
8 -5.86
9 7.62
10 1.76
11 5.57
0 2.93
1 -78.52
2 -3.81
3 3.81
4 0.59
5 0.88
6 0.59
7 -75.59
8 -5.86
9 7.62
10 1.46
11 5.57
0 2.93
1 -62.40
2 -5.57
3 3.81
4 0.59
5 0.88
6 0.88
7 -60.35
8 -5.86
9 7.62
10 1.46
11 5.57
0 3.52
1 -46.88
2 -6.74
3 3.81
4 0.59
5 0.88
6 0.88
7 -45.41
8 -5.86
9 7.62
10 1.46
11 5.57
0 3.52
1 -33.11
2 -6.74
3 3.81
4 0.59
5 0.88
6 0.88
7 -32.23
8 -5.86
9 7.91
10 1.46
11 5.57
0 3.52
1 -20.80
2 -6.74
3 3.81
4 0.59
5 0.88
6 1.17
7 -20.51
8 -5.86
9 7.62
10 1.46
11 5.57
0 3.52
1 -11.13
2 -6.74
3 3.81
4 0.59
5 0.88
6 1.46
7 -10.25
8 -5.86
9 7.91
10 1.46
11 5.27
0 3.52
1 -3.22
2 -6.74
3 3.81
4 0.29
5 0.88
6 2.05
7 -1.46
8 -5.57
9 7.91
10 1.76
11 5.57
0 4.10
1 2.05
2 -4.69
3 3.81
4 0.59
5 0.88
6 2.05
7 2.05
8 -3.81
9 7.62
10 1.46
11 5.27
0 3.81
1 2.64
2 -4.10
3 3.81
4 0.88
5 0.88
6 2.34
7 2.05
8 -4.10
9 7.62
10 1.46
11 5.57
0 4.10
1 2.34
2 -4.10
3 3.81
4 0.59
5 0.88
6 1.76
7 2.05
8 -4.10
9 7.62
10 1.46
11 5.57
0 4.39
1 2.34
2 -4.39
3 3.81
4 0.59
5 0.88
6 1.76
7 2.05
8 -4.10
9 7.62
10 1.76
11 5.57
0 4.39
1 2.34
2 -4.69
3 3.81
4 0.59
5 0.88
6 1.76
7 2.05
8 -4.10
9 7.62
10 1.46
11 5.57
0 4.39
1 2.34
2 -4.69
3 3.81
4 0.59
5 0.88
6 1.76
7 2.05
8 -4.10
9 7.62
10 1.76
11 5.57
0 4.39
1 2.34
2 -4.69
3 3.81
4 0.29
5 0.88
6 1.76
7 2.05
8 -4.10
9 7.62
10 1.76
11 5.27
0 4.98
1 2.34
2 -4.69
3 3.81
4 0.88
5 0.88
6 1.76
7 2.05
8 -4.10
9 7.62
10 1.76
11 5.57
0 5.57
1 2.34
2 -4.39
3 2.64
4 0.59
5 0.88
6 0.29
7 2.05
8 -4.10
9 7.62
10 0.88
11 5.57
0 6.74
1 2.34
2 -4.69
3 2.05
4 -0.59
5 0.59
6 0.29
7 1.17
8 -4.10
9 7.62
10 -1.76
11 5.57
0 8.20
1 2.34
2 -4.69
3 1.17
4 -1.76
5 0.59
6 0.29
7 1.46
8 -4.10
9 7.91
10 -2.05
11 5.57
0 7.62
1 2.05
2 -4.98
3 1.46
4 0.59
5 0.59
6 0.29
7 1.46
8 -4.10
9 8.20
10 0.29
11 5.86
0 5.57
1 2.05
2 -5.57
3 3.81
4 0.59
5 0.59
6 0.59
7 0.88
8 -4.10
9 7.91
10 1.76
11 2.93
0 4.98
1 2.34
2 -6.74
3 3.81
4 0.29
5 0.59
6 0.29
7 0.29
8 -4.10
9 7.91
10 2.93
11 -6.15
0 5.27
1 2.34
2 -11.43
3 3.52
4 -2.05
5 0.59
6 1.17
7 -0.59
8 -4.10
9 9.67
10 3.22
11 -18.75
0 5.27
1 2.64
2 -20.80
3 2.34
4 -2.34
5 2.05
6 1.17
7 -0.29
8 -4.10
9 12.89
10 5.86
11 -32.52
0 5.57
1 2.64
2 -31.35
3 2.05
4 -3.81
5 2.93
6 0.29
7 -0.88
8 -4.10
9 17.29
10 7.62
11 -45.12
0 5.27
1 2.64
2 -41.60
3 2.05
4 -5.57
5 4.39
6 0.29
7 -1.17
8 -4.10
9 20.80
10 7.62
11 -57.13
0 5.57
1 2.93
2 -53.03
3 2.05
4 -7.32
5 4.39
6 0.29
7 -0.88
8 -4.10
9 22.27
10 7.62
11 -67.68
0 5.57
1 2.93
2 -63.57
3 2.64
4 -7.32
5 4.39
6 0.59
7 -1.17
8 -4.10
9 22.27
10 7.62
11 -77.05
0 5.57
1 2.64
2 -74.71
3 2.64
4 -7.03
5 4.39
6 0.88
7 -2.64
8 -3.81
9 21.97
10 4.98
11 -86.13
0 6.15
1 0.29
2 -83.50
3 2.64
4 -8.20
5 4.39
6 1.46
7 -6.74
8 -2.93
9 19.92
10 -0.29
11 -94.34
0 6.15
1 -0.29
2 -92.58
3 2.64
4 -10.84
5 4.69
6 3.22
7 -15.53
8 -1.76
9 17.29
10 -9.08
11 -101.66
0 5.27
1 -5.27
2 -100.78
3 2.34
4 -11.72
5 3.52
6 3.22
7 -17.58
8 -1.76
9 15.23
10 -18.16
11 -110.45
0 5.27
1 -11.43
2 -107.81
3 2.34
4 -12.01
5 3.52
6 2.93
7 -16.41
8 -1.76
9 14.94
10 -26.95
11 -119.24
0 5.27
1 -16.99
2 -115.43
3 2.34
4 -12.01
5 3.52
6 2.93
7 -15.82
8 -1.76
9 14.94
10 -34.28
11 -127.15
0 4.98
1 -25.20
2 -121.58
3 2.34
4 -12.01
5 3.52
6 2.34
7 -15.82
8 -1.76
9 14.94
10 -41.60
11 -132.42
0 4.69
1 -36.04
2 -128.03
3 3.22
4 -10.84
5 3.52
6 2.05
7 -15.53
8 -1.76
9 14.94
10 -49.22
11 -137.11
0 4.69
1 -46.29
2 -134.77
3 3.52
4 -9.96
5 2.93
6 1.76
7 -15.23
8 -1.76
9 14.94
10 -55.96
11 -141.80
0 4.39
1 -56.84
2 -141.21
3 3.81
4 -9.96
5 3.52
6 1.76
7 -15.23
8 -1.76
9 14.94
10 -58.01
11 -142.09
0 3.81
1 -62.11
2 -142.97
3 3.81
4 -9.96
5 3.52
6 1.76
7 -15.23
8 -1.76
9 14.65
10 -58.30
11 -142.09
0 3.81
1 -62.40
2 -142.97
3 3.81
4 -9.96
5 3.52
6 1.76
7 -15.23
8 -1.76
9 14.06
10 -58.30
11 -142.09
0 4.10
1 -61.52
2 -143.26
3 3.81
4 -9.96
5 3.52
6 1.76
7 -15.53
8 -1.76
9 15.53
10 -58.59
11 -142.09
0 4.39
1 -61.52
2 -142.97
3 3.81
4 -9.96
5 3.52
6 1.76
7 -15.23
8 -1.76
9 16.11
10 -58.30
11 -142.09
0 4.69
1 -61.52
2 -142.97
3 3.81
4 -9.96
5 3.52
6 1.76
7 -15.23
8 -1.76
9 16.11
10 -58.30
11 -142.09
0 4.69
1 -61.52
2 -142.97
3 3.81
4 -9.96
5 3.52
6 1.76
7 -15.53
8 -1.76
9 16.11
10 -58.30
11 -142.09
0 4.69
1 -61.52
2 -142.97
3 3.81
4 -9.96
5 3.52
6 1.76
7 -15.53
8 -1.76
9 15.82
10 -58.30
11 -142.09
0 4.69
1 -61.52
2 -142.97
3 3.81
4 -9.96
5 3.52
6 1.76
7 -15.53
8 -1.76
9 15.82
10 -58.30
11 -142.09
0 4.39
1 -61.52
2 -142.97
3 6.15
4 -10.84
5 1.76
6 -0.59
7 -15.53
8 -4.10
9 14.94
10 -58.59
11 -142.09
0 5.57
1 -61.52
2 -142.97
3 7.32
4 -11.43
5 -0.88
6 0.00
7 -14.65
8 -10.84
9 14.65
10 -58.30
11 -142.09
0 6.15
1 -61.52
2 -142.97
3 7.62
4 -11.13
5 -9.08
6 -1.46
7 -14.65
8 -22.56
9 14.65
10 -58.30
11 -142.09
0 6.15
1 -61.52
2 -142.97
3 9.67
4 -10.25
5 -19.63
6 -3.22
7 -12.60
8 -35.45
9 14.94
10 -58.30
11 -142.09
0 6.15
1 -61.52
2 -142.97
3 12.89
4 -9.96
5 -33.69
6 -2.93
7 -8.79
8 -48.05
9 14.65
10 -58.30
11 -142.09
0 5.27
1 -61.52
2 -142.97
3 15.53
4 -9.08
5 -46.88
6 -3.22
7 -6.74
8 -57.71
9 14.36
10 -58.30
11 -142.09
0 4.98
1 -61.23
2 -142.97
3 15.82
4 -9.08
5 -58.30
6 -2.34
7 -6.45
8 -64.75
9 14.36
10 -58.59
11 -142.09
0 4.69
1 -61.23
2 -142.97
3 15.82
4 -9.67
5 -65.62
6 -1.17
7 -6.74
8 -70.31
9 14.65
10 -58.59
11 -142.09
0 4.98
1 -61.23
2 -142.97
3 15.23
4 -11.13
5 -69.14
6 -1.17
7 -9.67
8 -71.78
9 14.65
10 -60.94
11 -142.38
0 4.69
1 -61.23
2 -142.97
3 15.82
4 -12.01
5 -72.36
6 -2.34
7 -9.96
8 -71.78
9 14.36
10 -62.40
11 -142.68
0 4.69
1 -61.23
2 -142.97
3 15.53
4 -12.89
5 -78.52
6 -3.81
7 -11.43
8 -72.66
9 14.36
10 -65.62
11 -142.68
0 4.69
1 -61.23
2 -142.97
3 14.36
4 -15.82
5 -86.72
6 -1.46
7 -14.65
8 -78.22
9 14.36
10 -69.14
11 -142.68
0 4.69
1 -61.23
2 -142.97
3 13.18
4 -19.34
5 -96.09
6 0.29
7 -19.34
8 -86.13
9 14.65
10 -71.78
11 -142.68
0 6.15
1 -61.23
2 -142.97
3 11.72
4 -23.44
5 -107.23
6 2.05
7 -25.20
8 -98.14
9 14.36
10 -72.95
11 -142.68
0 6.45
1 -61.52
2 -142.97
3 9.08
4 -27.25
5 -115.43
6 3.52
7 -31.35
8 -110.74
9 14.36
10 -74.12
11 -142.38
0 6.74
1 -62.40
2 -142.97
3 5.57
4 -31.35
5 -120.70
6 4.10
7 -37.79
8 -122.17
9 14.65
10 -74.41
11 -142.38
0 6.45
1 -62.40
2 -142.97
3 3.22
4 -35.45
5 -127.44
6 5.57
7 -42.77
8 -133.89
9 14.65
10 -74.41
11 -142.38
0 6.74
1 -62.40
2 -142.97
3 1.17
4 -40.14
5 -133.30
6 5.86
7 -48.05
8 -141.21
9 14.65
10 -74.41
11 -141.80
0 6.45
1 -62.70
2 -142.97
3 1.17
4 -44.82
5 -137.40
6 5.57
7 -51.86
8 -144.73
9 14.65
10 -74.41
11 -141.21
0 6.45
1 -63.28
2 -142.97
3 3.52
4 -46.29
5 -139.45
6 5.27
7 -52.73
8 -144.73
9 14.65
10 -74.41
11 -141.21
0 6.45
1 -63.57
2 -142.97
3 3.81
4 -46.88
5 -139.45
6 3.81
7 -53.03
8 -144.73
9 14.65
10 -74.41
11 -141.21
0 6.15
1 -63.57
2 -142.97
3 3.81
4 -46.88
5 -139.45
6 3.52
7 -53.32
8 -144.73
9 14.65
10 -74.41
11 -140.92
0 6.15
1 -63.57
2 -142.97
3 4.10
4 -46.88
5 -139.16
6 3.81
7 -53.03
8 -144.73
9 14.65
10 -74.41
11 -140.92
0 6.15
1 -63.57
2 -142.97
3 4.10
4 -46.88
5 -139.16
6 3.52
7 -53.32
8 -144.73
9 14.65
10 -74.41
11 -140.92
0 6.15
1 -63.57
2 -142.97
3 4.39
4 -46.58
5 -139.45
6 3.81
7 -53.32
8 -144.73
9 14.36
10 -75.00
11 -141.21
0 5.57
1 -63.87
2 -142.97
3 4.69
4 -46.88
5 -140.04
6 4.69
7 -52.73
8 -144.73
9 9.96
10 -74.12
11 -142.68
0 5.57
1 -63.87
2 -142.38
3 5.27
4 -48.34
5 -141.21
6 4.69
7 -52.44
8 -144.43
9 7.03
10 -72.07
11 -142.68
0 5.27
1 -63.57
2 -142.38
3 5.57
4 -50.10
5 -141.21
6 4.69
7 -52.44
8 -144.73
9 5.86
10 -71.19
11 -142.68
0 5.27
1 -63.57
2 -142.38
3 5.57
4 -51.86
5 -141.21
6 4.69
7 -52.44
8 -144.73
9 6.15
10 -71.48
11 -142.68
0 5.27
1 -63.87
2 -142.38
3 5.57
4 -51.86
5 -141.21
6 4.69
7 -53.03
8 -144.73
9 6.15
10 -72.36
11 -142.68
0 5.27
1 -64.16
2 -142.38
3 5.27
4 -51.86
5 -141.21
6 4.69
7 -53.03
8 -144.73
9 6.15
10 -72.36
11 -142.38
0 5.27
1 -65.04
2 -142.38
3 5.27
4 -51.86
5 -141.21
6 4.69
7 -53.03
8 -144.73
9 6.15
10 -72.36
11 -142.38
0 5.27
1 -65.04
2 -142.38
3 5.27
4 -51.86
5 -141.21
6 4.69
7 -53.03
8 -144.73
9 6.15
10 -72.66
11 -142.38
0 5.27
1 -65.04
2 -142.38
3 5.27
4 -52.15
5 -141.21
6 4.69
7 -53.03
8 -144.73
9 6.15
10 -72.36
11 -142.38
0 5.27
1 -65.04
2 -142.38
3 5.57
4 -51.86
5 -141.21
6 4.69
7 -53.03
8 -144.73
9 6.15
10 -72.36
11 -142.38
0 5.27
1 -65.04
2 -142.38
3 5.27
4 -52.15
5 -141.21
6 4.69
7 -53.03
8 -144.73
9 6.15
10 -72.66
11 -142.38
0 5.27
1 -65.04
2 -142.38
3 5.27
4 -51.86
5 -141.21
6 4.69
7 -53.03
8 -144.73
9 6.15
10 -72.66
11 -142.38
0 5.27
1 -65.04
2 -142.38
3 5.27
4 -52.15
5 -141.21
6 4.69
7 -53.03
8 -144.73
9 6.15
10 -72.36
11 -142.38
0 5.27
1 -65.04
2 -142.38
3 5.57
4 -52.15
5 -141.21
6 4.69
7 -53.03
8 -144.73
9 6.15
10 -72.36
11 -142.38
0 5.27
1 -65.04
2 -142.38
3 5.57
4 -52.15
5 -141.21
6 4.69
7 -53.03
8 -144.73
9 6.15
10 -72.66
11 -142.38
0 5.27
1 -65.04
2 -142.38
3 5.27
4 -52.15
5 -141.21
6 4.69
7 -53.03
8 -144.73
9 6.15
10 -72.66
11 -142.38
0 5.27
1 -65.04
2 -142.38
3 5.27
4 -51.86
5 -141.21
6 4.69
7 -53.03
8 -144.73
9 6.15
10 -72.66
11 -142.38
0 5.27
1 -65.04
2 -142.38
3 5.57
4 -52.15
5 -141.21
6 4.98
7 -53.03
8 -144.73
9 6.15
10 -72.36
11 -142.38
0 5.27
1 -65.04
2 -142.38
3 5.27
4 -52.15
5 -141.21
6 4.98
7 -53.03
8 -144.73
9 6.15
10 -72.36
11 -142.38
0 5.27
1 -65.04
2 -142.38
3 5.27
4 -52.15
5 -141.80
6 4.69
7 -53.03
8 -144.73
9 6.15
10 -72.66
11 -142.38
0 5.27
1 -65.04
2 -142.38
3 5.27
4 -51.86
5 -141.21
6 4.69
7 -53.03
8 -144.73
9 6.15
10 -72.36
11 -142.38
0 5.27
1 -65.04
2 -142.38
3 5.57
4 -51.86
5 -141.21
6 4.69
7 -53.03
8 -144.73
9 6.15
10 -72.36
11 -142.38
0 5.27
1 -65.04
2 -142.38
3 5.27
4 -52.15
5 -141.21
6 4.69
7 -53.03
8 -144.73
9 6.15
10 -72.36
11 -142.38
0 5.27
1 -65.04
2 -142.38
3 5.57
4 -51.86
5 -141.21
6 4.69
7 -53.03
8 -144.73
9 6.15
10 -72.36
11 -142.38
0 5.27
1 -65.04
2 -142.38
3 5.57
4 -52.15
5 -141.21
6 4.69
7 -53.03
8 -144.73
9 6.15
10 -72.66
11 -142.38
0 5.27
1 -65.04
2 -142.38
3 5.27
4 -51.86
5 -141.21
6 4.69
7 -53.03
8 -144.73
9 6.15
10 -72.66
11 -142.38
0 5.27
1 -65.04
2 -142.38
3 5.57
4 -51.86
5 -141.21
6 4.98
7 -53.03
8 -144.73
9 6.15
10 -72.66
11 -142.3