specialmove
motor1 -2.34 -55.96 -143.55 -3.22 -62.11 -141.21
motor2 -5.86 -56.25 -144.43 2.93 -53.03 -142.38
motor1 -2.34 -55.96 -143.55 -3.22 -62.11 -141.21
motor2 -5.86 -56.25 -144.14 3.22 -53.03 -142.38
motor1 -2.34 -55.96 -143.55 -3.22 -62.11 -141.80
motor2 -5.86 -56.25 -144.14 2.93 -53.03 -142.38
motor1 -2.64 -55.96 -143.55 -3.22 -62.11 -141.21
motor2 -5.86 -56.25 -144.43 2.93 -53.03 -142.38
motor1 -2.34 -55.96 -143.55 -3.22 -62.40 -141.21
motor2 -5.86 -56.25 -144.43 2.93 -53.03 -142.38
motor1 -2.64 -55.96 -143.55 -3.22 -62.11 -141.21
motor2 -5.86 -56.25 -144.14 3.22 -53.03 -142.38
motor1 -2.64 -55.96 -143.55 -3.22 -62.11 -141.21
motor2 -5.86 -56.25 -144.43 2.93 -53.03 -142.38
motor1 -2.64 -55.96 -143.55 -3.22 -62.11 -141.21
motor2 -5.86 -56.25 -144.43 3.22 -53.03 -142.38
motor1 -2.34 -55.96 -143.55 -3.22 -62.40 -141.21
motor2 -5.86 -56.25 -144.43 3.22 -53.03 -142.38
motor1 -2.34 -55.96 -143.55 -3.22 -62.11 -141.21
motor2 -5.86 -56.25 -144.14 3.22 -53.03 -142.38
motor1 -2.64 -55.96 -143.55 -3.22 -62.70 -141.21
motor2 -6.15 -56.25 -144.43 3.22 -53.03 -142.38
motor1 -2.34 -55.96 -143.55 -3.22 -62.40 -141.21
motor2 -6.15 -56.25 -144.43 2.93 -53.03 -142.38
motor1 -2.34 -55.96 -143.55 -3.22 -62.40 -141.21
motor2 -6.15 -56.25 -144.43 2.93 -53.03 -142.38
motor1 -2.64 -55.96 -143.26 -3.22 -61.82 -141.21
motor2 -5.86 -55.66 -144.43 2.93 -52.73 -141.21
motor1 -3.22 -55.96 -143.26 -2.93 -60.94 -140.33
motor2 -5.86 -54.49 -144.43 2.93 -52.44 -140.33
motor1 -3.22 -55.96 -143.26 -1.17 -60.64 -138.87
motor2 -5.86 -54.49 -144.43 2.34 -51.27 -134.47
motor1 -2.93 -55.96 -143.26 -1.17 -58.89 -134.77
motor2 -5.86 -54.49 -144.43 2.34 -50.68 -127.73
motor1 -2.93 -55.96 -143.26 -1.17 -57.71 -128.91
motor2 -5.86 -54.49 -144.43 2.34 -50.39 -120.41
motor1 -3.22 -55.96 -143.26 -1.17 -55.08 -122.75
motor2 -5.86 -54.49 -144.43 2.34 -50.10 -113.09
motor1 -3.52 -55.96 -143.26 -0.88 -52.15 -119.82
motor2 -5.27 -54.49 -144.73 2.34 -50.39 -111.33
motor1 -3.52 -56.84 -143.26 -1.17 -54.49 -119.82
motor2 -5.57 -56.84 -144.73 2.34 -50.68 -112.21
motor1 -2.05 -57.71 -143.55 -1.46 -54.79 -119.82
motor2 -6.15 -56.84 -144.73 2.34 -50.68 -112.21
motor1 -2.05 -57.71 -143.55 -1.76 -54.49 -119.82
motor2 -6.15 -56.54 -144.73 2.34 -51.56 -112.21
motor1 -2.64 -57.71 -143.55 -1.76 -54.49 -119.82
motor2 -6.15 -56.84 -145.02 2.34 -51.56 -112.21
motor1 -2.64 -57.42 -143.55 -1.76 -54.49 -119.82
motor2 -6.15 -56.54 -145.02 2.34 -51.56 -112.21
motor1 -2.64 -57.71 -143.55 -1.76 -54.49 -119.82
motor2 -6.15 -56.84 -145.02 2.34 -51.86 -112.21
motor1 -2.64 -58.01 -143.55 -2.05 -54.49 -119.82
motor2 -6.15 -56.84 -144.73 2.34 -51.86 -112.21
motor1 -2.64 -58.89 -143.55 -1.76 -54.49 -119.82
motor2 -6.15 -57.71 -144.73 2.34 -52.15 -112.21
motor1 -2.93 -60.35 -138.57 -2.93 -54.49 -119.82
motor2 -3.22 -55.96 -142.09 2.34 -52.15 -112.21
motor1 -5.27 -60.64 -128.91 -3.81 -54.79 -119.82
motor2 -2.64 -56.54 -133.89 2.93 -53.03 -111.91
motor1 -4.98 -58.30 -118.95 -3.81 -55.08 -119.82
motor2 -3.22 -55.66 -121.29 3.52 -54.49 -111.33
motor1 -4.39 -56.84 -110.45 -3.81 -59.47 -119.53
motor2 -3.81 -54.49 -106.64 3.52 -56.84 -111.33
motor1 -3.22 -52.44 -104.30 -3.52 -61.52 -119.53
motor2 -4.10 -50.39 -93.46 3.52 -57.13 -111.33
motor1 -2.34 -47.75 -98.14 -3.52 -61.82 -119.53
motor2 -4.10 -45.41 -84.08 3.52 -56.84 -111.33
motor1 -2.05 -45.12 -93.16 -3.52 -61.82 -119.53
motor2 -3.81 -42.77 -78.81 3.52 -56.84 -111.33
motor1 -1.76 -44.82 -91.11 -3.52 -61.82 -119.53
motor2 -3.81 -42.77 -78.81 3.52 -56.84 -111.33
motor1 -2.34 -44.82 -91.99 -3.52 -61.82 -119.53
motor2 -3.81 -42.77 -78.81 3.52 -57.13 -111.33
motor1 -2.05 -44.82 -91.99 -3.52 -61.82 -119.53
motor2 -3.81 -42.77 -78.81 3.52 -57.13 -111.33
motor1 -2.05 -44.82 -91.41 -3.52 -61.82 -119.53
motor2 -3.81 -42.77 -78.81 3.52 -57.13 -111.33
motor1 -2.05 -44.82 -91.99 -3.52 -61.82 -119.53
motor2 -3.81 -42.77 -78.81 3.52 -57.13 -111.33
motor1 -2.05 -44.82 -91.99 -3.52 -61.82 -119.53
motor2 -3.81 -42.77 -78.81 3.52 -56.84 -111.33
motor1 -2.05 -44.82 -91.99 -3.52 -61.82 -119.24
motor2 -3.81 -42.77 -78.81 3.22 -56.84 -111.33
motor1 -2.05 -44.82 -91.99 -3.81 -61.82 -113.96
motor2 -3.81 -42.77 -78.81 2.64 -55.08 -106.05
motor1 -2.34 -46.00 -91.41 -3.52 -58.89 -100.78
motor2 -3.81 -42.77 -78.81 2.64 -51.27 -91.70
motor1 -2.05 -46.88 -91.11 -3.22 -55.08 -87.01
motor2 -3.81 -42.77 -78.81 2.34 -45.12 -77.93
motor1 -2.34 -46.88 -91.11 -2.93 -48.93 -70.31
motor2 -3.81 -42.77 -78.81 1.76 -36.62 -63.28
motor1 -2.34 -46.88 -91.11 -2.34 -39.55 -52.15
motor2 -3.81 -42.77 -78.81 1.17 -27.25 -46.88
motor1 -2.34 -46.88 -91.11 -2.34 -29.59 -36.04
motor2 -3.81 -42.77 -78.81 0.88 -19.63 -31.93
motor1 -2.05 -46.88 -91.11 -2.34 -22.56 -22.27
motor2 -3.81 -42.77 -78.81 0.29 -14.94 -20.51
motor1 -2.34 -46.88 -91.11 -1.46 -16.99 -12.01
motor2 -3.81 -42.77 -78.81 -0.29 -9.38 -10.55
motor1 -2.05 -46.88 -91.11 -0.88 -10.84 -4.39
motor2 -3.81 -42.77 -78.81 -0.88 -2.64 -2.64
motor1 -2.05 -46.88 -91.11 -0.88 -7.03 0.00
motor2 -3.81 -42.77 -78.81 -0.59 -0.29 2.34
motor1 -2.34 -46.58 -91.41 -0.88 -4.98 0.88
motor2 -3.81 -42.77 -78.81 -0.59 0.59 4.98
motor1 -2.34 -46.58 -91.11 -0.88 -4.39 0.88
motor2 -3.81 -42.77 -78.81 -0.59 0.59 5.27
motor1 -2.34 -46.88 -91.11 -1.17 -3.52 -0.59
motor2 -3.81 -42.77 -78.81 0.29 0.29 4.98
motor1 -2.34 -46.29 -91.41 -1.76 -3.52 -0.29
motor2 -3.81 -42.77 -78.81 1.17 0.59 4.98
motor1 -2.34 -46.58 -91.41 -1.76 -3.52 -0.29
motor2 -3.81 -42.77 -78.81 0.88 0.59 4.98
motor1 -2.34 -46.29 -91.41 -1.76 -3.52 -0.29
motor2 -3.81 -42.77 -78.81 0.88 0.29 4.98
motor1 -2.34 -46.29 -91.41 -1.76 -3.52 -0.29
motor2 -3.81 -42.77 -78.81 0.88 0.59 4.98
motor1 -2.34 -46.29 -91.41 -1.76 -3.52 -0.29
motor2 -3.81 -42.77 -78.81 1.17 0.29 4.98
motor1 -4.10 -46.29 -90.53 -1.76 -3.52 -0.29
motor2 -5.86 -41.89 -78.22 1.17 0.29 4.98
motor1 -2.64 -45.70 -83.79 -1.76 -3.52 -0.29
motor2 -5.86 -37.50 -71.78 1.17 0.59 4.98
motor1 -1.76 -41.60 -70.02 -1.76 -3.52 -0.29
motor2 -5.27 -29.00 -57.13 0.88 0.59 4.98
motor1 -1.46 -34.86 -56.54 -1.76 -3.52 -0.29
motor2 -5.27 -20.80 -42.77 0.88 0.59 4.98
motor1 -1.17 -26.95 -44.24 -1.76 -3.52 -0.59
motor2 -5.57 -13.77 -31.93 1.17 0.59 4.98
motor1 -0.88 -20.80 -32.52 -1.76 -3.52 -0.29
motor2 -5.57 -7.62 -22.56 1.17 0.59 4.98
motor1 -0.88 -14.65 -21.68 -1.76 -3.52 -0.29
motor2 -5.27 -2.93 -13.18 1.17 0.59 4.98
motor1 -0.88 -10.25 -12.30 -1.76 -3.52 -0.29
motor2 -5.57 0.00 -9.08 1.17 0.59 4.98
motor1 -0.59 -7.03 -5.86 -1.76 -3.52 -0.59
motor2 -5.27 1.46 -7.91 1.17 0.59 4.98
motor1 -0.88 -4.39 -4.10 -1.76 -3.52 -0.59
motor2 -5.27 1.46 -7.62 1.17 0.59 4.69
motor1 -0.88 -3.22 -4.39 -2.34 -3.52 -0.29
motor2 -4.98 0.59 -8.20 1.17 0.59 4.98
motor1 -1.17 -3.52 -4.69 -1.76 -3.52 -0.29
motor2 -5.27 0.59 -8.20 1.17 0.29 5.27
motor1 -2.05 -3.52 -4.69 -1.76 -3.52 -0.29
motor2 -5.57 0.59 -8.20 0.88 0.59 4.98
motor1 -2.34 -3.52 -4.69 -1.76 -3.81 -0.29
motor2 -5.57 0.59 -8.20 1.17 0.59 4.98
motor1 -2.34 -3.22 -4.69 -1.76 -3.52 -0.29
motor2 -5.27 0.59 -8.20 0.88 0.29 4.98
motor1 -2.05 -3.52 -4.69 -1.76 -3.52 -0.29
motor2 -5.57 0.59 -8.20 1.17 0.59 4.98
motor1 -2.05 -3.52 -4.69 -2.05 -3.52 -0.59
motor2 -5.57 0.59 -8.20 1.17 0.59 4.69
motor1 -2.05 -3.52 -4.69 -2.05 -3.52 -0.29
motor2 -5.27 0.59 -8.20 1.17 0.29 4.98
motor1 -2.05 -3.52 -4.69 -2.34 -4.10 -0.29
motor2 -5.27 0.59 -8.20 1.76 -0.59 4.39
motor1 -2.34 -3.52 -4.69 -2.05 -7.62 0.59
motor2 -5.27 0.29 -8.20 1.76 -5.57 2.34
motor1 -2.05 -3.22 -4.69 -2.05 -12.01 0.88
motor2 -5.57 0.00 -8.20 2.34 -12.01 0.59
motor1 -2.05 -3.52 -4.69 -1.76 -20.21 0.88
motor2 -5.86 0.00 -8.20 2.34 -21.97 0.59
motor1 -2.05 -3.22 -4.69 -2.05 -28.42 0.88
motor2 -5.57 0.00 -8.20 2.34 -31.05 0.88
motor1 -2.05 -3.22 -4.69 -2.05 -36.04 0.88
motor2 -5.57 0.29 -8.20 2.34 -38.09 0.88
motor1 -2.05 -3.52 -4.69 -2.05 -42.19 1.17
motor2 -5.57 0.00 -8.20 2.34 -43.07 0.59
motor1 -2.05 -3.52 -4.69 -2.05 -47.17 0.88
motor2 -5.57 0.00 -8.20 1.76 -46.00 0.88
motor1 -2.05 -3.52 -4.69 -2.34 -51.86 0.88
motor2 -5.57 0.00 -8.20 1.46 -47.75 0.59
motor1 -2.05 -3.52 -4.69 -3.22 -55.66 0.88
motor2 -5.57 0.00 -8.20 1.46 -48.05 0.59
motor1 -2.34 -3.52 -4.69 -3.22 -58.89 0.88
motor2 -5.57 0.00 -8.20 0.88 -47.75 0.88
motor1 -2.34 -3.52 -4.69 -2.05 -59.18 0.88
motor2 -5.57 0.00 -8.20 0.59 -46.88 1.17
motor1 -2.05 -3.52 -4.69 -1.76 -58.59 -0.29
motor2 -5.57 0.29 -8.20 0.59 -46.00 1.17
motor1 -2.05 -3.52 -4.69 -2.05 -57.13 -0.29
motor2 -5.57 0.29 -8.20 0.59 -46.00 1.46
motor1 -2.05 -3.52 -4.69 -1.76 -57.13 -0.29
motor2 -5.57 0.29 -8.20 0.59 -46.00 1.46
motor1 -2.05 -3.22 -4.69 -2.05 -57.13 -0.29
motor2 -5.57 0.29 -8.20 0.59 -46.00 1.46
motor1 -2.05 -3.52 -4.69 -1.76 -57.13 -0.29
motor2 -5.57 0.29 -8.20 0.59 -46.00 1.46
motor1 -2.05 -3.22 -4.69 -2.05 -57.13 -0.29
motor2 -5.57 0.59 -8.20 0.59 -46.29 1.46
motor1 -1.76 -3.52 -4.69 -2.05 -57.13 -0.29
motor2 -5.57 0.59 -8.20 0.59 -46.00 1.46
motor1 -1.76 -3.52 -4.69 -1.76 -57.13 -0.29
motor2 -5.57 0.59 -8.20 0.59 -46.29 1.46
motor1 -6.15 -3.22 -4.98 -1.76 -56.84 -0.29
motor2 -3.81 0.59 -8.20 1.76 -46.00 1.46
motor1 -8.79 -3.22 -4.98 -1.76 -56.84 -0.29
motor2 -3.81 0.29 -8.20 1.76 -46.29 1.46
motor1 -9.08 -3.52 -5.57 -1.76 -56.84 -0.29
motor2 -4.39 -1.17 -8.79 1.76 -46.00 1.46
motor1 -8.79 -3.81 -5.86 -2.34 -57.13 -0.29
motor2 -6.15 -1.17 -8.79 2.64 -46.29 1.46
motor1 -7.03 -4.39 -5.57 -2.93 -57.13 -0.29
motor2 -7.32 -2.34 -8.79 3.52 -46.29 1.46
motor1 -6.15 -5.86 -4.39 -3.22 -56.84 -0.29
motor2 -10.25 -6.74 -7.32 4.39 -46.29 1.46
motor1 -6.15 -9.67 -2.93 -3.22 -57.13 -0.29
motor2 -10.84 -16.41 -7.03 4.39 -46.29 1.46
motor1 -7.03 -18.16 2.05 -3.22 -57.13 -0.29
motor2 -9.96 -26.37 -4.69 4.69 -46.29 1.46
motor1 -7.32 -24.61 8.50 -2.93 -57.13 -0.29
motor2 -8.20 -34.57 -1.46 4.39 -46.29 1.46
motor1 -7.32 -28.71 13.77 -2.93 -56.84 -0.29
motor2 -8.20 -42.48 0.88 4.69 -46.29 1.46
motor1 -7.03 -32.23 17.29 -2.93 -56.84 -0.29
motor2 -8.20 -48.63 2.34 4.69 -46.29 1.46
motor1 -5.86 -34.28 20.21 -2.93 -57.13 -0.29
motor2 -8.79 -53.91 2.34 4.69 -46.00 1.46
motor1 -5.27 -36.62 20.80 -2.93 -57.13 -0.29
motor2 -9.08 -58.30 2.34 4.39 -46.29 1.17
motor1 -2.93 -38.96 20.80 -3.22 -56.84 -0.29
motor2 -8.79 -61.52 2.34 4.39 -46.00 1.46
motor1 -0.88 -39.55 21.09 -3.22 -57.13 -0.29
motor2 -8.79 -61.82 2.93 4.69 -46.29 1.46
motor1 0.29 -39.84 20.80 -3.22 -57.13 -0.29
motor2 -8.20 -60.35 2.64 4.39 -46.00 1.17
motor1 0.29 -38.67 19.04 -3.22 -57.13 -0.29
motor2 -9.08 -59.77 2.34 4.39 -46.00 1.46
motor1 0.00 -37.79 19.04 -2.93 -57.13 -0.29
motor2 -9.08 -59.77 2.34 4.69 -46.00 1.46
motor1 0.00 -37.79 19.04 -3.22 -57.13 -0.29
motor2 -9.08 -59.77 2.34 4.69 -46.00 1.46
motor1 0.00 -37.79 19.04 -2.93 -57.13 -0.29
motor2 -9.08 -59.77 2.34 4.39 -46.29 1.46
motor1 0.00 -37.79 19.04 -2.93 -57.13 -0.29
motor2 -8.79 -59.77 2.34 4.39 -46.29 1.46
motor1 -0.29 -37.79 19.34 -2.93 -57.13 -0.29
motor2 -8.79 -60.35 2.34 4.39 -46.00 1.46
motor1 -0.29 -37.79 19.04 -2.93 -57.13 -0.29
motor2 -8.79 -60.35 2.34 4.39 -46.29 1.46
motor1 -0.29 -37.50 19.04 -2.93 -57.13 -0.29
motor2 -8.79 -60.35 2.34 4.39 -46.29 1.46
motor1 -0.29 -37.79 19.34 -2.93 -57.13 -0.29
motor2 -8.79 -59.77 2.34 4.39 -46.29 1.17
motor1 -0.29 -37.79 19.04 -2.93 -56.84 -0.29
motor2 -8.50 -59.47 2.34 3.81 -46.00 1.46
motor1 -0.29 -37.79 19.34 -2.93 -57.13 -0.29
motor2 -7.32 -58.30 2.34 1.46 -45.70 1.46
motor1 -0.29 -37.50 19.34 -2.34 -56.84 -0.29
motor2 -3.81 -57.71 2.34 -1.17 -45.70 1.46
motor1 -0.29 -37.79 19.34 -2.34 -57.13 -0.29
motor2 2.34 -57.71 2.34 -5.27 -45.70 1.76
motor1 -0.29 -37.50 19.34 -2.34 -57.13 0.00
motor2 9.67 -57.71 2.34 -10.84 -46.29 2.34
motor1 -0.29 -37.79 19.04 -2.34 -57.13 -0.29
motor2 17.87 -56.54 2.34 -15.82 -46.88 2.64
motor1 -0.59 -37.79 19.04 -2.34 -57.13 -0.29
motor2 26.37 -54.49 2.34 -20.80 -47.46 2.34
motor1 -0.59 -37.50 19.34 -2.34 -57.13 -0.29
motor2 33.98 -51.56 2.34 -25.20 -47.46 2.64
motor1 -0.88 -37.79 19.34 -2.34 -56.84 -0.29
motor2 42.19 -48.34 2.34 -30.18 -46.29 2.64
motor1 -0.88 -37.50 19.34 -2.34 -57.13 -0.29
motor2 48.93 -46.88 2.34 -35.45 -47.17 2.34
motor1 -0.88 -37.50 19.34 -2.34 -56.84 -0.29
motor2 53.32 -45.70 2.34 -37.21 -47.17 2.34
motor1 -1.17 -37.50 19.04 -2.34 -57.13 -0.29
motor2 53.03 -46.00 2.64 -34.57 -45.41 2.64
motor1 -1.76 -37.50 19.34 -2.34 -57.13 -0.29
motor2 47.17 -45.70 2.64 -31.35 -44.53 2.64
motor1 -1.46 -37.50 19.34 -2.34 -57.13 -0.29
motor2 47.46 -46.29 2.64 -32.81 -44.53 2.64
motor1 -1.46 -37.50 19.04 -2.34 -56.84 -0.29
motor2 54.20 -45.70 2.64 -37.21 -44.53 2.64
motor1 -1.46 -37.50 19.04 -2.34 -56.84 -0.29
motor2 55.08 -45.70 2.64 -35.74 -44.82 2.64
motor1 -1.46 -37.50 19.34 -2.34 -56.84 -0.29
motor2 50.10 -45.41 2.64 -31.05 -44.82 2.64
motor1 -1.46 -37.50 19.04 -2.34 -56.84 -0.29
motor2 42.19 -45.41 2.64 -22.85 -44.53 2.93
motor1 -1.46 -37.50 19.34 -2.34 -56.84 -0.29
motor2 32.81 -45.12 2.64 -13.77 -44.53 2.64
motor1 -1.46 -37.50 19.04 -2.34 -56.84 -0.29
motor2 22.56 -42.77 2.64 -5.27 -41.60 2.64
motor1 -1.46 -37.50 19.34 -2.34 -56.84 -0.29
motor2 12.89 -39.84 2.64 1.46 -39.26 2.64
motor1 -1.46 -37.50 19.04 -2.34 -56.84 -0.29
motor2 4.69 -36.91 2.64 7.62 -36.33 2.64
motor1 -1.46 -37.50 19.34 -2.34 -56.84 -0.29
motor2 -0.29 -34.86 2.64 10.25 -35.74 2.64
motor1 -1.46 -37.50 19.34 -2.34 -56.84 -0.29
motor2 -1.17 -34.57 2.34 10.25 -36.04 1.76
motor1 -1.46 -37.50 19.34 -2.34 -56.84 -0.29
motor2 -0.59 -34.28 2.34 10.25 -36.04 1.76
motor1 -1.46 -37.50 19.34 -2.34 -56.84 -0.29
motor2 -0.59 -34.57 2.34 10.25 -36.04 1.76
motor1 -1.46 -37.50 19.34 -2.34 -56.84 -0.29
motor2 -0.59 -34.57 2.34 10.25 -36.04 1.76
motor1 -1.46 -37.50 19.04 -2.34 -56.84 -0.29
motor2 -0.29 -34.28 2.34 10.25 -35.74 1.76
motor1 -1.46 -37.50 19.04 -2.34 -56.84 -0.29
motor2 -0.59 -34.28 2.34 10.25 -36.04 1.76
motor1 0.29 -37.50 19.34 -4.39 -56.84 -0.29
motor2 -0.59 -34.28 2.34 10.25 -36.04 2.34
motor1 2.93 -37.50 19.04 -8.50 -56.84 0.00
motor2 -0.59 -34.57 2.34 10.25 -36.04 1.76
motor1 10.55 -37.79 19.34 -15.82 -56.54 -0.29
motor2 -0.59 -34.57 2.34 10.25 -36.04 1.76
motor1 19.92 -38.38 19.34 -24.02 -56.54 -0.29
motor2 -0.59 -34.57 2.34 10.25 -36.04 1.76
motor1 29.59 -38.38 19.34 -31.35 -55.37 0.00
motor2 -0.59 -34.57 2.34 10.25 -36.04 1.76
motor1 38.09 -38.67 19.34 -38.38 -54.79 0.00
motor2 -0.59 -34.57 2.34 10.25 -36.04 1.76
motor1 47.75 -38.96 19.92 -44.53 -51.86 0.88
motor2 -0.29 -34.86 2.64 10.25 -36.04 1.76
motor1 50.98 -38.96 19.92 -44.24 -51.27 0.59
motor2 -0.59 -34.57 2.34 10.25 -36.04 1.76
motor1 47.17 -38.96 19.34 -41.60 -51.86 0.59
motor2 -0.59 -34.28 2.64 10.25 -36.04 1.76
motor1 46.29 -37.79 19.34 -41.60 -50.68 0.59
motor2 -0.29 -34.57 2.34 10.25 -36.04 1.76
motor1 51.27 -39.55 19.63 -44.82 -50.98 0.88
motor2 -0.59 -34.28 2.34 10.25 -36.04 1.46
motor1 51.27 -38.96 19.63 -43.95 -50.68 0.59
motor2 -0.59 -34.28 2.34 10.25 -36.04 1.46
motor1 45.70 -38.38 19.34 -37.21 -51.86 0.59
motor2 -0.59 -34.28 2.34 10.25 -36.04 1.46
motor1 33.98 -36.91 19.34 -26.95 -52.15 0.59
motor2 -0.59 -34.57 2.34 10.25 -36.04 1.46
motor1 21.39 -36.04 19.34 -15.82 -50.98 0.59
motor2 -0.59 -34.57 2.64 10.25 -36.04 1.46
motor1 11.43 -34.86 19.34 -5.86 -50.68 0.00
motor2 -0.59 -34.57 2.34 10.25 -36.04 1.46
motor1 4.69 -32.52 19.34 -0.59 -50.39 -0.29
motor2 -0.59 -34.57 2.34 10.25 -36.04 1.46
motor1 3.52 -32.23 19.34 0.59 -50.10 -0.29
motor2 -0.59 -34.28 2.64 10.25 -36.04 1.46
motor1 4.10 -32.23 19.34 -0.29 -49.80 -0.29
motor2 -0.59 -34.28 2.34 10.25 -36.04 1.46
motor1 5.27 -32.23 19.34 -0.59 -50.10 -0.29
motor2 -0.59 -34.28 2.34 10.25 -36.04 1.46
motor1 5.27 -32.23 19.34 -0.59 -50.10 -0.29
motor2 -0.59 -34.57 2.64 10.25 -36.04 1.46
motor1 5.27 -32.23 19.04 -0.59 -50.10 -0.29
motor2 -0.59 -34.57 2.34 10.25 -36.04 1.46
motor1 5.27 -32.23 19.34 -0.59 -50.10 -0.29
motor2 -0.59 -34.57 2.34 10.25 -36.04 1.46
motor1 5.27 -32.23 19.34 -0.59 -50.10 -0.29
motor2 -0.59 -34.57 2.64 10.25 -36.04 1.46
motor1 5.27 -32.23 19.34 -0.59 -50.10 -0.29
motor2 -0.59 -34.57 2.34 10.25 -36.04 1.46
motor1 5.27 -32.23 19.34 0.00 -49.80 -0.29
motor2 -0.59 -34.86 2.34 10.25 -36.04 1.46
motor1 5.27 -32.23 19.04 0.59 -50.10 -0.29
motor2 -2.05 -34.57 2.34 10.25 -36.04 1.46
motor1 5.27 -32.23 19.34 3.22 -50.98 -0.29
motor2 -6.15 -35.16 2.34 10.25 -36.04 1.46
motor1 5.27 -32.23 19.34 9.08 -50.98 -0.29
motor2 -13.77 -36.33 2.34 10.25 -36.04 1.46
motor1 5.27 -32.23 19.34 16.11 -50.98 -0.29
motor2 -22.85 -37.50 2.34 10.25 -36.04 1.46
motor1 5.27 -32.23 19.34 24.61 -50.68 -0.29
motor2 -33.69 -39.55 2.64 10.25 -36.04 1.46
motor1 5.27 -32.23 19.34 32.81 -50.68 -0.29
motor2 -45.12 -41.02 2.64 10.25 -36.04 1.46
motor1 5.27 -32.23 19.34 38.96 -50.10 0.59
motor2 -50.98 -40.72 2.93 10.25 -36.04 1.46
motor1 5.57 -32.23 19.34 38.96 -50.39 -0.29
motor2 -49.51 -38.96 2.34 10.25 -36.04 1.46
motor1 5.27 -32.23 19.34 37.21 -50.68 -0.29
motor2 -48.05 -38.38 1.17 10.25 -36.04 1.46
motor1 5.27 -32.23 19.34 38.96 -50.68 -0.29
motor2 -50.10 -39.84 2.34 10.25 -35.74 1.46
motor1 4.98 -32.52 19.34 40.14 -50.39 0.59
motor2 -52.15 -39.55 2.34 10.25 -36.04 1.46
motor1 5.27 -32.52 19.34 37.79 -50.10 -0.59
motor2 -50.98 -39.55 2.34 10.25 -36.04 1.46
motor1 4.98 -32.52 19.34 31.93 -48.05 -0.88
motor2 -42.48 -39.55 2.34 9.96 -36.04 1.46
motor1 4.69 -32.52 19.34 22.56 -46.00 -0.88
motor2 -32.81 -38.38 2.34 9.96 -36.04 1.46
motor1 4.69 -32.52 19.34 13.77 -42.19 -0.88
motor2 -22.27 -37.79 2.34 9.96 -36.04 1.46
motor1 4.69 -32.52 19.34 6.15 -37.50 -0.59
motor2 -12.01 -37.21 1.46 9.96 -36.04 1.46
motor1 4.69 -32.52 19.34 0.59 -33.40 -0.29
motor2 -3.81 -37.21 0.88 9.96 -36.04 1.46
motor1 4.69 -32.52 19.34 -1.17 -31.93 -0.29
motor2 1.17 -37.50 0.88 9.96 -36.04 1.46
motor1 4.69 -32.52 19.34 -1.46 -31.93 -0.29
motor2 2.34 -37.50 0.88 9.96 -36.04 1.76
motor1 4.69 -32.52 19.34 -1.17 -32.23 -0.29
motor2 2.05 -37.50 0.88 9.96 -36.04 1.46
motor1 4.69 -32.52 19.34 -0.59 -32.52 -0.29
motor2 1.76 -37.79 0.88 9.96 -36.04 1.46
motor1 4.69 -32.52 19.34 -0.59 -32.52 -0.29
motor2 1.76 -37.79 0.88 9.96 -36.04 1.46
motor1 4.69 -32.52 19.34 -0.29 -32.52 -0.29
motor2 1.76 -37.79 0.88 9.96 -36.04 1.46
motor1 4.69 -32.52 19.34 -0.29 -32.52 -0.29
motor2 1.76 -37.79 0.88 9.96 -36.04 1.46
motor1 4.69 -32.52 19.34 -0.29 -32.52 -0.29
motor2 1.76 -37.79 0.88 9.96 -36.04 1.46
motor1 4.69 -32.52 19.34 -0.29 -32.52 -0.29
motor2 2.05 -37.79 0.88 9.96 -36.04 1.46
motor1 4.69 -32.81 19.34 -0.29 -32.52 -0.29
motor2 1.76 -37.50 0.88 10.25 -36.04 1.46
motor1 2.93 -32.81 19.34 -0.29 -32.52 -0.29
motor2 1.76 -37.79 0.88 12.01 -36.33 1.76
motor1 -1.17 -32.81 19.34 -0.29 -32.52 -0.29
motor2 1.76 -37.79 0.88 17.58 -36.33 1.76
motor1 -9.38 -32.81 19.34 -0.29 -32.52 -0.29
motor2 1.76 -37.79 0.88 26.66 -36.04 1.46
motor1 -19.63 -32.81 19.34 -0.29 -32.52 -0.29
motor2 1.76 -37.79 0.88 35.74 -36.04 1.46
motor1 -29.59 -32.81 19.04 -0.29 -32.52 -0.29
motor2 1.76 -37.79 0.88 43.65 -36.33 1.46
motor1 -39.55 -32.81 19.04 -0.29 -32.52 -0.29
motor2 1.76 -37.79 0.88 49.22 -36.04 1.17
motor1 -44.24 -32.52 18.16 -0.29 -32.52 -0.29
motor2 1.76 -37.79 0.88 45.41 -36.04 1.17
motor1 -41.31 -32.52 18.16 -0.59 -32.52 -0.29
motor2 1.76 -37.79 0.88 43.07 -36.33 1.46
motor1 -42.19 -32.52 18.16 -0.59 -32.52 -0.29
motor2 1.76 -37.79 0.88 47.17 -36.33 1.46
motor1 -45.70 -32.81 18.46 -0.59 -32.52 -0.29
motor2 1.76 -37.79 0.88 48.05 -36.33 1.46
motor1 -45.70 -32.81 18.46 -0.29 -32.52 -0.29
motor2 1.76 -37.79 0.88 44.53 -36.33 1.46
motor1 -40.43 -32.52 18.16 -0.29 -32.52 -0.29
motor2 1.76 -37.79 0.88 34.86 -36.33 1.46
motor1 -30.47 -32.52 18.16 -0.29 -32.52 -0.29
motor2 1.76 -37.79 0.88 22.85 -36.04 1.46
motor1 -20.21 -32.52 18.16 -0.59 -32.52 -0.29
motor2 1.76 -37.79 0.88 11.13 -35.45 1.46
motor1 -9.08 -32.23 18.16 -0.29 -32.52 -0.29
motor2 1.76 -37.79 0.88 1.17 -34.86 1.46
motor1 0.88 -30.47 18.16 -0.29 -32.52 -0.29
motor2 1.76 -37.79 0.88 -4.98 -34.28 1.76
motor1 6.74 -29.30 18.16 -0.29 -32.52 -0.29
motor2 1.76 -37.79 0.88 -6.45 -34.57 1.76
motor1 6.15 -29.30 18.16 0.59 -32.52 -0.29
motor2 1.76 -37.79 0.88 -6.15 -35.45 1.76
motor1 4.10 -29.30 18.16 0.59 -32.52 -0.29
motor2 1.76 -37.79 0.88 -4.98 -35.74 2.34
motor1 4.10 -29.30 18.16 0.29 -32.52 -0.29
motor2 1.76 -37.79 0.88 -4.39 -35.74 2.34
motor1 4.39 -29.30 18.16 0.29 -33.11 -0.29
motor2 1.76 -37.79 0.88 -4.39 -35.45 2.34
motor1 4.98 -29.30 18.16 0.29 -32.52 -0.29
motor2 1.76 -37.79 0.88 -4.39 -35.45 2.34
motor1 4.98 -29.30 18.46 0.29 -33.11 -0.29
motor2 1.76 -37.79 0.88 -4.39 -35.45 2.34
motor1 4.98 -29.30 18.16 0.59 -32.52 -0.29
motor2 1.76 -37.79 0.88 -4.39 -35.45 2.34
motor1 4.98 -29.30 18.16 0.59 -32.52 -0.29
motor2 1.76 -37.79 0.88 -4.39 -35.45 2.34
motor1 4.98 -29.30 18.16 0.59 -33.11 -0.29
motor2 1.76 -37.79 0.88 -4.39 -35.45 2.34
motor1 4.98 -29.30 18.16 0.59 -32.52 -0.29
motor2 1.76 -37.79 0.88 -4.39 -35.45 2.34
motor1 4.98 -29.30 18.16 0.59 -32.52 -0.29
motor2 1.76 -37.79 0.88 -4.39 -35.45 2.34
motor1 4.98 -29.30 18.46 0.59 -32.52 -0.29
motor2 1.76 -37.79 0.88 -4.39 -35.45 2.34
motor1 4.69 -29.30 18.16 0.59 -32.52 -0.29
motor2 1.76 -37.79 0.88 -4.39 -35.45 2.34
motor1 4.98 -29.30 18.16 0.29 -32.52 -0.29
motor2 1.76 -37.79 0.88 -4.39 -35.45 2.34
motor1 4.98 -29.30 18.16 0.59 -32.52 -0.29
motor2 1.76 -37.79 0.88 -4.39 -35.45 2.34
motor1 4.98 -29.30 18.16 0.59 -32.52 -0.29
motor2 1.76 -37.79 0.88 -4.39 -35.45 2.34
motor1 4.98 -29.30 18.46 0.29 -32.52 -0.29
motor2 1.76 -37.79 0.88 -4.39 -35.45 2.34
motor1 4.98 -29.30 18.46 0.29 -32.52 -0.29
motor2 1.76 -37.79 0.88 -4.39 -35.45 2.34
motor1 4.69 -29.30 18.16 0.59 -32.52 -0.29
motor2 1.76 -37.50 0.88 -4.39 -35.45 2.34
motor1 4.98 -29.30 18.46 0.59 -32.52 -0.29
motor2 1.76 -37.79 0.88 -4.39 -35.45 2.34
motor1 4.98 -29.30 18.46 0.88 -31.93 -0.29
motor2 1.76 -37.79 0.88 -4.39 -35.45 2.34
motor1 4.10 -26.95 17.87 1.46 -28.42 -0.59
motor2 1.76 -37.50 0.88 -4.39 -35.45 2.34
motor1 2.05 -19.34 17.29 3.81 -20.21 -0.59
motor2 1.76 -37.79 0.88 -4.39 -35.45 2.34
motor1 0.88 -11.72 16.41 4.10 -11.43 -0.59
motor2 1.76 -37.79 0.88 -4.39 -35.45 2.34
motor1 0.59 -4.39 13.48 4.10 -6.45 -0.59
motor2 1.76 -37.79 0.88 -4.39 -35.45 2.34
motor1 0.59 0.29 8.50 4.10 -4.39 -0.88
motor2 1.76 -37.79 0.88 -4.39 -35.45 2.34
motor1 0.88 2.64 7.32 3.81 -3.52 -0.59
motor2 1.76 -37.79 0.88 -4.39 -35.45 2.34
motor1 1.46 2.64 7.62 3.52 -3.52 -0.59
motor2 1.76 -37.50 0.88 -4.39 -35.45 2.34
motor1 1.46 2.64 7.62 3.52 -3.52 -0.59
motor2 1.46 -37.79 0.88 -4.39 -35.74 2.34
motor1 1.46 2.64 7.62 3.52 -3.52 -0.59
motor2 1.76 -37.79 0.88 -4.39 -35.45 2.34
motor1 1.46 2.64 7.62 3.52 -3.52 -0.59
motor2 1.76 -37.21 0.88 -4.39 -35.45 2.34
motor1 1.46 2.64 7.62 3.52 -3.22 -0.59
motor2 2.05 -33.98 0.59 -4.39 -33.98 1.17
motor1 2.05 2.64 7.62 3.52 -3.52 -0.59
motor2 2.05 -27.25 0.29 -4.10 -28.71 0.59
motor1 1.46 2.64 7.62 3.52 -3.52 -0.59
motor2 1.17 -19.34 0.00 -3.81 -19.63 -1.46
motor1 2.05 2.64 7.62 3.52 -3.52 -0.59
motor2 0.29 -12.01 0.00 -2.64 -12.30 -2.64
motor1 2.05 2.64 7.62 3.52 -3.52 -0.59
motor2 0.29 -4.39 -1.17 -2.34 -7.91 -5.86
motor1 1.46 2.64 7.62 3.52 -3.52 -0.59
motor2 0.29 -0.88 -1.46 -2.34 -6.15 -5.86
motor1 2.05 2.64 7.62 3.52 -3.52 -0.59
motor2 0.29 -0.59 -1.46 -2.64 -5.86 -5.86
motor1 2.05 2.64 7.62 3.52 -3.52 -0.59
motor2 0.29 -0.59 -1.46 -2.34 -5.86 -6.15
motor1 2.05 2.64 7.62 3.52 -3.52 -0.59
motor2 0.29 -0.29 -1.46 -2.34 -5.86 -6.15
motor1 1.46 2.64 7.62 3.52 -3.52 -0.59
motor2 0.29 -0.59 -1.46 -2.64 -5.86 -5.86
motor1 2.05 2.64 7.62 3.52 -3.52 -0.59
motor2 0.29 -0.59 -1.46 -2.64 -6.15 -5.86
motor1 2.05 2.64 7.62 3.52 -3.52 -0.59
motor2 0.29 -0.59 -1.46 -2.64 -6.45 -6.15
motor1 2.05 2.64 7.62 3.52 -3.22 -0.59
motor2 0.29 -0.59 -1.46 -2.64 -6.45 -6.15
motor1 2.05 2.64 7.62 3.52 -3.52 -0.59
motor2 0.29 -0.29 -1.46 -2.34 -6.45 -6.15
motor1 2.05 2.64 7.62 3.52 -3.52 -0.59
motor2 0.29 1.17 -2.93 -1.46 -6.45 -8.50
motor1 1.46 2.64 7.62 3.22 -3.52 -0.59
motor2 0.00 2.64 -2.93 -0.29 -6.74 -10.84
motor1 2.05 2.34 7.62 3.52 -3.52 -0.59
motor2 0.00 2.64 -2.93 0.00 -6.45 -12.01
motor1 1.46 2.64 7.62 3.52 -3.52 -0.59
motor2 0.00 2.64 -2.93 1.17 -7.03 -14.65
motor1 1.46 2.64 7.62 3.22 -4.98 -0.59
motor2 0.00 2.34 -2.93 4.10 -9.38 -16.70
motor1 2.05 2.64 7.62 2.64 -5.27 -0.59
motor2 -0.29 2.05 -2.93 6.15 -9.08 -19.63
motor1 2.05 2.64 7.62 2.64 -4.98 -0.59
motor2 -0.29 2.34 -3.22 6.15 -8.20 -24.90
motor1 2.05 2.64 7.62 3.81 -4.98 -0.59
motor2 1.76 2.93 -7.91 4.10 -8.20 -31.64
motor1 2.05 2.64 7.62 4.10 -5.57 -0.59
motor2 2.05 4.39 -16.11 3.52 -6.45 -40.43
motor1 2.05 2.64 7.32 3.52 -5.57 0.88
motor2 1.17 7.03 -26.37 3.52 -6.45 -50.39
motor1 2.05 2.34 7.62 3.22 -5.57 0.88
motor2 1.17 7.32 -35.16 3.52 -6.45 -58.89
motor1 2.05 2.64 7.62 3.22 -4.39 0.59
motor2 1.17 7.32 -45.12 3.52 -6.74 -65.04
motor1 2.64 2.64 7.62 2.34 -3.52 0.29
motor2 1.17 7.62 -55.08 3.52 -7.32 -71.19
motor1 2.93 2.64 7.62 1.46 -3.52 0.29
motor2 2.05 8.20 -68.26 3.52 -7.62 -78.22
motor1 2.93 2.64 7.62 1.46 -3.52 0.29
motor2 3.52 9.67 -80.86 3.22 -7.62 -83.50
motor1 2.93 2.64 7.62 2.05 -3.52 0.29
motor2 3.52 10.25 -88.48 3.22 -6.74 -89.06
motor1 2.93 2.64 7.62 2.05 -3.52 0.29
motor2 4.39 11.13 -93.75 1.46 -6.45 -95.80
motor1 2.93 2.64 7.62 2.05 -3.52 0.29
motor2 8.50 11.13 -99.32 -0.29 -6.74 -102.25
motor1 2.93 0.00 8.50 1.46 -3.22 0.00
motor2 10.84 7.32 -103.12 -0.59 -6.74 -106.05
motor1 2.93 0.00 8.50 1.46 -3.52 0.29
motor2 12.60 4.10 -103.71 -0.88 -6.45 -107.52
motor1 2.34 0.00 8.50 1.46 -3.81 0.29
motor2 16.11 1.46 -104.88 -0.59 -7.91 -108.69
motor1 0.88 -0.88 8.50 1.46 -3.81 0.29
motor2 16.41 0.88 -104.88 -0.29 -9.38 -109.28
motor1 0.59 -4.39 8.50 1.17 -5.27 0.29
motor2 16.41 0.29 -106.93 -0.29 -9.96 -109.86
motor1 0.59 -7.32 8.50 1.46 -5.86 0.29
motor2 16.41 -2.34 -111.04 -0.29 -12.01 -112.50
motor1 0.88 -8.79 8.20 2.05 -7.91 0.29
motor2 15.53 -7.32 -116.60 -0.59 -17.29 -117.48
motor1 1.17 -11.13 8.50 2.34 -9.96 0.29
motor2 14.65 -13.48 -121.87 -0.29 -24.02 -123.63
motor1 1.46 -11.43 8.50 2.05 -9.67 0.29
motor2 14.65 -20.21 -124.80 -0.29 -31.35 -129.20
motor1 2.64 -11.13 8.50 2.05 -9.08 0.29
motor2 14.65 -28.12 -128.32 -0.29 -40.14 -133.01
motor1 2.93 -10.25 8.50 2.05 -7.91 0.29
motor2 14.36 -35.45 -132.13 0.29 -47.46 -135.94
motor1 2.93 -10.25 8.50 2.05 -7.91 0.29
motor2 13.48 -41.60 -135.64 1.17 -53.03 -138.87
motor1 2.93 -9.96 8.50 2.34 -7.62 0.29
motor2 13.18 -44.24 -136.82 1.17 -54.49 -139.45
motor1 2.93 -9.96 8.50 2.64 -7.62 0.29
motor2 14.06 -44.24 -136.52 1.46 -54.79 0.29
motor1 2.93 -9.96 8.50 2.64 -7.32 0.29
motor2 14.06 -44.53 -136.52 1.17 -54.79 0.29
motor1 2.93 -9.96 8.50 2.64 -7.32 0.29
motor2 14.06 -44.53 -136.52 1.46 -54.49 0.29
motor1 2.93 -9.96 8.50 2.64 -7.32 0.29
motor2 14.06 -44.53 -136.52 1.17 -54.79 0.29
motor1 2.93 -9.96 8.50 2.64 -7.32 0.29
motor2 14.06 -44.24 -136.52 1.17 -54.79 0.29
motor1 0.00 -9.67 7.91 3.81 -7.32 -0.88
motor2 14.36 -44.53 -136.52 1.17 -54.79 -0.88
motor1 0.00 -10.55 3.22 3.81 -6.15 -7.03
motor2 14.06 -44.53 -136.23 1.17 -54.49 -7.03
motor1 1.17 -9.08 -7.91 3.81 -5.57 -19.04
motor2 14.06 -44.53 -135.94 1.17 -54.49 -19.04
motor1 2.05 -9.08 -20.80 3.81 -5.57 -32.81
motor2 14.06 -44.53 -135.94 1.46 -54.20 -32.81
motor1 2.05 -9.08 -32.23 3.52 -4.69 -45.70
motor2 14.36 -43.65 -135.94 1.17 -54.49 -45.70
motor1 2.34 -9.67 -41.31 3.22 -4.69 -56.84
motor2 14.36 -43.65 -135.94 1.17 -54.20 -138.87
motor1 2.93 -9.96 -50.98 1.46 -4.69 -66.21
motor2 14.36 -44.24 -135.94 1.17 -54.20 -138.87
motor1 3.81 -10.55 -60.35 1.46 -7.62 -72.95
motor2 14.36 -44.53 -135.94 1.17 -54.20 -138.28
motor1 4.39 -11.43 -68.85 0.88 -11.72 -79.69
motor2 14.36 -45.70 -136.23 1.17 -54.20 -138.28
motor1 4.69 -12.60 -78.52 -1.46 -19.04 -88.18
motor2 14.06 -48.63 -136.23 1.17 -54.20 -138.28
motor1 4.69 -17.29 -88.48 -1.46 -28.42 -99.61
motor2 13.48 -51.86 -136.23 1.46 -54.79 -138.28
motor1 4.39 -26.07 -100.20 -1.46 -37.79 -110.16
motor2 14.06 -54.49 -136.82 1.46 -54.79 -138.28
motor1 4.39 -33.40 -112.79 -1.76 -43.07 -122.46
motor2 13.48 -55.08 -136.52 1.17 -54.79 -137.99
motor1 2.93 -36.62 -125.98 -2.05 -46.00 -133.59
motor2 14.06 -55.08 -136.82 1.46 -54.79 -137.99
motor1 2.34 -41.02 -136.52 -1.76 -47.75 -138.28
motor2 14.06 -55.08 -136.82 1.46 -54.79 -138.28
motor1 3.22 -46.00 -142.97 -3.81 -50.98 -140.92
motor2 14.06 -55.08 -136.82 1.46 -54.79 -138.87
motor1 2.64 -48.63 -143.26 -4.10 -53.03 -141.21
motor2 14.06 -55.08 -136.82 1.46 -54.49 -138.87
motor1 2.34 -51.56 -143.26 -3.22 -54.79 -141.21
motor2 14.06 -54.49 -136.52 1.46 -55.08 -141.21
motor1 2.64 -53.03 -143.26 -4.10 -56.54 -141.21
motor2 14.06 -54.49 -136.52 1.46 -55.08 -141.21
motor1 2.34 -53.32 -143.26 -3.81 -56.25 -141.80
motor2 14.06 -55.08 -136.52 1.46 -55.08 -141.80
motor1 2.34 -53.03 -143.26 -3.81 -56.54 -141.21
motor2 14.06 -54.49 -136.52 1.46 -55.08 -141.21
motor1 2.34 -53.03 -143.26 -3.81 -56.54 -141.21
motor2 14.06 -54.49 -136.52 1.46 -55.08 -141.21
motor1 2.34 -53.03 -143.26 -4.10 -56.54 -141.21
motor2 14.06 -54.49 -136.52 1.46 -55.08 -141.21
motor1 2.64 -53.03 -143.55 -4.10 -56.54 -141.21
motor2 14.06 -54.49 -136.52 1.46 -55.08 -141.21
motor1 2.34 -53.03 -143.26 -4.10 -56.25 -141.21
motor2 14.06 -54.49 -136.52 1.46 -55.08 -141.21
motor1 2.34 -53.03 -143.26 -3.81 -56.54 -141.21
motor2 14.06 -54.49 -136.52 1.46 -55.08 -141.21
motor1 2.34 -53.03 -143.26 -3.81 -56.54 -141.21
motor2 14.06 -54.49 -136.52 1.46 -55.08 -141.21
motor1 2.34 -53.03 -143.55 -3.81 -56.54 -141.21
motor2 14.06 -55.08 -136.52 1.46 -55.08 -141.21
motor1 2.34 -53.03 -143.26 -3.81 -56.54 -141.21
motor2 14.06 -55.08 -136.52 1.46 -55.08 -141.21
motor1 2.64 -53.03 -143.55 -3.81 -56.54 -141.21
motor2 14.06 -54.49 -136.52 1.46 -55.08 -141.21
motor1 2.34 -53.03 -143.55 -4.10 -56.54 -141.21
motor2 14.06 -54.49 -136.52 1.46 -55.08 -141.21
motor1 2.34 -53.03 -143.55 -4.10 -56.54 -141.21
motor2 14.06 -54.49 -136.52 1.46 -55.08 -141.21
motor1 2.34 -53.03 -143.55 -3.81 -56.54 -141.80
motor2 14.06 -55.08 -136.52 1.46 -55.08 -141.80
motor1 2.34 -53.03 -143.55 -4.10 -56.54 -141.21
motor2 14.06 -54.49 -136.52 1.46 -55.08 -141.21
motor1 2.34 -53.03 -143.26 -3.81 -56.54 -141.21
motor2 14.06 -54.49 -136.52 1.46 -55.08 -141.21
motor1 2.34 -53.03 -143.55 -3.81 -56.54 -141.21
motor2 14.06 -54.49 -136.52 1.46 -55.08 -141.21
motor1 2.34 -53.03 -143.26 -3.81 -56.54 -141.21
motor2 14.06 -54.49 -136.52 1.46 -55.08 -141.21
motor1 2.34 -53.03 -143.55 -3.81 -56.54 -141.21
motor2 14.06 -54.49 -136.52 1.46 -55.08 -141.21
motor1 2.34 -53.03 -143.55 -3.81 -56.54 -141.21
motor2 14.06 -55.08 -136.52 1.46 -54.79 -141.21
motor1 2.34 -53.03 -143.26 -4.10 -56.54 -141.21
motor2 14.06 -54.49 -136.52 1.46 -55.08 -141.21
motor1 2.34 -53.03 -143.26 -4.10 -56.54 -141.21
motor2 14.06 -54.49 -136.52 1.46 -55.08 -141.21
motor1 2.34 -53.32 -143.55 -4.10 -56.54 -141.21
motor2 14.06 -54.49 -136.52 1.46 -54.79 -141.21
motor1 2.34 -53.03 -143.55 -4.10 -56.54 -141.21
motor2 14.06 -54.49 -136.52 1.46 -55.08 -141.21
motor1 2.34 -53.03 -143.55 -4.10 -56.25 -141.21
