specialmove
motor1 4.10 -55.96 -142.97 7.32 -55.08 -141.21
motor2 0.29 -54.20 -144.43 3.22 -58.89 -142.68
motor1 4.10 -55.96 -143.26 7.62 -54.79 -141.21
motor2 0.29 -53.91 -144.43 3.22 -59.18 -142.68
motor1 4.10 -55.96 -143.26 7.62 -55.08 -141.21
motor2 0.29 -53.91 -144.14 3.22 -58.89 -142.68
motor1 4.10 -55.96 -143.26 7.32 -55.08 -141.21
motor2 0.29 -53.91 -144.43 2.93 -59.18 -142.68
motor1 4.10 -55.96 -143.26 7.62 -55.08 -141.21
motor2 0.29 -53.91 -144.14 3.22 -58.89 -142.68
motor1 4.10 -55.96 -143.26 7.62 -55.08 -141.21
motor2 0.29 -54.20 -144.14 3.22 -59.18 -142.68
motor1 4.10 -55.96 -143.26 7.32 -55.08 -141.21
motor2 0.29 -54.20 -144.14 2.93 -59.18 -142.68
motor1 4.10 -55.96 -142.97 7.62 -55.08 -141.21
motor2 0.29 -53.91 -144.43 2.93 -58.89 -142.68
motor1 4.10 -55.96 -143.26 7.32 -55.08 -141.21
motor2 0.29 -53.91 -144.14 2.93 -58.89 -142.68
motor1 4.10 -55.96 -143.26 7.62 -55.08 -141.21
motor2 0.29 -53.91 -144.14 2.93 -58.89 -142.68
motor1 4.10 -55.96 -143.26 7.32 -55.08 -141.21
motor2 0.29 -53.91 -144.43 3.22 -58.89 -142.68
motor1 4.10 -55.96 -143.26 7.32 -55.08 -141.21
motor2 0.29 -54.20 -144.14 3.22 -59.18 -142.68
motor1 4.39 -55.96 -143.26 7.62 -55.08 -141.21
motor2 0.29 -53.91 -144.14 2.34 -58.59 -142.68
motor1 4.69 -55.96 -142.97 7.62 -55.37 -140.92
motor2 0.00 -53.61 -144.43 1.46 -58.30 -139.45
motor1 6.15 -55.96 -142.97 7.32 -54.49 -139.45
motor2 -0.29 -52.73 -144.43 1.76 -57.42 -134.18
motor1 6.45 -55.96 -142.97 7.62 -53.03 -136.52
motor2 -0.29 -52.73 -144.43 1.76 -57.13 -128.03
motor1 6.15 -55.66 -142.97 7.62 -50.98 -133.01
motor2 -0.29 -52.44 -144.43 1.76 -56.54 -119.24
motor1 6.15 -55.96 -142.97 7.32 -48.63 -126.27
motor2 -0.29 -52.73 -144.43 1.46 -55.96 -110.74
motor1 6.15 -55.96 -143.26 7.32 -45.12 -120.41
motor2 0.29 -53.91 -144.43 1.46 -55.96 -106.35
motor1 5.27 -55.96 -143.26 7.32 -44.82 -115.43
motor2 0.29 -54.49 -144.73 1.46 -55.96 -105.47
motor1 4.69 -56.84 -143.55 7.32 -45.12 -113.38
motor2 0.00 -54.49 -144.73 1.46 -56.54 -105.76
motor1 5.57 -57.71 -143.55 7.32 -45.70 -113.96
motor2 -1.46 -55.37 -144.73 1.46 -57.13 -106.05
motor1 6.15 -58.01 -143.55 7.32 -46.00 -114.26
motor2 -1.46 -57.13 -144.73 1.46 -57.42 -105.76
motor1 6.15 -58.89 -143.55 7.32 -46.00 -113.96
motor2 -1.46 -59.77 -144.73 1.46 -58.30 -105.76
motor1 6.15 -60.06 -143.55 7.32 -46.29 -114.26
motor2 -1.46 -62.40 -144.73 1.76 -58.59 -106.05
motor1 5.57 -61.23 -143.26 7.62 -46.29 -113.96
motor2 -1.46 -65.62 -144.43 2.34 -58.89 -105.76
motor1 6.15 -63.57 -142.97 7.62 -47.17 -114.26
motor2 -2.05 -69.43 -141.50 2.93 -59.47 -105.47
motor1 6.15 -65.04 -139.75 9.08 -50.39 -113.38
motor2 -2.05 -73.24 -134.77 2.64 -59.18 -105.47
motor1 6.45 -63.28 -133.30 7.91 -53.91 -113.38
motor2 0.00 -71.19 -122.46 2.64 -58.89 -105.47
motor1 6.15 -62.11 -125.98 7.62 -55.37 -113.38
motor2 0.29 -67.09 -112.50 2.64 -58.59 -105.47
motor1 6.15 -57.71 -116.89 7.62 -56.54 -113.38
motor2 0.29 -60.35 -103.12 2.64 -58.59 -105.76
motor1 6.15 -51.86 -105.47 7.62 -56.84 -113.38
motor2 0.29 -52.44 -92.87 2.64 -58.59 -105.76
motor1 6.45 -47.46 -92.29 7.62 -56.84 -113.38
motor2 0.29 -44.53 -83.50 2.64 -58.59 -105.76
motor1 6.15 -43.07 -79.39 7.62 -56.84 -113.38
motor2 0.29 -37.79 -73.83 2.64 -58.59 -105.76
motor1 6.15 -37.79 -67.68 7.62 -56.84 -113.96
motor2 0.29 -31.05 -63.87 2.34 -58.59 -105.76
motor1 6.15 -32.23 -55.96 7.62 -56.84 -113.38
motor2 0.29 -25.20 -55.96 2.64 -58.59 -105.76
motor1 6.15 -25.78 -43.36 7.62 -56.84 -113.38
motor2 0.29 -19.34 -46.88 2.34 -58.59 -105.76
motor1 6.15 -19.04 -32.52 7.62 -56.84 -113.38
motor2 0.29 -13.77 -35.74 2.64 -58.59 -105.76
motor1 6.15 -12.60 -21.97 7.62 -57.42 -113.38
motor2 0.29 -9.08 -25.49 2.34 -58.59 -105.76
motor1 5.57 -8.20 -14.36 7.62 -58.59 -113.38
motor2 0.29 -4.98 -16.41 2.64 -58.59 -106.05
motor1 5.57 -4.10 -7.91 7.62 -58.89 -113.38
motor2 0.29 -1.76 -9.08 2.64 -58.59 -106.05
motor1 5.57 -1.17 -3.81 7.62 -58.89 -113.38
motor2 0.29 -0.59 -6.45 2.64 -58.59 -106.05
motor1 5.27 -0.29 -4.69 7.62 -58.89 -113.38
motor2 0.29 -0.88 -6.74 2.64 -58.59 -106.05
motor1 4.98 -0.59 -4.98 7.62 -58.89 -113.38
motor2 0.00 -0.59 -6.74 2.64 -58.59 -106.05
motor1 5.27 -0.29 -4.69 7.62 -58.89 -113.38
motor2 0.00 -0.59 -6.74 2.64 -58.59 -106.05
motor1 5.27 -0.29 -4.69 7.62 -58.89 -113.38
motor2 0.00 -0.59 -6.74 2.64 -58.59 -106.05
motor1 5.27 -0.29 -4.69 7.62 -58.89 -113.38
motor2 -0.29 -0.59 -6.74 2.64 -58.30 -106.05
motor1 5.27 -0.29 -4.69 7.62 -58.89 -113.38
motor2 0.00 -0.88 -6.74 2.93 -58.59 -106.05
motor1 5.27 -0.29 -4.69 7.91 -58.89 -112.50
motor2 0.00 -0.59 -6.74 2.64 -58.59 -106.05
motor1 5.27 -0.29 -4.69 7.03 -58.59 -104.30
motor2 0.00 -0.59 -6.74 2.93 -55.08 -100.78
motor1 5.27 -0.29 -4.69 6.15 -54.49 -90.23
motor2 0.00 -0.59 -6.74 2.93 -50.10 -90.53
motor1 5.27 -0.59 -4.69 5.27 -48.34 -76.76
motor2 -0.29 -0.59 -6.74 2.93 -42.77 -77.93
motor1 5.27 -0.59 -4.69 4.98 -41.02 -62.40
motor2 0.00 -0.59 -6.74 2.64 -33.98 -63.57
motor1 5.27 -0.59 -4.69 4.98 -31.93 -47.46
motor2 0.00 -0.59 -6.74 2.64 -26.95 -50.39
motor1 5.27 -0.59 -4.69 4.98 -24.61 -33.98
motor2 0.00 -0.59 -6.74 2.64 -19.63 -37.21
motor1 5.27 -0.29 -4.69 4.98 -18.16 -21.97
motor2 0.00 -0.59 -6.74 2.93 -13.77 -25.49
motor1 5.27 -0.29 -4.69 4.69 -13.18 -11.43
motor2 0.00 -0.88 -6.74 2.64 -8.50 -16.99
motor1 5.27 -0.29 -4.98 4.69 -8.20 -2.64
motor2 -0.29 -0.59 -6.74 2.64 -3.81 -8.20
motor1 5.27 -0.59 -4.69 4.98 -3.81 3.52
motor2 0.00 -0.88 -6.74 2.64 -1.46 -4.69
motor1 5.27 -0.59 -4.69 4.98 -2.05 4.39
motor2 0.00 -0.59 -6.74 2.64 -1.46 -4.39
motor1 5.27 -0.59 -4.69 4.69 -1.46 3.81
motor2 -0.29 -0.59 -6.74 2.64 -1.76 -4.39
motor1 5.27 -0.59 -4.69 4.69 -1.76 2.93
motor2 0.00 -0.59 -6.74 2.64 -1.76 -4.39
motor1 5.27 -0.59 -4.69 4.98 -1.76 2.93
motor2 0.00 -0.88 -6.74 2.64 -2.05 -4.98
motor1 5.27 -0.29 -4.69 5.27 -1.76 2.93
motor2 0.00 -0.59 -6.74 2.64 -2.05 -4.98
motor1 5.27 -0.59 -4.69 5.57 -1.46 2.93
motor2 -0.29 -0.59 -6.74 2.64 -1.76 -5.27
motor1 5.27 -0.29 -4.98 5.57 -1.76 2.93
motor2 0.00 -0.88 -6.74 2.64 -2.05 -5.27
motor1 5.27 -0.59 -4.69 5.57 -1.76 2.93
motor2 -0.29 -0.59 -6.74 2.64 -2.05 -5.27
motor1 5.27 -0.59 -4.69 5.57 -1.76 2.93
motor2 -0.29 -0.88 -6.74 2.64 -2.05 -5.27
motor1 5.27 -0.59 -4.98 5.57 -1.76 2.93
motor2 -0.29 -0.88 -6.74 2.64 -2.05 -5.27
motor1 5.27 -0.59 -4.69 4.69 -2.05 2.93
motor2 0.00 -0.59 -6.74 2.64 -2.34 -5.27
motor1 5.27 -0.59 -4.69 4.98 -2.05 3.52
motor2 0.00 -0.88 -6.74 2.64 -4.39 -4.98
motor1 5.27 -0.59 -4.98 4.98 -4.39 4.69
motor2 0.00 -0.59 -6.74 2.93 -6.74 -4.10
motor1 4.98 -0.59 -4.69 5.27 -7.03 4.39
motor2 0.00 -0.59 -6.74 2.93 -11.13 -4.10
motor1 5.27 -0.29 -4.98 5.27 -9.96 4.69
motor2 0.00 -0.88 -6.74 2.93 -15.23 -4.10
motor1 5.27 -0.29 -4.69 5.27 -13.18 4.69
motor2 0.00 -0.59 -6.74 1.46 -17.87 -4.10
motor1 5.27 -0.59 -4.69 6.15 -17.29 4.69
motor2 0.00 -0.59 -6.74 1.46 -24.02 -4.10
motor1 5.27 -0.29 -4.69 6.15 -24.61 4.69
motor2 0.00 -0.88 -6.74 1.76 -32.23 -3.81
motor1 5.27 -0.59 -4.69 6.15 -31.64 4.39
motor2 -0.29 -0.59 -6.74 1.46 -42.19 -0.59
motor1 5.27 -0.59 -4.69 6.15 -40.72 4.39
motor2 0.00 -0.59 -6.74 1.46 -52.15 3.52
motor1 5.27 -0.59 -4.69 6.15 -50.68 4.39
motor2 -0.29 -0.59 -6.74 1.76 -60.94 5.57
motor1 5.27 -0.59 -4.69 5.57 -60.94 4.39
motor2 -0.29 -0.59 -6.74 2.93 -68.85 7.62
motor1 5.27 -0.59 -4.69 6.15 -70.31 4.39
motor2 0.00 -0.59 -6.74 2.93 -75.59 7.03
motor1 5.27 -0.59 -4.98 5.57 -79.10 4.10
motor2 0.00 -0.59 -6.74 3.52 -79.98 7.03
motor1 5.27 -0.59 -4.69 4.98 -87.01 2.93
motor2 0.00 -0.59 -6.74 4.69 -83.20 7.03
motor1 5.27 -0.59 -4.69 4.98 -94.04 2.34
motor2 -0.29 -0.59 -6.74 6.45 -86.13 6.45
motor1 5.27 -0.59 -4.69 5.27 -97.85 1.46
motor2 0.00 -0.88 -6.74 7.62 -87.01 5.57
motor1 5.27 -0.59 -4.69 4.98 -98.14 0.00
motor2 0.00 -0.88 -6.74 7.62 -87.01 5.86
motor1 5.27 -0.59 -4.69 5.27 -98.14 0.00
motor2 0.00 -0.59 -6.74 7.62 -86.72 6.15
motor1 5.27 -0.59 -4.69 5.57 -97.85 0.59
motor2 -0.29 -0.59 -6.74 7.32 -86.13 6.15
motor1 5.27 -0.59 -4.69 5.57 -97.85 0.59
motor2 0.00 -0.59 -6.74 7.32 -85.55 6.15
motor1 5.27 -0.59 -4.69 5.57 -97.85 0.59
motor2 0.00 -0.59 -6.74 7.32 -85.55 6.15
motor1 5.27 -0.59 -4.69 5.57 -98.14 0.59
motor2 -0.29 -0.59 -6.74 7.32 -85.55 6.15
motor1 5.27 -0.59 -4.98 5.57 -98.14 0.59
motor2 0.00 -0.59 -6.74 7.32 -85.55 6.15
motor1 5.27 -0.59 -4.69 5.57 -98.14 0.59
motor2 -0.29 -0.59 -6.74 7.32 -85.55 6.15
motor1 3.81 -0.59 -4.69 5.57 -97.85 0.59
motor2 0.00 -0.59 -6.74 7.32 -85.55 6.15
motor1 3.81 -0.59 -4.69 5.57 -97.85 0.59
motor2 -2.05 -0.59 -6.74 7.32 -85.55 6.15
motor1 3.81 -0.59 -3.52 5.57 -97.85 0.59
motor2 -2.34 -0.59 -6.74 7.32 -85.55 6.15
motor1 4.10 -0.59 -3.81 5.57 -97.85 0.59
motor2 -2.05 -1.17 -6.74 7.32 -85.55 6.15
motor1 3.22 -0.88 -3.52 5.57 -97.85 0.59
motor2 -0.59 -2.93 -6.74 7.32 -85.55 6.15
motor1 3.81 -4.39 -2.05 5.57 -97.85 0.59
motor2 0.29 -6.74 -6.74 7.32 -85.55 6.15
motor1 3.81 -8.79 -0.88 6.45 -97.85 0.59
motor2 0.59 -11.43 -6.74 7.32 -85.55 6.15
motor1 3.81 -9.08 -0.88 6.45 -97.85 0.59
motor2 0.88 -12.60 -6.74 7.32 -85.55 6.15
motor1 4.39 -8.50 -1.17 6.45 -97.85 0.59
motor2 1.46 -12.60 -6.74 7.32 -85.55 6.15
motor1 2.93 -7.62 -1.17 6.45 -97.85 0.59
motor2 2.34 -14.65 -6.74 7.32 -85.55 6.15
motor1 2.64 -14.06 -1.17 6.45 -97.85 0.59
motor2 2.93 -23.73 -6.74 7.32 -85.55 6.15
motor1 2.93 -25.78 -1.17 6.45 -97.85 0.59
motor2 2.34 -36.62 -6.74 7.32 -85.25 6.15
motor1 3.22 -40.43 -1.17 6.45 -97.85 0.59
motor2 2.05 -50.10 -6.74 7.32 -85.25 6.15
motor1 3.22 -54.49 -1.17 6.45 -97.85 0.59
motor2 2.34 -61.23 -6.74 7.32 -85.25 6.15
motor1 3.22 -68.26 -1.46 6.45 -97.85 0.59
motor2 2.34 -71.78 -6.74 7.32 -85.55 6.15
motor1 3.22 -81.74 -1.46 6.45 -97.85 0.59
motor2 2.34 -82.03 -6.74 7.62 -85.55 6.15
motor1 3.22 -90.23 -1.46 6.45 -97.85 0.59
motor2 2.34 -91.11 -6.74 7.32 -85.55 6.15
motor1 2.93 -92.58 -1.17 6.45 -97.85 0.59
motor2 2.93 -96.97 -6.74 7.32 -85.55 6.15
motor1 2.64 -92.87 -1.17 6.45 -97.85 0.59
motor2 2.34 -98.73 -6.74 7.32 -85.55 6.15
motor1 2.93 -92.87 -1.46 6.45 -97.85 0.59
motor2 2.34 -99.02 -6.74 7.32 -85.25 6.15
motor1 2.93 -93.16 -1.17 6.45 -97.85 0.59
motor2 2.05 -99.02 -6.74 7.32 -85.55 6.15
motor1 2.93 -93.16 -1.17 6.45 -97.85 0.59
motor2 1.76 -97.85 -6.74 7.32 -85.25 6.15
motor1 2.93 -92.87 -1.46 6.45 -97.85 0.59
motor2 1.76 -97.85 -6.74 7.32 -85.55 6.15
motor1 2.93 -92.87 -1.17 6.45 -97.85 0.59
motor2 1.76 -97.85 -6.74 7.32 -85.55 6.15
motor1 2.93 -92.87 -1.46 6.45 -97.85 0.59
motor2 1.76 -97.56 -6.74 7.32 -85.25 6.15
motor1 2.93 -92.87 -1.46 6.45 -97.85 0.59
motor2 1.76 -97.85 -6.74 7.32 -85.55 6.15
motor1 3.22 -92.87 -1.17 6.45 -97.85 0.59
motor2 1.76 -97.56 -6.74 7.32 -85.55 6.15
motor1 2.93 -92.87 -1.17 6.45 -97.85 0.59
motor2 1.76 -97.85 -6.74 7.32 -85.25 6.15
motor1 2.93 -92.87 -1.46 6.45 -97.85 0.59
motor2 1.76 -97.85 -6.74 7.32 -85.55 6.15
motor1 2.93 -92.87 -1.46 6.45 -96.09 0.59
motor2 1.76 -97.85 -6.74 7.32 -85.55 6.15
motor1 2.93 -92.87 -1.46 6.45 -96.09 0.59
motor2 1.76 -97.85 -6.74 7.32 -85.55 6.15
motor1 2.93 -92.87 -1.17 6.45 -96.09 0.59
motor2 1.76 -97.85 -6.74 7.32 -85.25 6.15
motor1 2.93 -92.87 -1.46 6.45 -96.09 0.59
motor2 1.76 -97.85 -6.74 7.32 -85.25 6.15
motor1 3.22 -92.87 -1.46 5.57 -96.09 0.59
motor2 1.76 -97.85 -6.74 7.32 -85.25 6.15
motor1 3.22 -92.87 -1.17 5.57 -96.09 0.59
motor2 1.76 -97.85 -6.74 7.03 -84.37 5.86
motor1 2.93 -92.87 -1.46 5.57 -91.99 0.88
motor2 1.76 -97.85 -6.74 6.45 -76.76 6.15
motor1 2.93 -92.87 -1.17 4.98 -80.86 0.59
motor2 1.76 -97.85 -6.74 6.45 -62.40 5.86
motor1 3.22 -92.87 -1.17 4.69 -65.62 0.59
motor2 1.76 -97.85 -6.74 7.03 -47.17 6.15
motor1 3.22 -92.87 -1.17 4.69 -50.68 0.59
motor2 1.76 -97.85 -6.74 6.45 -32.23 5.86
motor1 2.93 -92.58 -1.46 4.69 -36.04 0.88
motor2 1.76 -97.85 -6.74 7.03 -19.34 5.86
motor1 3.22 -92.87 -1.46 3.81 -23.14 0.88
motor2 1.76 -97.85 -6.74 7.91 -9.08 5.57
motor1 2.93 -92.87 -1.46 2.05 -13.77 1.17
motor2 1.76 -97.85 -6.74 7.91 -0.88 7.62
motor1 3.22 -92.87 -1.17 1.46 -4.39 2.05
motor2 1.76 -97.85 -6.74 7.62 2.93 7.62
motor1 3.22 -92.87 -1.46 1.46 -0.88 2.05
motor2 1.76 -97.85 -6.74 7.91 2.93 8.20
motor1 3.22 -92.87 -1.17 2.05 -0.29 2.05
motor2 1.76 -97.85 -6.74 7.62 2.93 7.32
motor1 2.93 -92.87 -1.17 2.64 -0.88 1.17
motor2 1.76 -97.85 -6.74 7.62 2.93 7.32
motor1 3.22 -92.87 -1.17 2.64 -0.59 0.88
motor2 1.76 -97.85 -6.74 7.91 2.93 7.03
motor1 3.22 -92.87 -1.17 2.64 -0.59 0.88
motor2 1.76 -97.85 -6.74 7.91 2.93 7.03
motor1 3.22 -92.87 -1.46 2.93 -0.59 0.88
motor2 1.76 -97.85 -6.74 7.91 2.93 7.03
motor1 3.22 -92.87 -1.17 2.64 -0.59 0.88
motor2 1.76 -97.85 -6.74 7.62 2.93 7.03
motor1 3.22 -92.87 -1.17 2.64 -0.59 0.88
motor2 0.59 -96.68 -6.74 7.62 2.93 7.03
motor1 2.93 -90.53 -1.46 2.93 -0.59 0.88
motor2 0.29 -91.99 -6.74 7.62 2.93 7.03
motor1 3.22 -83.79 -1.76 2.93 -0.59 0.88
motor2 0.29 -79.10 -6.74 7.62 2.93 7.03
motor1 3.52 -70.90 -1.76 2.93 -0.59 0.88
motor2 0.29 -62.70 -6.74 7.62 2.93 7.03
motor1 3.52 -54.79 -1.76 2.93 -0.88 0.88
motor2 0.29 -46.00 -6.74 7.62 2.93 7.03
motor1 3.52 -39.26 -1.76 2.64 -0.88 0.88
motor2 0.29 -32.23 -6.74 7.62 2.93 7.32
motor1 3.52 -26.66 -2.05 2.93 -0.59 0.88
motor2 0.88 -19.92 -6.74 7.62 2.93 7.03
motor1 3.22 -17.58 -1.76 2.64 -0.88 0.88
motor2 2.34 -9.96 -6.74 7.91 2.93 7.03
motor1 3.52 -9.08 -1.76 2.64 -0.88 0.88
motor2 3.22 -1.46 -6.74 7.62 2.93 7.03
motor1 3.22 -2.93 -1.76 2.64 -0.59 0.88
motor2 2.93 2.34 -5.86 7.62 2.93 7.03
motor1 3.22 0.88 -1.76 2.93 -0.59 0.88
motor2 2.93 2.64 -5.57 7.62 2.93 7.03
motor1 2.93 2.05 -1.76 2.93 -0.59 0.88
motor2 2.93 2.64 -5.57 7.62 2.93 7.03
motor1 3.22 2.34 -2.05 2.64 -0.88 0.88
motor2 2.34 2.64 -5.86 7.62 2.93 7.03
motor1 3.22 2.34 -1.76 2.93 -0.59 0.88
motor2 1.76 2.64 -5.86 7.91 2.93 7.03
motor1 3.22 2.34 -1.76 2.93 -0.59 0.88
motor2 1.76 2.64 -5.86 7.62 2.93 7.03
motor1 3.22 2.34 -1.76 2.64 -0.59 0.88
motor2 1.76 2.64 -5.86 7.91 2.93 7.03
motor1 3.22 2.34 -1.76 2.64 -0.88 0.88
motor2 2.05 2.64 -5.86 7.62 2.93 7.03
motor1 3.22 2.34 -1.76 2.64 -0.59 0.88
motor2 1.76 2.64 -5.86 7.62 2.93 7.03
motor1 3.22 2.34 -2.05 2.93 -0.88 0.88
motor2 1.76 2.64 -5.86 7.62 2.93 7.03
motor1 3.22 2.34 -1.76 2.64 -0.59 0.88
motor2 1.76 2.64 -5.86 7.62 3.22 7.03
motor1 3.22 2.34 -1.76 2.93 -0.59 0.88
motor2 1.76 2.64 -5.86 7.91 2.93 7.03
motor1 3.22 2.05 -2.05 3.81 -0.88 0.88
motor2 1.76 2.34 -5.86 7.62 2.93 7.03
motor1 3.22 2.05 -1.76 3.81 -0.59 0.88
motor2 1.76 2.34 -5.86 7.62 2.93 7.03
motor1 3.22 2.05 -1.76 3.81 -0.88 0.88
motor2 1.76 2.34 -5.86 7.62 2.93 7.03
motor1 3.22 2.05 -1.76 3.81 -0.59 0.88
motor2 1.76 2.34 -5.86 7.91 2.34 6.45
motor1 3.22 2.05 -2.05 3.52 -2.64 1.46
motor2 2.05 2.34 -5.86 7.32 -2.34 6.15
motor1 3.22 2.05 -1.76 2.64 -8.50 1.76
motor2 1.76 2.34 -5.86 7.32 -9.96 6.15
motor1 3.22 2.05 -1.76 2.64 -17.58 2.05
motor2 1.76 2.64 -5.86 7.32 -21.09 6.45
motor1 3.22 2.05 -1.76 2.64 -30.47 2.05
motor2 2.05 2.34 -5.86 7.32 -32.52 7.62
motor1 3.22 2.05 -1.76 2.64 -45.70 2.05
motor2 1.76 2.64 -5.86 7.32 -46.00 7.62
motor1 3.22 2.05 -1.76 2.64 -58.30 2.05
motor2 1.76 2.34 -5.86 7.32 -59.77 7.62
motor1 3.22 2.05 -1.76 2.64 -68.85 2.05
motor2 1.76 2.05 -5.86 7.32 -72.07 7.62
motor1 3.22 2.05 -2.05 2.64 -77.34 2.05
motor2 1.76 2.05 -5.86 7.32 -82.32 7.32
motor1 3.22 2.05 -2.05 2.64 -84.96 1.46
motor2 1.76 2.05 -5.86 7.91 -87.60 7.32
motor1 3.22 2.05 -1.76 2.64 -90.53 0.00
motor2 1.76 2.05 -5.86 7.91 -88.48 7.32
motor1 3.22 2.05 -1.76 2.93 -93.46 0.29
motor2 1.76 2.05 -5.86 8.20 -88.18 7.03
motor1 3.22 2.05 -1.76 3.22 -92.29 0.59
motor2 1.76 2.34 -5.86 7.91 -87.89 7.03
motor1 3.22 2.05 -1.76 3.22 -92.29 0.59
motor2 1.76 2.34 -5.86 7.91 -87.89 7.03
motor1 3.22 2.05 -1.76 3.22 -92.29 0.59
motor2 1.76 2.34 -5.86 7.91 -87.89 7.03
motor1 3.22 2.05 -2.05 3.22 -92.29 0.59
motor2 1.76 2.34 -5.86 7.91 -88.18 7.03
motor1 3.22 2.05 -1.76 3.22 -92.29 0.59
motor2 1.76 2.34 -5.86 7.91 -87.89 7.03
motor1 3.22 2.05 -2.05 3.22 -92.29 0.59
motor2 1.76 2.34 -5.86 7.91 -87.89 7.03
motor1 3.22 2.05 -1.76 3.22 -92.29 0.59
motor2 1.76 2.34 -5.86 7.91 -87.89 7.03
motor1 3.81 2.05 -1.76 3.22 -92.29 0.59
motor2 0.29 2.34 -5.86 7.91 -87.89 7.03
motor1 4.69 2.05 -1.76 3.22 -92.29 0.59
motor2 0.59 0.29 -5.86 7.91 -87.89 7.03
motor1 4.69 0.00 -2.05 3.22 -92.29 0.59
motor2 0.88 -0.59 -5.86 7.91 -87.89 7.03
motor1 4.69 -0.88 -2.64 3.22 -92.29 0.59
motor2 0.88 -2.34 -5.86 7.91 -87.89 7.03
motor1 2.64 -0.88 -2.93 3.22 -91.99 0.59
motor2 1.17 -6.15 -5.86 7.91 -87.89 7.03
motor1 2.64 -2.64 -2.64 3.22 -92.29 0.59
motor2 1.46 -12.01 -5.86 7.91 -87.89 7.03
motor1 2.64 -8.50 -2.64 3.22 -92.29 0.59
motor2 1.46 -23.44 -5.86 7.91 -87.89 7.03
motor1 3.22 -21.09 -2.64 3.22 -92.29 0.59
motor2 1.17 -41.60 -5.86 7.91 -87.60 7.03
motor1 3.52 -37.21 -2.64 3.81 -92.29 0.59
motor2 0.88 -58.01 -5.86 7.91 -87.60 7.03
motor1 4.39 -51.56 -2.64 3.81 -92.29 0.59
motor2 0.88 -70.02 -5.86 7.91 -87.60 7.03
motor1 4.69 -66.21 -2.64 3.81 -92.29 0.59
motor2 0.59 -77.34 -5.86 7.91 -87.60 7.03
motor1 4.98 -79.69 -2.64 3.81 -92.29 0.59
motor2 0.59 -82.32 -5.86 7.91 -87.60 7.03
motor1 4.98 -90.23 -2.64 3.81 -92.29 0.59
motor2 0.59 -87.60 -5.86 7.91 -87.60 7.03
motor1 4.69 -93.46 -2.64 3.81 -92.29 0.59
motor2 0.59 -90.82 -5.86 7.91 -87.60 7.03
motor1 4.39 -93.46 -2.64 3.81 -92.29 0.59
motor2 0.59 -92.87 -5.86 7.91 -87.60 7.03
motor1 3.22 -93.46 -2.64 3.81 -92.29 0.59
motor2 0.59 -95.51 -5.86 7.91 -87.60 7.03
motor1 2.93 -93.46 -2.64 3.81 -92.29 0.59
motor2 0.59 -96.68 -5.86 7.91 -87.60 7.03
motor1 2.93 -93.46 -2.64 3.81 -92.29 0.59
motor2 0.59 -96.39 -5.86 7.91 -87.60 7.03
motor1 3.52 -93.16 -2.64 3.81 -91.99 0.59
motor2 0.59 -96.09 -5.86 7.91 -87.60 7.03
motor1 3.52 -93.16 -2.64 3.81 -92.29 0.59
motor2 0.29 -96.09 -5.86 7.91 -87.60 7.03
motor1 3.52 -93.16 -2.05 3.81 -92.29 0.59
motor2 0.59 -96.09 -5.86 7.91 -87.60 7.03
motor1 3.22 -93.16 -2.05 3.81 -92.29 0.59
motor2 0.29 -96.09 -5.86 7.91 -87.60 7.03
motor1 3.52 -93.16 -2.64 3.81 -92.29 0.59
motor2 0.29 -96.09 -5.86 7.91 -87.60 7.03
motor1 3.52 -93.16 -2.64 3.81 -92.29 0.59
motor2 0.29 -96.09 -5.86 7.91 -87.60 7.03
motor1 3.52 -93.16 -2.64 3.81 -92.29 0.59
motor2 0.29 -96.09 -5.86 7.91 -87.60 7.03
motor1 3.52 -93.16 -2.64 3.81 -92.29 0.59
motor2 0.29 -96.09 -5.86 7.91 -87.60 7.03
motor1 3.52 -93.16 -2.64 3.81 -92.29 0.59
motor2 0.29 -96.09 -5.86 7.91 -87.60 7.03
motor1 3.52 -93.16 -2.05 3.81 -92.29 0.59
motor2 0.59 -96.09 -5.86 7.91 -87.60 7.03
motor1 3.52 -93.16 -2.64 3.81 -92.29 0.59
motor2 0.59 -96.09 -5.86 7.91 -87.60 7.03
motor1 3.52 -93.16 -2.05 3.81 -92.29 0.59
motor2 0.29 -96.09 -5.86 7.62 -85.55 7.03
motor1 3.22 -93.16 -2.64 3.81 -89.06 0.59
motor2 0.29 -96.09 -5.86 7.62 -79.98 5.86
motor1 3.52 -92.87 -2.64 3.81 -80.27 0.59
motor2 0.59 -96.09 -5.86 6.45 -65.92 5.27
motor1 3.52 -93.16 -2.64 3.81 -65.33 0.29
motor2 0.59 -96.09 -5.86 6.45 -47.75 4.98
motor1 3.52 -93.16 -2.64 2.93 -46.00 0.29
motor2 0.59 -96.09 -5.86 6.45 -29.88 5.27
motor1 3.52 -93.16 -2.64 2.34 -27.54 0.29
motor2 0.59 -96.09 -5.86 6.45 -17.87 5.27
motor1 3.22 -93.16 -2.64 2.34 -14.94 0.00
motor2 0.59 -96.09 -5.86 6.15 -9.08 5.27
motor1 3.52 -93.16 -2.64 2.34 -6.45 0.00
motor2 0.59 -96.09 -5.86 6.15 -2.34 5.27
motor1 3.52 -93.16 -2.64 2.34 -0.88 0.59
motor2 0.59 -96.09 -5.86 5.86 1.17 5.27
motor1 3.52 -93.16 -2.64 2.64 0.88 0.88
motor2 0.59 -96.09 -5.86 5.86 2.05 5.27
motor1 3.52 -93.16 -2.05 2.64 0.88 0.88
motor2 0.59 -96.09 -5.86 5.86 1.76 5.27
motor1 3.52 -93.16 -2.64 2.64 0.88 0.88
motor2 0.29 -96.09 -5.86 6.15 1.76 5.57
motor1 3.52 -93.16 -2.64 2.64 0.88 0.88
motor2 0.29 -96.09 -5.86 5.86 1.76 5.27
motor1 3.52 -93.16 -2.64 2.64 0.88 0.88
motor2 0.59 -96.09 -5.86 6.15 1.76 5.57
motor1 3.52 -93.16 -2.05 2.64 0.88 0.88
motor2 0.29 -96.09 -5.86 6.15 1.76 5.57
motor1 2.93 -92.58 -2.05 2.93 0.88 0.88
motor2 0.00 -93.16 -5.86 7.91 1.76 5.57
motor1 2.93 -88.77 -2.93 3.81 0.29 0.88
motor2 0.29 -87.01 -5.86 7.62 1.76 5.57
motor1 2.93 -78.52 -3.81 3.81 0.59 0.88
motor2 0.59 -75.59 -5.86 7.62 1.46 5.57
motor1 2.93 -62.40 -5.57 3.81 0.59 0.88
motor2 0.88 -60.35 -5.86 7.62 1.46 5.57
motor1 3.52 -46.88 -6.74 3.81 0.59 0.88
motor2 0.88 -45.41 -5.86 7.62 1.46 5.57
motor1 3.52 -33.11 -6.74 3.81 0.59 0.88
motor2 0.88 -32.23 -5.86 7.91 1.46 5.57
motor1 3.52 -20.80 -6.74 3.81 0.59 0.88
motor2 1.17 -20.51 -5.86 7.62 1.46 5.57
motor1 3.52 -11.13 -6.74 3.81 0.59 0.88
motor2 1.46 -10.25 -5.86 7.91 1.46 5.27
motor1 3.52 -3.22 -6.74 3.81 0.29 0.88
motor2 2.05 -1.46 -5.57 7.91 1.76 5.57
motor1 4.10 2.05 -4.69 3.81 0.59 0.88
motor2 2.05 2.05 -3.81 7.62 1.46 5.27
motor1 3.81 2.64 -4.10 3.81 0.88 0.88
motor2 2.34 2.05 -4.10 7.62 1.46 5.57
motor1 4.10 2.34 -4.10 3.81 0.59 0.88
motor2 1.76 2.05 -4.10 7.62 1.46 5.57
motor1 4.39 2.34 -4.39 3.81 0.59 0.88
motor2 1.76 2.05 -4.10 7.62 1.76 5.57
motor1 4.39 2.34 -4.69 3.81 0.59 0.88
motor2 1.76 2.05 -4.10 7.62 1.46 5.57
motor1 4.39 2.34 -4.69 3.81 0.59 0.88
motor2 1.76 2.05 -4.10 7.62 1.76 5.57
motor1 4.39 2.34 -4.69 3.81 0.29 0.88
motor2 1.76 2.05 -4.10 7.62 1.76 5.27
motor1 4.98 2.34 -4.69 3.81 0.88 0.88
motor2 1.76 2.05 -4.10 7.62 1.76 5.57
motor1 5.57 2.34 -4.39 2.64 0.59 0.88
motor2 0.29 2.05 -4.10 7.62 0.88 5.57
motor1 6.74 2.34 -4.69 2.05 -0.59 0.59
motor2 0.29 1.17 -4.10 7.62 -1.76 5.57
motor1 8.20 2.34 -4.69 1.17 -1.76 0.59
motor2 0.29 1.46 -4.10 7.91 -2.05 5.57
motor1 7.62 2.05 -4.98 1.46 0.59 0.59
motor2 0.29 1.46 -4.10 8.20 0.29 5.86
motor1 5.57 2.05 -5.57 3.81 0.59 0.59
motor2 0.59 0.88 -4.10 7.91 1.76 2.93
motor1 4.98 2.34 -6.74 3.81 0.29 0.59
motor2 0.29 0.29 -4.10 7.91 2.93 -6.15
motor1 5.27 2.34 -11.43 3.52 -2.05 0.59
motor2 1.17 -0.59 -4.10 9.67 3.22 -18.75
motor1 5.27 2.64 -20.80 2.34 -2.34 2.05
motor2 1.17 -0.29 -4.10 12.89 5.86 -32.52
motor1 5.57 2.64 -31.35 2.05 -3.81 2.93
motor2 0.29 -0.88 -4.10 17.29 7.62 -45.12
motor1 5.27 2.64 -41.60 2.05 -5.57 4.39
motor2 0.29 -1.17 -4.10 20.80 7.62 -57.13
motor1 5.57 2.93 -53.03 2.05 -7.32 4.39
motor2 0.29 -0.88 -4.10 22.27 7.62 -67.68
motor1 5.57 2.93 -63.57 2.64 -7.32 4.39
motor2 0.59 -1.17 -4.10 22.27 7.62 -77.05
motor1 5.57 2.64 -74.71 2.64 -7.03 4.39
motor2 0.88 -2.64 -3.81 21.97 4.98 -86.13
motor1 6.15 0.29 -83.50 2.64 -8.20 4.39
motor2 1.46 -6.74 -2.93 19.92 -0.29 -94.34
motor1 6.15 -0.29 -92.58 2.64 -10.84 4.69
motor2 3.22 -15.53 -1.76 17.29 -9.08 -101.66
motor1 5.27 -5.27 -100.78 2.34 -11.72 3.52
motor2 3.22 -17.58 -1.76 15.23 -18.16 -110.45
motor1 5.27 -11.43 -107.81 2.34 -12.01 3.52
motor2 2.93 -16.41 -1.76 14.94 -26.95 -119.24
motor1 5.27 -16.99 -115.43 2.34 -12.01 3.52
motor2 2.93 -15.82 -1.76 14.94 -34.28 -127.15
motor1 4.98 -25.20 -121.58 2.34 -12.01 3.52
motor2 2.34 -15.82 -1.76 14.94 -41.60 -132.42
motor1 4.69 -36.04 -128.03 3.22 -10.84 3.52
motor2 2.05 -15.53 -1.76 14.94 -49.22 -137.11
motor1 4.69 -46.29 -134.77 3.52 -9.96 2.93
motor2 1.76 -15.23 -1.76 14.94 -55.96 -141.80
motor1 4.39 -56.84 -141.21 3.81 -9.96 3.52
motor2 1.76 -15.23 -1.76 14.94 -58.01 -142.09
motor1 3.81 -62.11 -142.97 3.81 -9.96 3.52
motor2 1.76 -15.23 -1.76 14.65 -58.30 -142.09
motor1 3.81 -62.40 -142.97 3.81 -9.96 3.52
motor2 1.76 -15.23 -1.76 14.06 -58.30 -142.09
motor1 4.10 -61.52 -143.26 3.81 -9.96 3.52
motor2 1.76 -15.53 -1.76 15.53 -58.59 -142.09
motor1 4.39 -61.52 -142.97 3.81 -9.96 3.52
motor2 1.76 -15.23 -1.76 16.11 -58.30 -142.09
motor1 4.69 -61.52 -142.97 3.81 -9.96 3.52
motor2 1.76 -15.23 -1.76 16.11 -58.30 -142.09
motor1 4.69 -61.52 -142.97 3.81 -9.96 3.52
motor2 1.76 -15.53 -1.76 16.11 -58.30 -142.09
motor1 4.69 -61.52 -142.97 3.81 -9.96 3.52
motor2 1.76 -15.53 -1.76 15.82 -58.30 -142.09
motor1 4.69 -61.52 -142.97 3.81 -9.96 3.52
motor2 1.76 -15.53 -1.76 15.82 -58.30 -142.09
motor1 4.39 -61.52 -142.97 6.15 -10.84 1.76
motor2 -0.59 -15.53 -4.10 14.94 -58.59 -142.09
motor1 5.57 -61.52 -142.97 7.32 -11.43 -0.88
motor2 0.00 -14.65 -10.84 14.65 -58.30 -142.09
motor1 6.15 -61.52 -142.97 7.62 -11.13 -9.08
motor2 -1.46 -14.65 -22.56 14.65 -58.30 -142.09
motor1 6.15 -61.52 -142.97 9.67 -10.25 -19.63
motor2 -3.22 -12.60 -35.45 14.94 -58.30 -142.09
motor1 6.15 -61.52 -142.97 12.89 -9.96 -33.69
motor2 -2.93 -8.79 -48.05 14.65 -58.30 -142.09
motor1 5.27 -61.52 -142.97 15.53 -9.08 -46.88
motor2 -3.22 -6.74 -57.71 14.36 -58.30 -142.09
motor1 4.98 -61.23 -142.97 15.82 -9.08 -58.30
motor2 -2.34 -6.45 -64.75 14.36 -58.59 -142.09
motor1 4.69 -61.23 -142.97 15.82 -9.67 -65.62
motor2 -1.17 -6.74 -70.31 14.65 -58.59 -142.09
motor1 4.98 -61.23 -142.97 15.23 -11.13 -69.14
motor2 -1.17 -9.67 -71.78 14.65 -60.94 -142.38
motor1 4.69 -61.23 -142.97 15.82 -12.01 -72.36
motor2 -2.34 -9.96 -71.78 14.36 -62.40 -142.68
motor1 4.69 -61.23 -142.97 15.53 -12.89 -78.52
motor2 -3.81 -11.43 -72.66 14.36 -65.62 -142.68
motor1 4.69 -61.23 -142.97 14.36 -15.82 -86.72
motor2 -1.46 -14.65 -78.22 14.36 -69.14 -142.68
motor1 4.69 -61.23 -142.97 13.18 -19.34 -96.09
motor2 0.29 -19.34 -86.13 14.65 -71.78 -142.68
motor1 6.15 -61.23 -142.97 11.72 -23.44 -107.23
motor2 2.05 -25.20 -98.14 14.36 -72.95 -142.68
motor1 6.45 -61.52 -142.97 9.08 -27.25 -115.43
motor2 3.52 -31.35 -110.74 14.36 -74.12 -142.38
motor1 6.74 -62.40 -142.97 5.57 -31.35 -120.70
motor2 4.10 -37.79 -122.17 14.65 -74.41 -142.38
motor1 6.45 -62.40 -142.97 3.22 -35.45 -127.44
motor2 5.57 -42.77 -133.89 14.65 -74.41 -142.38
motor1 6.74 -62.40 -142.97 1.17 -40.14 -133.30
motor2 5.86 -48.05 -141.21 14.65 -74.41 -141.80
motor1 6.45 -62.70 -142.97 1.17 -44.82 -137.40
motor2 5.57 -51.86 -144.73 14.65 -74.41 -141.21
motor1 6.45 -63.28 -142.97 3.52 -46.29 -139.45
motor2 5.27 -52.73 -144.73 14.65 -74.41 -141.21
motor1 6.45 -63.57 -142.97 3.81 -46.88 -139.45
motor2 3.81 -53.03 -144.73 14.65 -74.41 -141.21
motor1 6.15 -63.57 -142.97 3.81 -46.88 -139.45
motor2 3.52 -53.32 -144.73 14.65 -74.41 -140.92
motor1 6.15 -63.57 -142.97 4.10 -46.88 -140.92
motor2 3.81 -53.03 -144.73 14.65 -74.41 -140.92
motor1 6.15 -63.57 -142.97 4.10 -46.88 -140.92
motor2 3.52 -53.32 -144.73 14.65 -74.41 -140.92
motor1 6.15 -63.57 -142.97 4.39 -46.58 -139.45
motor2 3.81 -53.32 -144.73 14.36 -75.00 -141.21
motor1 5.57 -63.87 -142.97 4.69 -46.88 -140.04
motor2 4.69 -52.73 -144.73 9.96 -74.12 -142.68
motor1 5.57 -63.87 -142.38 5.27 -48.34 -141.21
motor2 4.69 -52.44 -144.43 7.03 -72.07 -142.68
motor1 5.27 -63.57 -142.38 5.57 -50.10 -141.21
motor2 4.69 -52.44 -144.73 5.86 -71.19 -142.68
motor1 5.27 -63.57 -142.38 5.57 -51.86 -141.21
motor2 4.69 -52.44 -144.73 6.15 -71.48 -142.68
motor1 5.27 -63.87 -142.38 5.57 -51.86 -141.21
motor2 4.69 -53.03 -144.73 6.15 -72.36 -142.68
motor1 5.27 -64.16 -142.38 5.27 -51.86 -141.21
motor2 4.69 -53.03 -144.73 6.15 -72.36 -142.38
motor1 5.27 -65.04 -142.38 5.27 -51.86 -141.21
motor2 4.69 -53.03 -144.73 6.15 -72.36 -142.38
motor1 5.27 -65.04 -142.38 5.27 -51.86 -141.21
motor2 4.69 -53.03 -144.73 6.15 -72.66 -142.38
motor1 5.27 -65.04 -142.38 5.27 -52.15 -141.21
motor2 4.69 -53.03 -144.73 6.15 -72.36 -142.38
motor1 5.27 -65.04 -142.38 5.57 -51.86 -141.21
motor2 4.69 -53.03 -144.73 6.15 -72.36 -142.38
motor1 5.27 -65.04 -142.38 5.27 -52.15 -141.21
motor2 4.69 -53.03 -144.73 6.15 -72.66 -142.38
motor1 5.27 -65.04 -142.38 5.27 -51.86 -141.21
motor2 4.69 -53.03 -144.73 6.15 -72.66 -142.38
motor1 5.27 -65.04 -142.38 5.27 -52.15 -141.21
motor2 4.69 -53.03 -144.73 6.15 -72.36 -142.38
motor1 5.27 -65.04 -142.38 5.57 -52.15 -141.21
motor2 4.69 -53.03 -144.73 6.15 -72.36 -142.38
motor1 5.27 -65.04 -142.38 5.57 -52.15 -141.21
motor2 4.69 -53.03 -144.73 6.15 -72.66 -142.38
motor1 5.27 -65.04 -142.38 5.27 -52.15 -141.21
motor2 4.69 -53.03 -144.73 6.15 -72.66 -142.38
motor1 5.27 -65.04 -142.38 5.27 -51.86 -141.21
motor2 4.69 -53.03 -144.73 6.15 -72.66 -142.38
motor1 5.27 -65.04 -142.38 5.57 -52.15 -141.21
motor2 4.98 -53.03 -144.73 6.15 -72.36 -142.38
motor1 5.27 -65.04 -142.38 5.27 -52.15 -141.21
motor2 4.98 -53.03 -144.73 6.15 -72.36 -142.38
motor1 5.27 -65.04 -142.38 5.27 -52.15 -141.80
motor2 4.69 -53.03 -144.73 6.15 -72.66 -142.38
motor1 5.27 -65.04 -142.38 5.27 -51.86 -141.21
motor2 4.69 -53.03 -144.73 6.15 -72.36 -142.38
motor1 5.27 -65.04 -142.38 5.57 -51.86 -141.21
motor2 4.69 -53.03 -144.73 6.15 -72.36 -142.38
motor1 5.27 -65.04 -142.38 5.27 -52.15 -141.21
motor2 4.69 -53.03 -144.73 6.15 -72.36 -142.38
motor1 5.27 -65.04 -142.38 5.57 -51.86 -141.21
motor2 4.69 -53.03 -144.73 6.15 -72.36 -142.38
motor1 5.27 -65.04 -142.38 5.57 -52.15 -141.21
motor2 4.69 -53.03 -144.73 6.15 -72.66 -142.38
motor1 5.27 -65.04 -142.38 5.27 -51.86 -141.21
motor2 4.69 -53.03 -144.73 6.15 -72.66 -142.38
motor1 5.27 -65.04 -142.38 5.57 -51.86 -141.21
motor2 4.98 -53.03 -144.73 6.15 -72.66 -142.38
