specialmove
motor 1.84 -34.56 -82.33 -1.57 -46.86 -94.87 9.16 -32.09 -77.97 -1.64 -44.0 -102.12
motor 1.84 -34.47 -82.09 -1.58 -46.93 -94.85 9.1 -32.15 -77.62 -1.72 -44.14 -101.79
motor 1.85 -34.37 -81.86 -1.6 -47.01 -94.84 9.04 -32.2 -77.26 -1.79 -44.28 -101.46
motor 1.85 -34.27 -81.62 -1.61 -47.08 -94.82 8.99 -32.25 -76.9 -1.87 -44.41 -101.14
motor 1.85 -34.17 -81.38 -1.62 -47.15 -94.8 8.93 -32.3 -76.55 -1.95 -44.54 -100.82
motor 1.85 -34.08 -81.13 -1.63 -47.22 -94.78 8.88 -32.34 -76.19 -2.02 -44.66 -100.49
motor 1.86 -33.98 -80.89 -1.65 -47.29 -94.75 8.82 -32.38 -75.83 -2.09 -44.78 -100.17
motor 1.86 -33.88 -80.64 -1.66 -47.35 -94.72 8.77 -32.41 -75.47 -2.16 -44.9 -99.85
motor 1.86 -33.78 -80.4 -1.67 -47.41 -94.69 8.72 -32.44 -75.11 -2.23 -45.01 -99.54
motor 1.86 -33.68 -80.15 -1.68 -47.47 -94.66 8.67 -32.47 -74.76 -2.3 -45.11 -99.22
motor 1.87 -33.58 -79.9 -1.69 -47.53 -94.62 8.61 -32.49 -74.4 -2.36 -45.22 -98.91
motor 1.87 -33.48 -79.64 -1.7 -47.59 -94.58 8.57 -32.5 -74.04 -2.43 -45.31 -98.59
motor 1.87 -33.38 -79.39 -1.71 -47.64 -94.54 8.52 -32.52 -73.68 -2.49 -45.41 -98.28
motor 1.87 -33.27 -79.13 -1.72 -47.69 -94.5 8.47 -32.52 -73.32 -2.55 -45.49 -97.97
motor 1.88 -33.17 -78.88 -1.73 -47.74 -94.46 8.42 -32.53 -72.96 -2.61 -45.58 -97.66
motor 1.88 -33.07 -78.62 -1.74 -47.79 -94.41 8.37 -32.53 -72.6 -2.67 -45.66 -97.35
motor 1.88 -32.97 -78.36 -1.75 -47.83 -94.36 8.33 -32.53 -72.24 -2.72 -45.74 -97.04
motor 1.88 -32.86 -78.1 -1.76 -47.88 -94.31 8.28 -32.52 -71.89 -2.78 -45.81 -96.73
motor 1.89 -32.76 -77.84 -1.77 -47.92 -94.25 8.24 -32.51 -71.53 -2.83 -45.88 -96.43
motor 1.89 -32.65 -77.57 -1.78 -47.96 -94.2 8.19 -32.5 -71.17 -2.89 -45.94 -96.12
motor 1.89 -32.55 -77.31 -1.79 -48.0 -94.14 8.15 -32.48 -70.81 -2.94 -46.0 -95.82
motor 1.89 -32.45 -77.04 -1.8 -48.03 -94.08 8.11 -32.46 -70.45 -2.99 -46.06 -95.52
motor 1.89 -32.34 -76.77 -1.81 -48.07 -94.02 8.07 -32.43 -70.09 -3.04 -46.11 -95.22
motor 1.89 -32.23 -76.5 -1.82 -48.1 -93.95 8.03 -32.41 -69.73 -3.09 -46.16 -94.92
motor 1.9 -32.13 -76.23 -1.83 -48.13 -93.88 7.99 -32.38 -69.38 -3.13 -46.21 -94.62
motor 1.9 -32.02 -75.96 -1.84 -48.16 -93.81 7.95 -32.34 -69.02 -3.18 -46.25 -94.32
motor 1.9 -31.92 -75.69 -1.84 -48.18 -93.74 7.91 -32.3 -68.66 -3.22 -46.29 -94.02
motor 1.9 -31.81 -75.42 -1.85 -48.21 -93.67 7.87 -32.26 -68.3 -3.27 -46.32 -93.73
motor 1.9 -31.7 -75.14 -1.86 -48.23 -93.59 7.83 -32.22 -67.94 -3.31 -46.36 -93.44
motor 1.91 -31.59 -74.87 -1.87 -48.25 -93.51 7.79 -32.17 -67.59 -3.35 -46.38 -93.14
motor 1.91 -31.48 -74.59 -1.88 -48.27 -93.43 7.76 -32.12 -67.23 -3.39 -46.41 -92.85
motor 1.91 -31.38 -74.31 -1.88 -48.29 -93.35 7.72 -32.06 -66.87 -3.43 -46.43 -92.56
motor 1.91 -31.27 -74.03 -1.89 -48.3 -93.27 7.69 -32.01 -66.51 -3.46 -46.45 -92.27
motor 1.91 -31.16 -73.75 -1.9 -48.31 -93.18 7.65 -31.95 -66.16 -3.5 -46.46 -91.98
motor 1.91 -31.05 -73.47 -1.9 -48.33 -93.09 7.62 -31.88 -65.8 -3.54 -46.47 -91.69
motor 1.91 -30.94 -73.19 -1.91 -48.34 -93.0 7.59 -31.82 -65.44 -3.57 -46.48 -91.4
motor 1.92 -30.83 -72.91 -1.92 -48.34 -92.91 7.55 -31.75 -65.09 -3.61 -46.49 -91.12
motor 1.92 -30.72 -72.63 -1.93 -48.35 -92.82 7.52 -31.68 -64.73 -3.64 -46.49 -90.83
motor 1.92 -30.61 -72.34 -1.93 -48.35 -92.72 7.49 -31.6 -64.38 -3.67 -46.49 -90.55
motor 1.92 -30.5 -72.06 -1.94 -48.36 -92.63 7.46 -31.52 -64.02 -3.7 -46.48 -90.27
motor 1.92 -30.39 -71.77 -1.94 -48.36 -92.53 7.43 -31.44 -63.67 -3.73 -46.48 -89.98
motor 1.92 -30.28 -71.48 -1.95 -48.36 -92.42 7.4 -31.36 -63.31 -3.76 -46.47 -89.7
motor 1.92 -30.17 -71.2 -1.96 -48.36 -92.32 7.37 -31.28 -62.96 -3.79 -46.45 -89.42
motor 1.92 -30.05 -70.91 -1.96 -48.35 -92.21 7.34 -31.19 -62.61 -3.81 -46.44 -89.14
motor 1.93 -29.94 -70.62 -1.97 -48.35 -92.11 7.31 -31.1 -62.25 -3.84 -46.42 -88.86
motor 1.93 -29.83 -70.33 -1.97 -48.34 -92.0 7.28 -31.0 -61.9 -3.87 -46.39 -88.59
motor 1.93 -29.72 -70.04 -1.98 -48.33 -91.89 7.26 -30.91 -61.55 -3.89 -46.37 -88.31
motor 1.93 -29.6 -69.75 -1.99 -48.32 -91.77 7.23 -30.81 -61.2 -3.92 -46.34 -88.03
motor 1.93 -29.49 -69.46 -1.99 -48.31 -91.66 7.2 -30.71 -60.85 -3.94 -46.31 -87.76
motor 1.93 -29.38 -69.17 -2.0 -48.3 -91.54 7.18 -30.61 -60.5 -3.96 -46.28 -87.49
motor 1.93 -29.27 -68.87 -2.0 -48.28 -91.43 7.15 -30.5 -60.15 -3.98 -46.24 -87.21
motor 1.93 -29.15 -68.58 -2.01 -48.26 -91.31 7.13 -30.39 -59.8 -4.0 -46.21 -86.94
motor 1.93 -29.04 -68.29 -2.01 -48.25 -91.18 7.1 -30.28 -59.45 -4.02 -46.16 -86.67
motor 1.93 -28.92 -67.99 -2.02 -48.23 -91.06 7.08 -30.17 -59.1 -4.04 -46.12 -86.4
motor 1.94 -28.81 -67.7 -2.02 -48.2 -90.94 7.06 -30.06 -58.75 -4.06 -46.08 -86.13
motor 1.94 -28.7 -67.4 -2.03 -48.18 -90.81 7.03 -29.94 -58.4 -4.08 -46.03 -85.86
motor 1.94 -28.58 -67.11 -2.03 -48.16 -90.68 7.01 -29.82 -58.05 -4.1 -45.98 -85.59
motor 1.94 -28.47 -66.81 -2.04 -48.13 -90.55 6.99 -29.7 -57.71 -4.12 -45.92 -85.32
motor 1.94 -28.35 -66.51 -2.04 -48.1 -90.42 6.97 -29.58 -57.36 -4.13 -45.87 -85.06
motor 1.94 -28.24 -66.22 -2.05 -48.08 -90.29 6.95 -29.46 -57.02 -4.15 -45.81 -84.79
motor 1.94 -28.12 -65.92 -2.05 -48.05 -90.15 6.92 -29.33 -56.67 -4.16 -45.75 -84.53
motor 1.94 -28.01 -65.62 -2.05 -48.01 -90.02 6.9 -29.2 -56.33 -4.18 -45.69 -84.26
motor 1.94 -27.89 -65.33 -2.06 -47.98 -89.88 6.88 -29.07 -55.98 -4.19 -45.62 -84.0
motor 1.94 -27.78 -65.03 -2.06 -47.95 -89.74 6.86 -28.94 -55.64 -4.2 -45.56 -83.74
motor 1.94 -27.66 -64.73 -2.07 -47.91 -89.6 6.84 -28.81 -55.3 -4.22 -45.49 -83.47
motor 1.94 -27.55 -64.43 -2.07 -47.87 -89.45 6.82 -28.67 -54.96 -4.23 -45.42 -83.21
motor 1.94 -27.43 -64.13 -2.07 -47.83 -89.31 6.81 -28.53 -54.62 -4.24 -45.34 -82.95
motor 1.94 -27.32 -63.83 -2.08 -47.79 -89.16 6.79 -28.39 -54.28 -4.25 -45.27 -82.69
motor 1.94 -27.2 -63.53 -2.08 -47.75 -89.02 6.77 -28.25 -53.94 -4.27 -45.19 -82.43
motor 1.94 -27.08 -63.23 -2.09 -47.71 -88.87 6.75 -28.11 -53.6 -4.28 -45.11 -82.18
motor 1.94 -26.97 -62.93 -2.09 -47.66 -88.72 6.73 -27.97 -53.26 -4.29 -45.03 -81.92
motor 1.94 -26.85 -62.63 -2.09 -47.62 -88.56 6.72 -27.82 -52.92 -4.3 -44.95 -81.66
motor 1.94 -26.73 -62.33 -2.1 -47.57 -88.41 6.7 -27.67 -52.58 -4.31 -44.86 -81.41
motor 1.94 -26.62 -62.03 -2.1 -47.52 -88.26 6.68 -27.53 -52.25 -4.31 -44.77 -81.15
motor 1.94 -26.5 -61.73 -2.1 -47.47 -88.1 6.67 -27.37 -51.91 -4.32 -44.69 -80.89
motor 1.94 -26.39 -61.43 -2.11 -47.42 -87.94 6.65 -27.22 -51.58 -4.33 -44.6 -80.64
motor 1.94 -26.27 -61.13 -2.11 -47.37 -87.78 6.63 -27.07 -51.24 -4.34 -44.5 -80.39
motor 1.95 -26.15 -60.83 -2.11 -47.32 -87.62 6.62 -26.92 -50.91 -4.35 -44.41 -80.13
motor 1.95 -26.04 -60.53 -2.12 -47.26 -87.46 6.6 -26.76 -50.58 -4.35 -44.31 -79.88
motor 1.95 -25.92 -60.23 -2.12 -47.21 -87.3 6.59 -26.6 -50.25 -4.36 -44.22 -79.63
motor 1.95 -25.8 -59.93 -2.12 -47.15 -87.14 6.57 -26.45 -49.92 -4.37 -44.12 -79.38
motor 1.95 -25.69 -59.63 -2.12 -47.09 -86.97 6.56 -26.29 -49.59 -4.37 -44.02 -79.13
motor 1.95 -25.57 -59.33 -2.13 -47.03 -86.8 6.54 -26.13 -49.26 -4.38 -43.91 -78.88
motor 1.95 -25.45 -59.03 -2.13 -46.97 -86.63 6.53 -25.96 -48.93 -4.39 -43.81 -78.63
motor 1.95 -25.33 -58.73 -2.13 -46.91 -86.46 6.52 -25.8 -48.6 -4.39 -43.7 -78.38
motor 1.95 -25.22 -58.43 -2.14 -46.85 -86.29 6.5 -25.64 -48.28 -4.4 -43.6 -78.13
motor 1.95 -25.1 -58.13 -2.14 -46.78 -86.12 6.49 -25.47 -47.95 -4.4 -43.49 -77.89
motor 1.95 -24.98 -57.83 -2.14 -46.72 -85.95 6.48 -25.3 -47.62 -4.41 -43.38 -77.64
motor 1.94 -24.87 -57.53 -2.14 -46.65 -85.77 6.46 -25.14 -47.3 -4.41 -43.27 -77.39
motor 1.94 -24.75 -57.23 -2.15 -46.58 -85.6 6.45 -24.97 -46.98 -4.42 -43.15 -77.15
motor 1.94 -24.63 -56.93 -2.15 -46.52 -85.42 6.44 -24.8 -46.65 -4.42 -43.04 -76.9
motor 1.94 -24.52 -56.63 -2.15 -46.45 -85.24 6.43 -24.63 -46.33 -4.43 -42.92 -76.66
motor 1.94 -24.4 -56.33 -2.16 -46.37 -85.06 6.41 -24.46 -46.01 -4.43 -42.81 -76.41
motor 1.94 -24.28 -56.03 -2.16 -46.3 -84.88 6.4 -24.28 -45.69 -4.44 -42.69 -76.17
motor 1.94 -24.16 -55.74 -2.16 -46.23 -84.7 6.39 -24.11 -45.37 -4.44 -42.57 -75.93
motor 1.94 -24.05 -55.44 -2.16 -46.16 -84.52 6.38 -23.94 -45.06 -4.44 -42.45 -75.69
motor 1.94 -23.93 -55.14 -2.17 -46.08 -84.33 6.37 -23.76 -44.74 -4.45 -42.33 -75.44
motor 1.94 -23.81 -54.84 -2.17 -46.0 -84.15 6.35 -23.59 -44.42 -4.45 -42.2 -75.2
motor 1.94 -23.7 -54.54 -2.17 -45.93 -83.96 6.34 -23.41 -44.11 -4.45 -42.08 -74.96
motor 1.94 -23.58 -54.25 -2.17 -45.85 -83.77 6.33 -23.23 -43.79 -4.46 -41.96 -74.72
motor 1.94 -23.46 -53.95 -2.18 -45.77 -83.59 6.32 -23.05 -43.48 -4.46 -41.83 -74.48
motor 1.94 -23.35 -53.65 -2.18 -45.69 -83.4 6.31 -22.88 -43.17 -4.46 -41.7 -74.24
motor 1.94 -23.23 -53.36 -2.18 -45.61 -83.2 6.3 -22.7 -42.86 -4.47 -41.57 -74.0
motor 1.94 -23.11 -53.06 -2.18 -45.52 -83.01 6.29 -22.52 -42.55 -4.47 -41.44 -73.77
motor 1.94 -23.0 -52.76 -2.19 -45.44 -82.82 6.28 -22.34 -42.24 -4.47 -41.31 -73.53
motor 1.94 -22.88 -52.47 -2.19 -45.36 -82.63 6.27 -22.15 -41.93 -4.48 -41.18 -73.29
motor 1.94 -22.76 -52.18 -2.19 -45.27 -82.43 6.26 -21.97 -41.62 -4.48 -41.05 -73.05
motor 1.94 -22.65 -51.88 -2.19 -45.19 -82.24 6.25 -21.79 -41.31 -4.48 -40.91 -72.82
motor 1.94 -22.53 -51.59 -2.2 -45.1 -82.04 6.23 -21.61 -41.01 -4.49 -40.78 -72.58
motor 1.94 -22.41 -51.29 -2.2 -45.01 -81.84 6.22 -21.42 -40.7 -4.49 -40.64 -72.34
motor 1.94 -22.3 -51.0 -2.2 -44.92 -81.64 6.21 -21.24 -40.4 -4.5 -40.51 -72.11
motor 1.94 -22.18 -50.71 -2.2 -44.83 -81.44 6.2 -21.06 -40.1 -4.5 -40.37 -71.88
motor 1.94 -22.07 -50.42 -2.21 -44.74 -81.24 6.19 -20.87 -39.8 -4.5 -40.23 -71.64
motor 1.94 -21.95 -50.12 -2.21 -44.65 -81.04 6.18 -20.69 -39.5 -4.51 -40.09 -71.41
motor 1.93 -21.83 -49.83 -2.21 -44.56 -80.84 6.17 -20.5 -39.2 -4.51 -39.95 -71.17
motor 1.93 -21.72 -49.54 -2.21 -44.46 -80.63 6.16 -20.32 -38.9 -4.51 -39.81 -70.94
motor 1.93 -21.6 -49.25 -2.22 -44.37 -80.43 6.15 -20.13 -38.6 -4.52 -39.67 -70.71
motor 1.93 -21.49 -48.96 -2.22 -44.27 -80.22 6.14 -19.94 -38.3 -4.52 -39.53 -70.48
motor 1.93 -21.37 -48.67 -2.22 -44.18 -80.02 6.13 -19.76 -38.01 -4.53 -39.39 -70.24
motor 1.93 -21.26 -48.38 -2.23 -44.08 -79.81 6.12 -19.57 -37.71 -4.53 -39.25 -70.01
motor 1.93 -21.14 -48.1 -2.23 -43.98 -79.6 6.11 -19.38 -37.42 -4.54 -39.1 -69.78
motor 1.93 -21.03 -47.81 -2.23 -43.88 -79.4 6.1 -19.19 -37.13 -4.54 -38.96 -69.55
motor 1.93 -20.91 -47.52 -2.23 -43.79 -79.19 6.09 -19.01 -36.84 -4.55 -38.81 -69.32
motor 1.93 -20.8 -47.24 -2.24 -43.69 -78.98 6.08 -18.82 -36.55 -4.55 -38.67 -69.09
motor 1.93 -20.68 -46.95 -2.24 -43.58 -78.76 6.07 -18.63 -36.26 -4.56 -38.52 -68.86
motor 1.93 -20.57 -46.67 -2.24 -43.48 -78.55 6.06 -18.44 -35.97 -4.56 -38.37 -68.63
motor 1.93 -20.45 -46.38 -2.25 -43.38 -78.34 6.05 -18.25 -35.68 -4.57 -38.23 -68.4
motor 1.93 -20.34 -46.1 -2.25 -43.28 -78.13 6.04 -18.06 -35.4 -4.57 -38.08 -68.18
motor 1.92 -20.22 -45.81 -2.25 -43.17 -77.91 6.03 -17.88 -35.11 -4.58 -37.93 -67.95
motor 1.92 -20.11 -45.53 -2.25 -43.07 -77.7 6.02 -17.69 -34.83 -4.59 -37.78 -67.72
motor 1.92 -20.0 -45.25 -2.26 -42.96 -77.48 6.01 -17.5 -34.54 -4.59 -37.63 -67.49
motor 1.92 -19.88 -44.97 -2.26 -42.86 -77.26 6.0 -17.31 -34.26 -4.6 -37.48 -67.27
motor 1.92 -19.77 -44.69 -2.26 -42.75 -77.05 5.99 -17.12 -33.98 -4.61 -37.33 -67.04
motor 1.92 -19.66 -44.41 -2.27 -42.64 -76.83 5.98 -16.93 -33.7 -4.61 -37.18 -66.81
motor 1.92 -19.54 -44.13 -2.27 -42.54 -76.61 5.97 -16.74 -33.42 -4.62 -37.03 -66.59
motor 1.92 -19.43 -43.85 -2.27 -42.43 -76.39 5.96 -16.55 -33.15 -4.63 -36.88 -66.36
motor 1.92 -19.32 -43.58 -2.28 -42.32 -76.17 5.95 -16.37 -32.87 -4.64 -36.73 -66.14
motor 1.92 -19.2 -43.3 -2.28 -42.21 -75.95 5.94 -16.18 -32.6 -4.65 -36.58 -65.91
motor 1.92 -19.09 -43.02 -2.28 -42.1 -75.73 5.93 -15.99 -32.32 -4.65 -36.43 -65.69
motor 1.91 -18.98 -42.75 -2.29 -41.99 -75.51 5.92 -15.8 -32.05 -4.66 -36.27 -65.46
motor 1.91 -18.87 -42.47 -2.29 -41.87 -75.29 5.91 -15.61 -31.78 -4.67 -36.12 -65.24
motor 1.91 -18.76 -42.2 -2.3 -41.76 -75.06 5.9 -15.42 -31.51 -4.68 -35.97 -65.02
motor 1.91 -18.64 -41.93 -2.3 -41.65 -74.84 5.89 -15.24 -31.24 -4.69 -35.81 -64.79
motor 1.91 -18.53 -41.65 -2.3 -41.54 -74.61 5.88 -15.05 -30.97 -4.7 -35.66 -64.57
motor 1.91 -18.42 -41.38 -2.31 -41.42 -74.39 5.87 -14.86 -30.7 -4.71 -35.51 -64.35
motor 1.91 -18.31 -41.11 -2.31 -41.31 -74.16 5.85 -14.67 -30.44 -4.72 -35.35 -64.12
motor 1.91 -18.2 -40.84 -2.32 -41.19 -73.94 5.84 -14.49 -30.17 -4.74 -35.2 -63.9
motor 1.91 -18.09 -40.57 -2.32 -41.08 -73.71 5.83 -14.3 -29.91 -4.75 -35.05 -63.68
motor 1.91 -17.98 -40.31 -2.32 -40.96 -73.48 5.82 -14.11 -29.64 -4.76 -34.89 -63.46
motor 1.91 -17.87 -40.04 -2.33 -40.84 -73.26 5.81 -13.93 -29.38 -4.77 -34.74 -63.24
motor 1.9 -17.76 -39.77 -2.33 -40.72 -73.03 5.8 -13.74 -29.12 -4.79 -34.58 -63.02
motor 1.9 -17.65 -39.51 -2.34 -40.61 -72.8 5.78 -13.56 -28.86 -4.8 -34.43 -62.8
motor 1.9 -17.54 -39.24 -2.34 -40.49 -72.57 5.77 -13.37 -28.6 -4.81 -34.27 -62.57
motor 1.9 -17.43 -38.98 -2.35 -40.37 -72.34 5.76 -13.19 -28.35 -4.83 -34.12 -62.35
motor 1.9 -17.32 -38.72 -2.35 -40.25 -72.11 5.75 -13.0 -28.09 -4.84 -33.96 -62.13
motor 1.9 -17.21 -38.45 -2.35 -40.13 -71.88 5.73 -12.82 -27.84 -4.86 -33.81 -61.91
motor 1.9 -17.1 -38.19 -2.36 -40.01 -71.65 5.72 -12.63 -27.58 -4.87 -33.66 -61.69
motor 1.9 -16.99 -37.93 -2.36 -39.89 -71.42 5.71 -12.45 -27.33 -4.89 -33.5 -61.48
motor 1.9 -16.89 -37.67 -2.37 -39.76 -71.18 5.69 -12.27 -27.08 -4.9 -33.35 -61.26
motor 1.89 -16.78 -37.41 -2.37 -39.64 -70.95 5.68 -12.08 -26.83 -4.92 -33.19 -61.04
motor 1.89 -16.67 -37.16 -2.38 -39.52 -70.72 5.67 -11.9 -26.58 -4.94 -33.04 -60.82
motor 1.89 -16.56 -36.9 -2.38 -39.4 -70.48 5.65 -11.72 -26.33 -4.95 -32.88 -60.6
motor 1.89 -16.45 -36.65 -2.39 -39.27 -70.25 5.64 -11.54 -26.08 -4.97 -32.73 -60.38
motor 1.89 -16.35 -36.39 -2.4 -39.15 -70.02 5.63 -11.36 -25.84 -4.99 -32.57 -60.17
motor 1.89 -16.24 -36.14 -2.4 -39.03 -69.78 5.61 -11.18 -25.59 -5.01 -32.42 -59.95
motor 1.89 -16.13 -35.88 -2.41 -38.9 -69.55 5.6 -11.0 -25.35 -5.03 -32.27 -59.73
motor 1.89 -16.03 -35.63 -2.41 -38.78 -69.31 5.58 -10.82 -25.11 -5.05 -32.11 -59.51
motor 1.89 -15.92 -35.38 -2.42 -38.65 -69.08 5.57 -10.64 -24.87 -5.07 -31.96 -59.3
motor 1.89 -15.82 -35.13 -2.42 -38.52 -68.84 5.55 -10.46 -24.63 -5.09 -31.8 -59.08
motor 1.88 -15.71 -34.88 -2.43 -38.4 -68.6 5.54 -10.28 -24.39 -5.11 -31.65 -58.86
motor 1.88 -15.61 -34.63 -2.44 -38.27 -68.37 5.52 -10.11 -24.15 -5.13 -31.5 -58.65
motor 1.88 -15.5 -34.39 -2.44 -38.15 -68.13 5.51 -9.93 -23.91 -5.15 -31.34 -58.43
motor 1.88 -15.4 -34.14 -2.45 -38.02 -67.89 5.49 -9.76 -23.68 -5.17 -31.19 -58.21
motor 1.88 -15.29 -33.9 -2.45 -37.89 -67.65 5.48 -9.58 -23.44 -5.2 -31.04 -58.0
motor 1.88 -15.19 -33.65 -2.46 -37.76 -67.41 5.46 -9.41 -23.21 -5.22 -30.89 -57.78
motor 1.88 -15.09 -33.41 -2.47 -37.63 -67.18 5.44 -9.23 -22.98 -5.25 -30.73 -57.57
motor 1.88 -14.98 -33.17 -2.47 -37.51 -66.94 5.43 -9.06 -22.75 -5.27 -30.58 -57.35
motor 1.88 -14.88 -32.93 -2.48 -37.38 -66.7 5.41 -8.89 -22.52 -5.3 -30.43 -57.14
motor 1.87 -14.78 -32.69 -2.49 -37.25 -66.46 5.39 -8.71 -22.29 -5.32 -30.28 -56.92
motor 1.87 -14.67 -32.45 -2.5 -37.12 -66.22 5.37 -8.54 -22.06 -5.35 -30.13 -56.71
motor 1.87 -14.57 -32.21 -2.5 -36.99 -65.98 5.36 -8.37 -21.84 -5.37 -29.98 -56.49
motor 1.87 -14.47 -31.97 -2.51 -36.86 -65.74 5.34 -8.2 -21.61 -5.4 -29.83 -56.28
motor 1.87 -14.37 -31.74 -2.52 -36.73 -65.5 5.32 -8.03 -21.39 -5.43 -29.68 -56.07
motor 1.87 -14.27 -31.5 -2.52 -36.6 -65.26 5.3 -7.87 -21.16 -5.46 -29.53 -55.85
motor 1.87 -14.16 -31.27 -2.53 -36.47 -65.02 5.28 -7.7 -20.94 -5.49 -29.38 -55.64
motor 1.87 -14.06 -31.04 -2.54 -36.34 -64.78 5.26 -7.53 -20.72 -5.52 -29.23 -55.43
motor 1.87 -13.96 -30.8 -2.55 -36.2 -64.54 5.25 -7.36 -20.5 -5.55 -29.08 -55.21
motor 1.86 -13.86 -30.57 -2.56 -36.07 -64.3 5.23 -7.2 -20.29 -5.58 -28.93 -55.0
motor 1.86 -13.76 -30.34 -2.56 -35.94 -64.05 5.21 -7.03 -20.07 -5.61 -28.78 -54.79
motor 1.86 -13.66 -30.12 -2.57 -35.81 -63.81 5.19 -6.87 -19.85 -5.64 -28.64 -54.57
motor 1.86 -13.57 -29.89 -2.58 -35.68 -63.57 5.17 -6.71 -19.64 -5.67 -28.49 -54.36
motor 1.86 -13.47 -29.66 -2.59 -35.54 -63.33 5.15 -6.55 -19.42 -5.7 -28.34 -54.15
motor 1.86 -13.37 -29.44 -2.6 -35.41 -63.09 5.12 -6.38 -19.21 -5.74 -28.2 -53.94
motor 1.86 -13.27 -29.21 -2.61 -35.28 -62.84 5.1 -6.22 -19.0 -5.77 -28.05 -53.73
motor 1.86 -13.17 -28.99 -2.62 -35.14 -62.6 5.08 -6.06 -18.79 -5.8 -27.9 -53.51
motor 1.86 -13.07 -28.77 -2.62 -35.01 -62.36 5.06 -5.9 -18.58 -5.84 -27.76 -53.3
motor 1.86 -12.98 -28.55 -2.63 -34.88 -62.12 5.04 -5.75 -18.37 -5.88 -27.62 -53.09
motor 1.85 -12.88 -28.33 -2.64 -34.74 -61.87 5.02 -5.59 -18.17 -5.91 -27.47 -52.88
motor 1.85 -12.78 -28.11 -2.65 -34.61 -61.63 4.99 -5.43 -17.96 -5.95 -27.33 -52.67
motor 1.85 -12.69 -27.89 -2.66 -34.48 -61.39 4.97 -5.28 -17.76 -5.99 -27.18 -52.46
motor 1.85 -12.59 -27.67 -2.67 -34.34 -61.14 4.95 -5.12 -17.55 -6.02 -27.04 -52.25
motor 1.85 -12.5 -27.46 -2.68 -34.21 -60.9 4.92 -4.97 -17.35 -6.06 -26.9 -52.04
motor 1.85 -12.4 -27.25 -2.69 -34.07 -60.66 4.9 -4.81 -17.15 -6.1 -26.76 -51.83
motor 1.85 -12.31 -27.03 -2.7 -33.94 -60.42 4.88 -4.66 -16.95 -6.14 -26.62 -51.62
motor 1.85 -12.21 -26.82 -2.71 -33.81 -60.17 4.85 -4.51 -16.75 -6.18 -26.48 -51.41
motor 1.85 -12.12 -26.61 -2.72 -33.67 -59.93 4.83 -4.36 -16.56 -6.22 -26.34 -51.2
motor 1.85 -12.02 -26.4 -2.73 -33.54 -59.69 4.8 -4.21 -16.36 -6.26 -26.2 -50.99
motor 1.84 -11.93 -26.19 -2.74 -33.4 -59.44 4.78 -4.06 -16.16 -6.31 -26.06 -50.78
motor 1.84 -11.84 -25.98 -2.75 -33.27 -59.2 4.75 -3.92 -15.97 -6.35 -25.92 -50.57
motor 1.84 -11.74 -25.78 -2.76 -33.13 -58.95 4.73 -3.77 -15.78 -6.39 -25.78 -50.36
motor 1.84 -11.65 -25.57 -2.78 -33.0 -58.71 4.7 -3.62 -15.58 -6.44 -25.65 -50.15
motor 1.84 -11.56 -25.37 -2.79 -32.86 -58.47 4.67 -3.48 -15.39 -6.48 -25.51 -49.94
motor 1.84 -11.47 -25.16 -2.8 -32.73 -58.22 4.65 -3.33 -15.2 -6.53 -25.37 -49.73
motor 1.84 -11.38 -24.96 -2.81 -32.59 -57.98 4.62 -3.19 -15.02 -6.57 -25.24 -49.52
motor 1.84 -11.29 -24.76 -2.82 -32.46 -57.74 4.59 -3.05 -14.83 -6.62 -25.1 -49.31
motor 1.84 -11.19 -24.56 -2.83 -32.32 -57.49 4.56 -2.91 -14.64 -6.67 -24.97 -49.1
motor 1.84 -11.1 -24.36 -2.84 -32.19 -57.25 4.53 -2.77 -14.46 -6.71 -24.84 -48.9
motor 1.84 -11.01 -24.17 -2.86 -32.05 -57.01 4.51 -2.63 -14.27 -6.76 -24.7 -48.69
motor 1.83 -10.92 -23.97 -2.87 -31.92 -56.76 4.48 -2.49 -14.09 -6.81 -24.57 -48.48
motor 1.83 -10.84 -23.77 -2.88 -31.78 -56.52 4.45 -2.36 -13.91 -6.86 -24.44 -48.27
motor 1.83 -10.75 -23.58 -2.89 -31.64 -56.28 4.42 -2.22 -13.73 -6.91 -24.31 -48.06
motor 1.83 -10.66 -23.39 -2.91 -31.51 -56.03 4.39 -2.08 -13.55 -6.96 -24.18 -47.86
motor 1.83 -10.57 -23.2 -2.92 -31.37 -55.79 4.36 -1.95 -13.37 -7.01 -24.05 -47.65
motor 1.83 -10.48 -23.01 -2.93 -31.24 -55.55 4.33 -1.82 -13.19 -7.07 -23.92 -47.44
motor 1.83 -10.4 -22.82 -2.95 -31.1 -55.31 4.3 -1.69 -13.01 -7.12 -23.79 -47.23
motor 1.83 -10.31 -22.63 -2.96 -30.97 -55.06 4.27 -1.55 -12.84 -7.17 -23.67 -47.03
motor 1.83 -10.22 -22.44 -2.97 -30.83 -54.82 4.23 -1.43 -12.66 -7.23 -23.54 -46.82
motor 1.83 -10.14 -22.26 -2.99 -30.7 -54.58 4.2 -1.3 -12.49 -7.28 -23.41 -46.61
motor 1.83 -10.05 -22.07 -3.0 -30.56 -54.34 4.17 -1.17 -12.32 -7.34 -23.29 -46.41
motor 1.83 -9.96 -21.89 -3.01 -30.43 -54.09 4.14 -1.04 -12.15 -7.39 -23.16 -46.2
motor 1.83 -9.88 -21.7 -3.03 -30.29 -53.85 4.1 -0.92 -11.98 -7.45 -23.04 -45.99
motor 1.82 -9.79 -21.52 -3.04 -30.16 -53.61 4.07 -0.79 -11.81 -7.51 -22.91 -45.79
motor 1.82 -9.71 -21.34 -3.06 -30.02 -53.37 4.04 -0.67 -11.64 -7.56 -22.79 -45.58
motor 1.82 -9.63 -21.16 -3.07 -29.89 -53.13 4.0 -0.54 -11.48 -7.62 -22.67 -45.38
motor 1.82 -9.54 -20.99 -3.09 -29.75 -52.88 3.97 -0.42 -11.31 -7.68 -22.55 -45.17
motor 1.82 -9.46 -20.81 -3.1 -29.62 -52.64 3.93 -0.3 -11.15 -7.74 -22.43 -44.96
motor 1.82 -9.38 -20.63 -3.12 -29.48 -52.4 3.9 -0.18 -10.98 -7.8 -22.31 -44.76
motor 1.82 -9.3 -20.46 -3.13 -29.35 -52.16 3.86 -0.07 -10.82 -7.86 -22.19 -44.55
motor 1.82 -9.21 -20.29 -3.15 -29.21 -51.92 3.83 0.05 -10.66 -7.92 -22.07 -44.35
motor 1.82 -9.13 -20.11 -3.16 -29.08 -51.68 3.79 0.17 -10.5 -7.99 -21.95 -44.14
motor 1.82 -9.05 -19.94 -3.18 -28.94 -51.44 3.75 0.28 -10.34 -8.05 -21.84 -43.94
motor 1.82 -8.97 -19.77 -3.19 -28.81 -51.2 3.72 0.4 -10.18 -8.11 -21.72 -43.73
motor 1.82 -8.89 -19.6 -3.21 -28.68 -50.96 3.68 0.51 -10.02 -8.18 -21.61 -43.53
motor 1.82 -8.81 -19.44 -3.23 -28.54 -50.72 3.64 0.62 -9.87 -8.24 -21.49 -43.33
motor 1.82 -8.73 -19.27 -3.24 -28.41 -50.48 3.6 0.73 -9.71 -8.31 -21.38 -43.12
motor 1.82 -8.65 -19.11 -3.26 -28.27 -50.24 3.56 0.84 -9.56 -8.37 -21.26 -42.92
motor 1.82 -8.57 -18.94 -3.28 -28.14 -50.0 3.53 0.95 -9.41 -8.44 -21.15 -42.71
motor 1.82 -8.49 -18.78 -3.29 -28.01 -49.76 3.49 1.06 -9.25 -8.51 -21.04 -42.51
motor 1.81 -8.42 -18.62 -3.31 -27.87 -49.52 3.45 1.17 -9.1 -8.58 -20.93 -42.3
motor 1.81 -8.34 -18.46 -3.33 -27.74 -49.28 3.41 1.27 -8.95 -8.65 -20.82 -42.1
motor 1.81 -8.26 -18.3 -3.35 -27.61 -49.04 3.37 1.38 -8.8 -8.72 -20.71 -41.9
motor 1.81 -8.18 -18.14 -3.36 -27.48 -48.81 3.32 1.48 -8.66 -8.79 -20.6 -41.69
motor 1.81 -8.11 -17.98 -3.38 -27.34 -48.57 3.28 1.58 -8.51 -8.86 -20.5 -41.49
motor 1.81 -8.03 -17.83 -3.4 -27.21 -48.33 3.24 1.68 -8.36 -8.93 -20.39 -41.29
motor 1.81 -7.96 -17.67 -3.42 -27.08 -48.09 3.2 1.78 -8.22 -9.0 -20.28 -41.09
motor 1.81 -7.88 -17.52 -3.44 -26.95 -47.86 3.16 1.88 -8.08 -9.07 -20.18 -40.88
motor 1.81 -7.81 -17.36 -3.45 -26.81 -47.62 3.11 1.98 -7.93 -9.14 -20.07 -40.68
motor 1.81 -7.73 -17.21 -3.47 -26.68 -47.38 3.07 2.07 -7.79 -9.22 -19.97 -40.48
motor 1.81 -7.66 -17.06 -3.49 -26.55 -47.15 3.03 2.17 -7.65 -9.29 -19.87 -40.28
motor 1.81 -7.59 -16.91 -3.51 -26.42 -46.91 2.98 2.26 -7.51 -9.37 -19.77 -40.07
motor 1.81 -7.51 -16.76 -3.53 -26.29 -46.68 2.94 2.36 -7.37 -9.44 -19.67 -39.87
motor 1.81 -7.44 -16.62 -3.55 -26.16 -46.44 2.9 2.45 -7.23 -9.52 -19.57 -39.67
motor 1.81 -7.37 -16.47 -3.57 -26.03 -46.21 2.85 2.54 -7.1 -9.6 -19.47 -39.47
motor 1.81 -7.3 -16.33 -3.59 -25.9 -45.97 2.8 2.63 -6.96 -9.67 -19.37 -39.27
motor 1.81 -7.22 -16.18 -3.61 -25.77 -45.74 2.76 2.72 -6.83 -9.75 -19.27 -39.07
motor 1.81 -7.15 -16.04 -3.63 -25.64 -45.5 2.71 2.81 -6.69 -9.83 -19.17 -38.86
motor 1.81 -7.08 -15.9 -3.65 -25.51 -45.27 2.67 2.89 -6.56 -9.91 -19.08 -38.66
motor 1.81 -7.01 -15.76 -3.67 -25.38 -45.04 2.62 2.98 -6.43 -9.99 -18.98 -38.46
motor 1.81 -6.94 -15.62 -3.69 -25.25 -44.8 2.57 3.06 -6.3 -10.07 -18.89 -38.26
motor 1.81 -6.87 -15.48 -3.71 -25.12 -44.57 2.52 3.15 -6.17 -10.15 -18.79 -38.06
motor 1.81 -6.81 -15.35 -3.73 -24.99 -44.34 2.48 3.23 -6.04 -10.24 -18.7 -37.86
motor 1.81 -6.74 -15.21 -3.75 -24.86 -44.11 2.43 3.31 -5.91 -10.32 -18.61 -37.66
motor 1.81 -6.67 -15.08 -3.77 -24.74 -43.88 2.38 3.39 -5.78 -10.4 -18.52 -37.46
motor 1.81 -6.6 -14.94 -3.8 -24.61 -43.65 2.33 3.47 -5.66 -10.49 -18.43 -37.26
motor 1.81 -6.53 -14.81 -3.82 -24.48 -43.42 2.28 3.55 -5.53 -10.57 -18.34 -37.06
motor 1.81 -6.47 -14.68 -3.84 -24.35 -43.19 2.23 3.62 -5.41 -10.65 -18.25 -36.86
motor 1.81 -6.4 -14.55 -3.86 -24.23 -42.96 2.18 3.7 -5.29 -10.74 -18.16 -36.66
motor 1.81 -6.34 -14.42 -3.88 -24.1 -42.73 2.13 3.77 -5.16 -10.83 -18.07 -36.46
motor 1.81 -6.27 -14.29 -3.91 -23.98 -42.5 2.08 3.85 -5.04 -10.91 -17.99 -36.26
motor 1.81 -6.2 -14.17 -3.93 -23.85 -42.27 2.02 3.92 -4.92 -11.0 -17.9 -36.06
motor 1.81 -6.14 -14.04 -3.95 -23.72 -42.04 1.97 3.99 -4.8 -11.09 -17.82 -35.87
motor 1.81 -6.08 -13.92 -3.98 -23.6 -41.81 1.92 4.06 -4.68 -11.18 -17.73 -35.67
motor 1.81 -6.01 -13.79 -4.0 -23.47 -41.59 1.87 4.13 -4.57 -11.27 -17.65 -35.47
motor 1.81 -5.95 -13.67 -4.02 -23.35 -41.36 1.81 4.2 -4.45 -11.36 -17.57 -35.27
motor 1.81 -5.89 -13.55 -4.05 -23.22 -41.13 1.76 4.26 -4.34 -11.45 -17.49 -35.07
motor 1.81 -5.82 -13.43 -4.07 -23.1 -40.91 1.71 4.33 -4.22 -11.54 -17.41 -34.88
motor 1.81 -5.76 -13.31 -4.09 -22.98 -40.68 1.65 4.39 -4.11 -11.63 -17.33 -34.68
motor 1.81 -5.7 -13.19 -4.12 -22.85 -40.45 1.6 4.46 -3.99 -11.72 -17.25 -34.48
motor 1.81 -5.64 -13.07 -4.14 -22.73 -40.23 1.54 4.52 -3.88 -11.81 -17.17 -34.28
motor 1.81 -5.58 -12.96 -4.17 -22.61 -40.01 1.48 4.58 -3.77 -11.91 -17.1 -34.09
motor 1.81 -5.52 -12.84 -4.19 -22.48 -39.78 1.43 4.64 -3.66 -12.0 -17.02 -33.89
motor 1.81 -5.46 -12.73 -4.22 -22.36 -39.56 1.37 4.7 -3.55 -12.1 -16.95 -33.69
motor 1.81 -5.4 -12.62 -4.24 -22.24 -39.33 1.32 4.76 -3.44 -12.19 -16.87 -33.5
motor 1.81 -5.34 -12.5 -4.27 -22.12 -39.11 1.26 4.81 -3.33 -12.29 -16.8 -33.3
motor 1.81 -5.28 -12.39 -4.29 -22.0 -38.89 1.2 4.87 -3.23 -12.38 -16.72 -33.1
motor 1.81 -5.22 -12.28 -4.32 -21.88 -38.67 1.14 4.92 -3.12 -12.48 -16.65 -32.91
motor 1.81 -5.16 -12.18 -4.34 -21.76 -38.45 1.08 4.98 -3.02 -12.58 -16.58 -32.71
motor 1.81 -5.11 -12.07 -4.37 -21.64 -38.23 1.03 5.03 -2.91 -12.68 -16.51 -32.52
motor 1.81 -5.05 -11.96 -4.4 -21.52 -38.01 0.97 5.08 -2.81 -12.77 -16.44 -32.32
motor 1.81 -4.99 -11.86 -4.42 -21.4 -37.79 0.91 5.13 -2.71 -12.87 -16.37 -32.13
motor 1.82 -4.94 -11.75 -4.45 -21.28 -37.57 0.85 5.18 -2.61 -12.97 -16.31 -31.93
motor 1.82 -4.88 -11.65 -4.48 -21.16 -37.35 0.79 5.23 -2.5 -13.07 -16.24 -31.74
motor 1.82 -4.83 -11.55 -4.5 -21.05 -37.13 0.73 5.28 -2.4 -13.17 -16.17 -31.54
motor 1.82 -4.77 -11.45 -4.53 -20.93 -36.91 0.66 5.32 -2.31 -13.27 -16.11 -31.35
motor 1.82 -4.72 -11.35 -4.56 -20.81 -36.7 0.6 5.37 -2.21 -13.38 -16.04 -31.16
motor 1.82 -4.66 -11.25 -4.59 -20.69 -36.48 0.54 5.41 -2.11 -13.48 -15.98 -30.96
motor 1.82 -4.61 -11.15 -4.61 -20.58 -36.26 0.48 5.45 -2.01 -13.58 -15.92 -30.77
motor 1.82 -4.56 -11.05 -4.64 -20.46 -36.05 0.42 5.5 -1.92 -13.68 -15.86 -30.58
motor 1.82 -4.5 -10.96 -4.67 -20.35 -35.83 0.35 5.54 -1.82 -13.79 -15.8 -30.38
motor 1.82 -4.45 -10.86 -4.7 -20.23 -35.62 0.29 5.58 -1.73 -13.89 -15.74 -30.19
motor 1.82 -4.4 -10.77 -4.73 -20.12 -35.4 0.23 5.61 -1.64 -14.0 -15.68 -30.0
motor 1.82 -4.35 -10.67 -4.75 -20.0 -35.19 0.16 5.65 -1.54 -14.1 -15.62 -29.8
motor 1.82 -4.3 -10.58 -4.78 -19.89 -34.98 0.1 5.69 -1.45 -14.21 -15.56 -29.61
motor 1.82 -4.25 -10.49 -4.81 -19.78 -34.76 0.03 5.72 -1.36 -14.32 -15.5 -29.42
motor 1.83 -4.2 -10.4 -4.84 -19.66 -34.55 -0.03 5.76 -1.27 -14.42 -15.45 -29.23
motor 1.83 -4.15 -10.31 -4.87 -19.55 -34.34 -0.1 5.79 -1.18 -14.53 -15.39 -29.04
motor 1.83 -4.1 -10.22 -4.9 -19.44 -34.13 -0.16 5.82 -1.09 -14.64 -15.34 -28.85
motor 1.83 -4.05 -10.14 -4.93 -19.33 -33.92 -0.23 5.86 -1.01 -14.75 -15.28 -28.66
motor 1.83 -4.0 -10.05 -4.96 -19.21 -33.71 -0.3 5.89 -0.92 -14.86 -15.23 -28.47
motor 1.83 -3.95 -9.97 -4.99 -19.1 -33.5 -0.37 5.91 -0.83 -14.97 -15.18 -28.27
motor 1.83 -3.91 -9.88 -5.02 -18.99 -33.29 -0.43 5.94 -0.75 -15.08 -15.13 -28.08
motor 1.83 -3.86 -9.8 -5.05 -18.88 -33.08 -0.5 5.97 -0.67 -15.19 -15.08 -27.89
motor 1.83 -3.81 -9.72 -5.08 -18.77 -32.88 -0.57 6.0 -0.58 -15.3 -15.03 -27.71
motor 1.84 -3.77 -9.63 -5.11 -18.67 -32.67 -0.64 6.02 -0.5 -15.41 -14.98 -27.52
motor 1.84 -3.72 -9.55 -5.14 -18.56 -32.46 -0.71 6.05 -0.42 -15.52 -14.93 -27.33
motor 1.84 -3.68 -9.47 -5.18 -18.45 -32.26 -0.78 6.07 -0.34 -15.63 -14.88 -27.14
motor 1.84 -3.63 -9.4 -5.21 -18.34 -32.05 -0.85 6.09 -0.26 -15.75 -14.84 -26.95
motor 1.84 -3.59 -9.32 -5.24 -18.23 -31.85 -0.92 6.11 -0.18 -15.86 -14.79 -26.76
motor 1.84 -3.54 -9.24 -5.27 -18.13 -31.64 -0.99 6.13 -0.1 -15.97 -14.75 -26.57
motor 1.84 -3.5 -9.17 -5.3 -18.02 -31.44 -1.06 6.15 -0.02 -16.09 -14.7 -26.39
motor 1.84 -3.46 -9.09 -5.33 -17.92 -31.24 -1.13 6.17 0.06 -16.2 -14.66 -26.2
motor 1.85 -3.41 -9.02 -5.37 -17.81 -31.03 -1.2 6.19 0.14 -16.32 -14.62 -26.01
motor 1.85 -3.37 -8.95 -5.4 -17.71 -30.83 -1.27 6.21 0.21 -16.43 -14.58 -25.82
motor 1.85 -3.33 -8.87 -5.43 -17.6 -30.63 -1.34 6.22 0.29 -16.55 -14.54 -25.64
motor 1.85 -3.29 -8.8 -5.46 -17.5 -30.43 -1.42 6.23 0.36 -16.66 -14.5 -25.45
motor 1.85 -3.25 -8.73 -5.5 -17.4 -30.23 -1.49 6.25 0.43 -16.78 -14.46 -25.27
motor 1.85 -3.21 -8.66 -5.53 -17.29 -30.03 -1.56 6.26 0.51 -16.9 -14.42 -25.08
motor 1.85 -3.17 -8.59 -5.56 -17.19 -29.83 -1.64 6.27 0.58 -17.02 -14.38 -24.89
motor 1.86 -3.13 -8.53 -5.6 -17.09 -29.64 -1.71 6.28 0.65 -17.14 -14.34 -24.71
motor 1.86 -3.09 -8.46 -5.63 -16.99 -29.44 -1.79 6.29 0.72 -17.25 -14.31 -24.52
motor 1.86 -3.05 -8.4 -5.67 -16.89 -29.24 -1.86 6.3 0.79 -17.37 -14.27 -24.34
motor 1.86 -3.01 -8.33 -5.7 -16.79 -29.04 -1.94 6.31 0.86 -17.49 -14.24 -24.16
motor 1.86 -2.97 -8.27 -5.73 -16.69 -28.85 -2.01 6.32 0.93 -17.61 -14.2 -23.97
motor 1.86 -2.93 -8.2 -5.77 -16.59 -28.65 -2.09 6.32 1.0 -17.73 -14.17 -23.79
motor 1.86 -2.9 -8.14 -5.8 -16.49 -28.46 -2.16 6.33 1.07 -17.85 -14.14 -23.61
motor 1.87 -2.86 -8.08 -5.84 -16.39 -28.27 -2.24 6.33 1.13 -17.97 -14.1 -23.42
motor 1.87 -2.82 -8.02 -5.87 -16.29 -28.07 -2.32 6.34 1.2 -18.1 -14.07 -23.24
motor 1.87 -2.79 -7.96 -5.91 -16.2 -27.88 -2.39 6.34 1.26 -18.22 -14.04 -23.06
motor 1.87 -2.75 -7.9 -5.94 -16.1 -27.69 -2.47 6.34 1.33 -18.34 -14.01 -22.88
motor 1.87 -2.72 -7.84 -5.98 -16.0 -27.5 -2.55 6.34 1.39 -18.46 -13.99 -22.69
motor 1.88 -2.68 -7.79 -6.02 -15.91 -27.31 -2.63 6.34 1.45 -18.58 -13.96 -22.51
motor 1.88 -2.65 -7.73 -6.05 -15.81 -27.12 -2.71 6.34 1.52 -18.71 -13.93 -22.33
motor 1.88 -2.61 -7.68 -6.09 -15.72 -26.93 -2.78 6.34 1.58 -18.83 -13.9 -22.15
motor 1.88 -2.58 -7.62 -6.12 -15.62 -26.74 -2.86 6.33 1.64 -18.96 -13.88 -21.97
motor 1.88 -2.55 -7.57 -6.16 -15.53 -26.55 -2.94 6.33 1.7 -19.08 -13.85 -21.79
motor 1.89 -2.51 -7.52 -6.2 -15.44 -26.36 -3.02 6.32 1.76 -19.21 -13.83 -21.61
motor 1.89 -2.48 -7.46 -6.23 -15.34 -26.18 -3.1 6.32 1.82 -19.33 -13.8 -21.43
motor 1.89 -2.45 -7.41 -6.27 -15.25 -25.99 -3.18 6.31 1.88 -19.46 -13.78 -21.25
motor 1.89 -2.42 -7.36 -6.31 -15.16 -25.81 -3.26 6.31 1.94 -19.58 -13.76 -21.08
motor 1.89 -2.39 -7.31 -6.35 -15.07 -25.62 -3.34 6.3 1.99 -19.71 -13.74 -20.9
motor 1.9 -2.36 -7.26 -6.38 -14.98 -25.44 -3.43 6.29 2.05 -19.83 -13.72 -20.72
motor 1.9 -2.33 -7.22 -6.42 -14.89 -25.25 -3.51 6.28 2.11 -19.96 -13.7 -20.54
motor 1.9 -2.3 -7.17 -6.46 -14.8 -25.07 -3.59 6.27 2.16 -20.09 -13.68 -20.37
motor 1.9 -2.27 -7.12 -6.5 -14.71 -24.89 -3.67 6.26 2.22 -20.22 -13.66 -20.19
motor 1.9 -2.24 -7.08 -6.53 -14.62 -24.71 -3.75 6.24 2.27 -20.34 -13.64 -20.01
motor 1.91 -2.21 -7.03 -6.57 -14.54 -24.53 -3.84 6.23 2.32 -20.47 -13.62 -19.84
motor 1.91 -2.18 -6.99 -6.61 -14.45 -24.35 -3.92 6.22 2.38 -20.6 -13.61 -19.66
motor 1.91 -2.15 -6.94 -6.65 -14.36 -24.17 -4.0 6.2 2.43 -20.73 -13.59 -19.49
motor 1.91 -2.13 -6.9 -6.69 -14.28 -23.99 -4.09 6.19 2.48 -20.86 -13.57 -19.31
motor 1.92 -2.1 -6.86 -6.73 -14.19 -23.81 -4.17 6.17 2.53 -20.99 -13.56 -19.14
motor 1.92 -2.07 -6.82 -6.77 -14.11 -23.63 -4.26 6.15 2.58 -21.12 -13.54 -18.96
motor 1.92 -2.05 -6.78 -6.81 -14.02 -23.46 -4.34 6.14 2.63 -21.25 -13.53 -18.79
motor 1.92 -2.02 -6.74 -6.85 -13.94 -23.28 -4.43 6.12 2.68 -21.38 -13.52 -18.62
motor 1.93 -2.0 -6.7 -6.89 -13.86 -23.1 -4.51 6.1 2.73 -21.51 -13.51 -18.44
motor 1.93 -1.97 -6.66 -6.92 -13.77 -22.93 -4.6 6.08 2.77 -21.64 -13.49 -18.27
motor 1.93 -1.95 -6.62 -6.96 -13.69 -22.75 -4.68 6.06 2.82 -21.77 -13.48 -18.1
motor 1.93 -1.92 -6.59 -7.01 -13.61 -22.58 -4.77 6.03 2.87 -21.9 -13.47 -17.93
motor 1.94 -1.9 -6.55 -7.05 -13.53 -22.41 -4.85 6.01 2.91 -22.03 -13.46 -17.76
motor 1.94 -1.87 -6.52 -7.09 -13.45 -22.24 -4.94 5.99 2.96 -22.16 -13.45 -17.59
motor 1.94 -1.85 -6.48 -7.13 -13.37 -22.07 -5.03 5.97 3.01 -22.29 -13.45 -17.42
motor 1.94 -1.83 -6.45 -7.17 -13.29 -21.89 -5.11 5.94 3.05 -22.42 -13.44 -17.25
motor 1.95 -1.81 -6.41 -7.21 -13.21 -21.72 -5.2 5.92 3.09 -22.56 -13.43 -17.08
motor 1.95 -1.79 -6.38 -7.25 -13.13 -21.56 -5.29 5.89 3.14 -22.69 -13.42 -16.91
motor 1.95 -1.76 -6.35 -7.29 -13.05 -21.39 -5.38 5.86 3.18 -22.82 -13.42 -16.74
motor 1.96 -1.74 -6.32 -7.33 -12.98 -21.22 -5.47 5.83 3.22 -22.96 -13.41 -16.57
motor 1.96 -1.72 -6.29 -7.37 -12.9 -21.05 -5.55 5.81 3.26 -23.09 -13.41 -16.41
motor 1.96 -1.7 -6.26 -7.41 -12.83 -20.89 -5.64 5.78 3.3 -23.22 -13.4 -16.24
motor 1.96 -1.68 -6.23 -7.46 -12.75 -20.72 -5.73 5.75 3.34 -23.36 -13.4 -16.07
motor 1.97 -1.66 -6.2 -7.5 -12.68 -20.55 -5.82 5.72 3.38 -23.49 -13.4 -15.91
motor 1.97 -1.64 -6.17 -7.54 -12.6 -20.39 -5.91 5.69 3.42 -23.62 -13.39 -15.74
motor 1.97 -1.63 -6.15 -7.58 -12.53 -20.23 -6.0 5.65 3.46 -23.76 -13.39 -15.57
motor 1.98 -1.61 -6.12 -7.63 -12.45 -20.06 -6.09 5.62 3.5 -23.89 -13.39 -15.41
motor 1.98 -1.59 -6.09 -7.67 -12.38 -19.9 -6.18 5.59 3.54 -24.03 -13.39 -15.25
motor 1.98 -1.57 -6.07 -7.71 -12.31 -19.74 -6.27 5.56 3.57 -24.16 -13.39 -15.08
motor 1.99 -1.56 -6.04 -7.75 -12.24 -19.58 -6.36 5.52 3.61 -24.3 -13.39 -14.92
motor 1.99 -1.54 -6.02 -7.8 -12.17 -19.42 -6.45 5.49 3.65 -24.43 -13.39 -14.76
motor 1.99 -1.52 -6.0 -7.84 -12.1 -19.26 -6.54 5.45 3.68 -24.57 -13.39 -14.59
motor 2.0 -1.51 -5.97 -7.88 -12.03 -19.1 -6.63 5.41 3.72 -24.7 -13.39 -14.43
motor 2.0 -1.49 -5.95 -7.93 -11.96 -18.94 -6.73 5.38 3.75 -24.84 -13.4 -14.27
motor 2.0 -1.48 -5.93 -7.97 -11.89 -18.78 -6.82 5.34 3.78 -24.97 -13.4 -14.11
motor 2.01 -1.46 -5.91 -8.01 -11.82 -18.63 -6.91 5.3 3.82 -25.11 -13.4 -13.95
motor 2.01 -1.45 -5.89 -8.06 -11.76 -18.47 -7.0 5.26 3.85 -25.24 -13.41 -13.79
motor 2.01 -1.43 -5.87 -8.1 -11.69 -18.32 -7.09 5.22 3.88 -25.38 -13.41 -13.63
motor 2.02 -1.42 -5.85 -8.15 -11.62 -18.16 -7.19 5.18 3.91 -25.52 -13.42 -13.47
motor 2.02 -1.41 -5.83 -8.19 -11.56 -18.01 -7.28 5.14 3.94 -25.65 -13.42 -13.31
motor 2.02 -1.39 -5.81 -8.23 -11.49 -17.86 -7.37 5.1 3.97 -25.79 -13.43 -13.15
motor 2.03 -1.38 -5.79 -8.28 -11.43 -17.7 -7.46 5.06 4.01 -25.92 -13.44 -13.0
motor 2.03 -1.37 -5.78 -8.32 -11.36 -17.55 -7.56 5.02 4.03 -26.06 -13.44 -12.84
motor 2.03 -1.36 -5.76 -8.37 -11.3 -17.4 -7.65 4.98 4.06 -26.2 -13.45 -12.68
motor 2.04 -1.34 -5.74 -8.41 -11.24 -17.25 -7.75 4.93 4.09 -26.33 -13.46 -12.53
motor 2.04 -1.33 -5.73 -8.46 -11.18 -17.1 -7.84 4.89 4.12 -26.47 -13.47 -12.37
motor 2.04 -1.32 -5.71 -8.5 -11.12 -16.95 -7.93 4.84 4.15 -26.61 -13.48 -12.22
motor 2.05 -1.31 -5.7 -8.55 -11.05 -16.8 -8.03 4.8 4.18 -26.74 -13.49 -12.07
motor 2.05 -1.3 -5.69 -8.59 -10.99 -16.66 -8.12 4.75 4.2 -26.88 -13.5 -11.91
motor 2.06 -1.29 -5.67 -8.64 -10.93 -16.51 -8.22 4.71 4.23 -27.02 -13.51 -11.76
motor 2.06 -1.28 -5.66 -8.69 -10.88 -16.36 -8.31 4.66 4.25 -27.16 -13.52 -11.61
motor 2.06 -1.27 -5.65 -8.73 -10.82 -16.22 -8.41 4.61 4.28 -27.29 -13.53 -11.45
motor 2.07 -1.27 -5.64 -8.78 -10.76 -16.07 -8.5 4.56 4.3 -27.43 -13.54 -11.3
motor 2.07 -1.26 -5.63 -8.82 -10.7 -15.93 -8.6 4.52 4.33 -27.57 -13.55 -11.15
motor 2.07 -1.25 -5.61 -8.87 -10.65 -15.79 -8.69 4.47 4.35 -27.7 -13.56 -11.0
motor 2.08 -1.24 -5.6 -8.92 -10.59 -15.64 -8.79 4.42 4.37 -27.84 -13.58 -10.85
motor 2.08 -1.23 -5.59 -8.96 -10.53 -15.5 -8.88 4.37 4.4 -27.98 -13.59 -10.7
motor 2.09 -1.23 -5.59 -9.01 -10.48 -15.36 -8.98 4.32 4.42 -28.12 -13.61 -10.56
motor 2.09 -1.22 -5.58 -9.06 -10.42 -15.22 -9.08 4.27 4.44 -28.25 -13.62 -10.41
motor 2.09 -1.22 -5.57 -9.1 -10.37 -15.08 -9.17 4.22 4.46 -28.39 -13.63 -10.26
motor 2.1 -1.21 -5.56 -9.15 -10.32 -14.94 -9.27 4.16 4.48 -28.53 -13.65 -10.11
motor 2.1 -1.2 -5.55 -9.2 -10.26 -14.8 -9.37 4.11 4.5 -28.67 -13.67 -9.97
motor 2.11 -1.2 -5.55 -9.24 -10.21 -14.67 -9.46 4.06 4.52 -28.8 -13.68 -9.82
motor 2.11 -1.19 -5.54 -9.29 -10.16 -14.53 -9.56 4.01 4.54 -28.94 -13.7 -9.68
motor 2.11 -1.19 -5.53 -9.34 -10.11 -14.39 -9.66 3.95 4.56 -29.08 -13.71 -9.53
motor 2.12 -1.19 -5.53 -9.39 -10.06 -14.26 -9.75 3.9 4.58 -29.22 -13.73 -9.39
motor 2.12 -1.18 -5.52 -9.43 -10.01 -14.12 -9.85 3.85 4.6 -29.35 -13.75 -9.25
motor 2.13 -1.18 -5.52 -9.48 -9.96 -13.99 -9.95 3.79 4.62 -29.49 -13.77 -9.11
motor 2.13 -1.18 -5.51 -9.53 -9.91 -13.86 -10.05 3.74 4.63 -29.63 -13.79 -8.96
motor 2.14 -1.17 -5.51 -9.58 -9.86 -13.72 -10.14 3.68 4.65 -29.76 -13.8 -8.82
motor 2.14 -1.17 -5.51 -9.62 -9.82 -13.59 -10.24 3.62 4.67 -29.9 -13.82 -8.68
motor 2.14 -1.17 -5.5 -9.67 -9.77 -13.46 -10.34 3.57 4.68 -30.04 -13.84 -8.54
motor 2.15 -1.17 -5.5 -9.72 -9.72 -13.33 -10.44 3.51 4.7 -30.18 -13.86 -8.4
motor 2.15 -1.17 -5.5 -9.77 -9.68 -13.2 -10.54 3.45 4.71 -30.31 -13.88 -8.26
motor 2.16 -1.16 -5.5 -9.82 -9.63 -13.07 -10.63 3.4 4.73 -30.45 -13.9 -8.13
motor 2.16 -1.16 -5.5 -9.87 -9.59 -12.94 -10.73 3.34 4.74 -30.59 -13.92 -7.99
motor 2.17 -1.16 -5.49 -9.91 -9.54 -12.81 -10.83 3.28 4.75 -30.72 -13.94 -7.85
motor 2.17 -1.16 -5.49 -9.96 -9.5 -12.69 -10.93 3.22 4.77 -30.86 -13.97 -7.72
motor 2.18 -1.16 -5.49 -10.01 -9.46 -12.56 -11.03 3.16 4.78 -31.0 -13.99 -7.58
motor 2.18 -1.16 -5.49 -10.06 -9.41 -12.44 -11.13 3.1 4.79 -31.13 -14.01 -7.45
motor 2.19 -1.17 -5.49 -10.11 -9.37 -12.31 -11.22 3.04 4.8 -31.27 -14.03 -7.31
motor 2.19 -1.17 -5.49 -10.16 -9.33 -12.19 -11.32 2.98 4.82 -31.4 -14.06 -7.18
motor 2.19 -1.17 -5.5 -10.21 -9.29 -12.06 -11.42 2.92 4.83 -31.54 -14.08 -7.05
motor 2.2 -1.17 -5.5 -10.26 -9.25 -11.94 -11.52 2.86 4.84 -31.68 -14.1 -6.92
motor 2.2 -1.17 -5.5 -10.31 -9.21 -11.82 -11.62 2.8 4.85 -31.81 -14.13 -6.78
motor 2.21 -1.17 -5.5 -10.35 -9.17 -11.7 -11.72 2.74 4.86 -31.95 -14.15 -6.65
motor 2.21 -1.18 -5.5 -10.4 -9.13 -11.58 -11.82 2.68 4.87 -32.08 -14.17 -6.52
motor 2.22 -1.18 -5.51 -10.45 -9.1 -11.46 -11.92 2.61 4.88 -32.22 -14.2 -6.4
motor 2.22 -1.18 -5.51 -10.5 -9.06 -11.34 -12.02 2.55 4.88 -32.35 -14.22 -6.27
motor 2.23 -1.19 -5.51 -10.55 -9.02 -11.22 -12.11 2.49 4.89 -32.49 -14.25 -6.14
motor 2.23 -1.19 -5.52 -10.6 -8.99 -11.1 -12.21 2.43 4.9 -32.62 -14.27 -6.01
motor 2.24 -1.2 -5.52 -10.65 -8.95 -10.99 -12.31 2.36 4.91 -32.76 -14.3 -5.89
motor 2.24 -1.2 -5.53 -10.7 -8.92 -10.87 -12.41 2.3 4.91 -32.89 -14.32 -5.76
motor 2.25 -1.21 -5.53 -10.75 -8.88 -10.75 -12.51 2.24 4.92 -33.03 -14.35 -5.64
motor 2.25 -1.21 -5.53 -10.8 -8.85 -10.64 -12.61 2.17 4.93 -33.16 -14.38 -5.51
motor 2.26 -1.22 -5.54 -10.85 -8.81 -10.52 -12.71 2.11 4.93 -33.3 -14.4 -5.39
motor 2.26 -1.22 -5.55 -10.9 -8.78 -10.41 -12.81 2.04 4.94 -33.43 -14.43 -5.27
motor 2.27 -1.23 -5.55 -10.95 -8.75 -10.3 -12.91 1.98 4.94 -33.56 -14.46 -5.14
motor 2.27 -1.23 -5.56 -11.0 -8.72 -10.19 -13.01 1.91 4.95 -33.7 -14.48 -5.02
motor 2.28 -1.24 -5.56 -11.05 -8.69 -10.07 -13.11 1.85 4.95 -33.83 -14.51 -4.9
motor 2.28 -1.25 -5.57 -11.1 -8.66 -9.96 -13.21 1.78 4.95 -33.96 -14.54 -4.78
motor 2.29 -1.26 -5.58 -11.15 -8.63 -9.85 -13.31 1.72 4.96 -34.1 -14.57 -4.66
motor 2.29 -1.26 -5.58 -11.2 -8.6 -9.74 -13.41 1.65 4.96 -34.23 -14.59 -4.55
motor 2.3 -1.27 -5.59 -11.26 -8.57 -9.64 -13.51 1.58 4.96 -34.36 -14.62 -4.43
motor 2.3 -1.28 -5.6 -11.31 -8.54 -9.53 -13.61 1.52 4.96 -34.49 -14.65 -4.31
motor 2.31 -1.29 -5.61 -11.36 -8.51 -9.42 -13.71 1.45 4.97 -34.62 -14.68 -4.2
motor 2.32 -1.3 -5.62 -11.41 -8.48 -9.31 -13.81 1.39 4.97 -34.76 -14.71 -4.08
motor 2.32 -1.3 -5.62 -11.46 -8.46 -9.21 -13.9 1.32 4.97 -34.89 -14.74 -3.97
motor 2.33 -1.31 -5.63 -11.51 -8.43 -9.1 -14.0 1.25 4.97 -35.02 -14.77 -3.85
motor 2.33 -1.32 -5.64 -11.56 -8.41 -9.0 -14.1 1.18 4.97 -35.15 -14.8 -3.74
motor 2.34 -1.33 -5.65 -11.61 -8.38 -8.89 -14.2 1.12 4.97 -35.28 -14.83 -3.63
motor 2.34 -1.34 -5.66 -11.66 -8.36 -8.79 -14.3 1.05 4.97 -35.41 -14.85 -3.52
motor 2.35 -1.35 -5.67 -11.71 -8.33 -8.69 -14.4 0.98 4.96 -35.54 -14.88 -3.41
motor 2.35 -1.36 -5.68 -11.76 -8.31 -8.59 -14.5 0.91 4.96 -35.67 -14.91 -3.3
motor 2.36 -1.38 -5.69 -11.81 -8.29 -8.49 -14.6 0.84 4.96 -35.8 -14.94 -3.19
motor 2.36 -1.39 -5.7 -11.87 -8.26 -8.39 -14.7 0.78 4.96 -35.93 -14.98 -3.08
motor 2.37 -1.4 -5.71 -11.92 -8.24 -8.29 -14.8 0.71 4.96 -36.06 -15.01 -2.97
motor 2.38 -1.41 -5.72 -11.97 -8.22 -8.19 -14.9 0.64 4.95 -36.19 -15.04 -2.87
motor 2.38 -1.42 -5.73 -12.02 -8.2 -8.09 -15.0 0.57 4.95 -36.31 -15.07 -2.76
motor 2.39 -1.43 -5.74 -12.07 -8.18 -7.99 -15.1 0.5 4.94 -36.44 -15.1 -2.66
motor 2.39 -1.45 -5.75 -12.12 -8.16 -7.89 -15.2 0.43 4.94 -36.57 -15.13 -2.55
motor 2.4 -1.46 -5.76 -12.17 -8.14 -7.8 -15.29 0.36 4.93 -36.7 -15.16 -2.45
motor 2.4 -1.47 -5.77 -12.22 -8.12 -7.7 -15.39 0.29 4.93 -36.82 -15.19 -2.35
motor 2.41 -1.49 -5.79 -12.28 -8.1 -7.61 -15.49 0.23 4.92 -36.95 -15.22 -2.25
motor 2.42 -1.5 -5.8 -12.33 -8.08 -7.51 -15.59 0.16 4.92 -37.08 -15.25 -2.15
motor 2.42 -1.51 -5.81 -12.38 -8.07 -7.42 -15.69 0.09 4.91 -37.2 -15.28 -2.05
motor 2.43 -1.53 -5.82 -12.43 -8.05 -7.32 -15.79 0.02 4.9 -37.33 -15.32 -1.95
motor 2.43 -1.54 -5.83 -12.48 -8.03 -7.23 -15.89 -0.05 4.9 -37.45 -15.35 -1.85
motor 2.44 -1.55 -5.85 -12.53 -8.02 -7.14 -15.98 -0.12 4.89 -37.58 -15.38 -1.75
motor 2.45 -1.57 -5.86 -12.59 -8.0 -7.05 -16.08 -0.19 4.88 -37.7 -15.41 -1.66
motor 2.45 -1.58 -5.87 -12.64 -7.99 -6.96 -16.18 -0.26 4.87 -37.83 -15.44 -1.56
motor 2.46 -1.6 -5.88 -12.69 -7.97 -6.87 -16.28 -0.33 4.86 -37.95 -15.48 -1.47
motor 2.46 -1.62 -5.9 -12.74 -7.96 -6.78 -16.38 -0.4 4.86 -38.07 -15.51 -1.37
motor 2.47 -1.63 -5.91 -12.79 -7.95 -6.69 -16.47 -0.47 4.85 -38.2 -15.54 -1.28
motor 2.48 -1.65 -5.92 -12.84 -7.93 -6.6 -16.57 -0.54 4.84 -38.32 -15.57 -1.19
motor 2.48 -1.66 -5.93 -12.89 -7.92 -6.52 -16.67 -0.61 4.83 -38.44 -15.6 -1.1
motor 2.49 -1.68 -5.95 -12.95 -7.91 -6.43 -16.77 -0.68 4.82 -38.56 -15.64 -1.01
motor 2.49 -1.7 -5.96 -13.0 -7.9 -6.34 -16.86 -0.75 4.8 -38.68 -15.67 -0.92
motor 2.5 -1.71 -5.97 -13.05 -7.89 -6.26 -16.96 -0.82 4.79 -38.8 -15.7 -0.83
motor 2.51 -1.73 -5.99 -13.1 -7.88 -6.17 -17.06 -0.89 4.78 -38.92 -15.73 -0.74
motor 2.51 -1.75 -6.0 -13.15 -7.87 -6.09 -17.15 -0.96 4.77 -39.04 -15.77 -0.66
motor 2.52 -1.76 -6.01 -13.2 -7.86 -6.01 -17.25 -1.03 4.76 -39.16 -15.8 -0.57
motor 2.52 -1.78 -6.03 -13.26 -7.85 -5.92 -17.35 -1.1 4.74 -39.28 -15.83 -0.49
motor 2.53 -1.8 -6.04 -13.31 -7.84 -5.84 -17.44 -1.17 4.73 -39.4 -15.86 -0.4
motor 2.54 -1.82 -6.06 -13.36 -7.83 -5.76 -17.54 -1.24 4.72 -39.52 -15.9 -0.32
motor 2.54 -1.84 -6.07 -13.41 -7.83 -5.68 -17.64 -1.31 4.7 -39.64 -15.93 -0.24
motor 2.55 -1.86 -6.08 -13.46 -7.82 -5.6 -17.73 -1.39 4.69 -39.76 -15.96 -0.16
motor 2.56 -1.87 -6.1 -13.51 -7.81 -5.52 -17.83 -1.46 4.67 -39.87 -15.99 -0.08
motor 2.56 -1.89 -6.11 -13.57 -7.81 -5.44 -17.92 -1.53 4.66 -39.99 -16.03 0.0
motor 2.57 -1.91 -6.13 -13.62 -7.8 -5.36 -18.02 -1.6 4.64 -40.1 -16.06 0.08
motor 2.57 -1.93 -6.14 -13.67 -7.8 -5.28 -18.12 -1.67 4.62 -40.22 -16.09 0.16
motor 2.58 -1.95 -6.15 -13.72 -7.79 -5.21 -18.21 -1.74 4.61 -40.34 -16.12 0.23
motor 2.59 -1.97 -6.17 -13.77 -7.79 -5.13 -18.31 -1.81 4.59 -40.45 -16.16 0.31
motor 2.59 -1.99 -6.18 -13.82 -7.79 -5.06 -18.4 -1.88 4.57 -40.56 -16.19 0.38
motor 2.6 -2.01 -6.2 -13.87 -7.78 -4.98 -18.49 -1.95 4.56 -40.68 -16.22 0.46
motor 2.61 -2.03 -6.21 -13.93 -7.78 -4.91 -18.59 -2.02 4.54 -40.79 -16.25 0.53
motor 2.61 -2.05 -6.23 -13.98 -7.78 -4.83 -18.68 -2.09 4.52 -40.9 -16.29 0.6
motor 2.62 -2.07 -6.24 -14.03 -7.78 -4.76 -18.78 -2.16 4.5 -41.01 -16.32 0.67
motor 2.63 -2.09 -6.25 -14.08 -7.77 -4.69 -18.87 -2.23 4.48 -41.13 -16.35 0.74
motor 2.63 -2.12 -6.27 -14.13 -7.77 -4.61 -18.96 -2.3 4.46 -41.24 -16.38 0.81
motor 2.64 -2.14 -6.28 -14.18 -7.77 -4.54 -19.06 -2.37 4.44 -41.35 -16.41 0.88
motor 2.65 -2.16 -6.3 -14.23 -7.77 -4.47 -19.15 -2.43 4.42 -41.46 -16.45 0.94
motor 2.65 -2.18 -6.31 -14.29 -7.77 -4.4 -19.24 -2.5 4.4 -41.57 -16.48 1.01
motor 2.66 -2.2 -6.33 -14.34 -7.77 -4.33 -19.34 -2.57 4.38 -41.68 -16.51 1.07
motor 2.67 -2.23 -6.34 -14.39 -7.78 -4.26 -19.43 -2.64 4.36 -41.78 -16.54 1.14
motor 2.67 -2.25 -6.36 -14.44 -7.78 -4.19 -19.52 -2.71 4.33 -41.89 -16.57 1.2
motor 2.68 -2.27 -6.37 -14.49 -7.78 -4.13 -19.61 -2.78 4.31 -42.0 -16.61 1.26
motor 2.69 -2.29 -6.38 -14.54 -7.78 -4.06 -19.7 -2.85 4.29 -42.1 -16.64 1.32
motor 2.69 -2.32 -6.4 -14.59 -7.78 -3.99 -19.79 -2.92 4.26 -42.21 -16.67 1.38
motor 2.7 -2.34 -6.41 -14.64 -7.79 -3.93 -19.89 -2.99 4.24 -42.32 -16.7 1.44
motor 2.71 -2.36 -6.43 -14.69 -7.79 -3.86 -19.98 -3.06 4.22 -42.42 -16.73 1.5
motor 2.71 -2.39 -6.44 -14.74 -7.8 -3.79 -20.07 -3.12 4.19 -42.53 -16.76 1.55
motor 2.72 -2.41 -6.46 -14.79 -7.8 -3.73 -20.16 -3.19 4.17 -42.63 -16.8 1.61
motor 2.73 -2.43 -6.47 -14.85 -7.81 -3.67 -20.25 -3.26 4.14 -42.73 -16.83 1.67
motor 2.73 -2.46 -6.48 -14.9 -7.81 -3.6 -20.34 -3.33 4.12 -42.83 -16.86 1.72
motor 2.74 -2.48 -6.5 -14.95 -7.82 -3.54 -20.43 -3.4 4.09 -42.94 -16.89 1.77
motor 2.75 -2.51 -6.51 -15.0 -7.82 -3.48 -20.52 -3.47 4.06 -43.04 -16.92 1.82
motor 2.75 -2.53 -6.53 -15.05 -7.83 -3.42 -20.61 -3.53 4.04 -43.14 -16.95 1.87
motor 2.76 -2.55 -6.54 -15.1 -7.84 -3.36 -20.69 -3.6 4.01 -43.24 -16.98 1.92
motor 2.77 -2.58 -6.55 -15.15 -7.84 -3.3 -20.78 -3.67 3.98 -43.34 -17.01 1.97
motor 2.78 -2.6 -6.57 -15.2 -7.85 -3.24 -20.87 -3.73 3.95 -43.44 -17.04 2.02
motor 2.78 -2.63 -6.58 -15.25 -7.86 -3.18 -20.96 -3.8 3.92 -43.53 -17.07 2.06
motor 2.79 -2.65 -6.6 -15.3 -7.87 -3.12 -21.05 -3.87 3.89 -43.63 -17.1 2.11
motor 2.8 -2.68 -6.61 -15.35 -7.88 -3.06 -21.13 -3.94 3.86 -43.73 -17.13 2.15
motor 2.8 -2.7 -6.62 -15.4 -7.89 -3.0 -21.22 -4.0 3.83 -43.83 -17.16 2.2
motor 2.81 -2.73 -6.64 -15.45 -7.9 -2.95 -21.31 -4.07 3.8 -43.92 -17.19 2.24
motor 2.82 -2.76 -6.65 -15.5 -7.91 -2.89 -21.39 -4.13 3.77 -44.02 -17.22 2.28
motor 2.82 -2.78 -6.66 -15.55 -7.92 -2.83 -21.48 -4.2 3.74 -44.11 -17.25 2.32
motor 2.83 -2.81 -6.68 -15.6 -7.93 -2.78 -21.56 -4.27 3.71 -44.2 -17.28 2.36
motor 2.84 -2.83 -6.69 -15.65 -7.94 -2.72 -21.65 -4.33 3.68 -44.3 -17.31 2.4
motor 2.85 -2.86 -6.7 -15.7 -7.95 -2.67 -21.73 -4.4 3.64 -44.39 -17.34 2.43
motor 2.85 -2.89 -6.72 -15.75 -7.96 -2.61 -21.82 -4.46 3.61 -44.48 -17.37 2.47
motor 2.86 -2.91 -6.73 -15.79 -7.97 -2.56 -21.9 -4.53 3.58 -44.57 -17.4 2.5
motor 2.87 -2.94 -6.74 -15.84 -7.99 -2.51 -21.99 -4.59 3.54 -44.66 -17.43 2.54
motor 2.87 -2.97 -6.76 -15.89 -8.0 -2.46 -22.07 -4.66 3.51 -44.75 -17.45 2.57
motor 2.88 -2.99 -6.77 -15.94 -8.01 -2.41 -22.15 -4.72 3.48 -44.84 -17.48 2.6
motor 2.89 -3.02 -6.78 -15.99 -8.03 -2.35 -22.24 -4.79 3.44 -44.93 -17.51 2.63
motor 2.9 -3.05 -6.79 -16.04 -8.04 -2.3 -22.32 -4.85 3.4 -45.02 -17.54 2.66
motor 2.9 -3.08 -6.81 -16.09 -8.06 -2.25 -22.4 -4.91 3.37 -45.1 -17.57 2.69
motor 2.91 -3.1 -6.82 -16.14 -8.07 -2.2 -22.48 -4.98 3.33 -45.19 -17.59 2.71
motor 2.92 -3.13 -6.83 -16.18 -8.09 -2.16 -22.56 -5.04 3.29 -45.27 -17.62 2.74
motor 2.92 -3.16 -6.84 -16.23 -8.1 -2.11 -22.65 -5.1 3.26 -45.36 -17.65 2.76
motor 2.93 -3.19 -6.85 -16.28 -8.12 -2.06 -22.73 -5.17 3.22 -45.44 -17.68 2.79
motor 2.94 -3.22 -6.87 -16.33 -8.13 -2.01 -22.81 -5.23 3.18 -45.53 -17.7 2.81
motor 2.95 -3.24 -6.88 -16.38 -8.15 -1.96 -22.89 -5.29 3.14 -45.61 -17.73 2.83
motor 2.95 -3.27 -6.89 -16.43 -8.17 -1.92 -22.97 -5.35 3.1 -45.69 -17.76 2.85
motor 2.96 -3.3 -6.9 -16.47 -8.18 -1.87 -23.04 -5.42 3.06 -45.77 -17.78 2.87
motor 2.97 -3.33 -6.91 -16.52 -8.2 -1.83 -23.12 -5.48 3.02 -45.85 -17.81 2.89
motor 2.98 -3.36 -6.92 -16.57 -8.22 -1.78 -23.2 -5.54 2.98 -45.93 -17.83 2.9
motor 2.98 -3.39 -6.93 -16.62 -8.24 -1.74 -23.28 -5.6 2.94 -46.01 -17.86 2.92
motor 2.99 -3.41 -6.95 -16.66 -8.25 -1.69 -23.36 -5.66 2.9 -46.09 -17.88 2.93
motor 3.0 -3.44 -6.96 -16.71 -8.27 -1.65 -23.43 -5.72 2.86 -46.17 -17.91 2.94
motor 3.0 -3.47 -6.97 -16.76 -8.29 -1.61 -23.51 -5.78 2.81 -46.24 -17.94 2.96
motor 3.01 -3.5 -6.98 -16.8 -8.31 -1.57 -23.59 -5.84 2.77 -46.32 -17.96 2.97
motor 3.02 -3.53 -6.99 -16.85 -8.33 -1.52 -23.66 -5.9 2.73 -46.39 -17.98 2.98
motor 3.03 -3.56 -7.0 -16.9 -8.35 -1.48 -23.74 -5.96 2.68 -46.47 -18.01 2.99
motor 3.03 -3.59 -7.01 -16.94 -8.37 -1.44 -23.81 -6.02 2.64 -46.54 -18.03 2.99
motor 3.04 -3.62 -7.02 -16.99 -8.39 -1.4 -23.89 -6.08 2.59 -46.61 -18.06 3.0
motor 3.05 -3.65 -7.03 -17.04 -8.41 -1.36 -23.96 -6.14 2.55 -46.69 -18.08 3.0
motor 3.06 -3.68 -7.04 -17.08 -8.43 -1.32 -24.03 -6.2 2.5 -46.76 -18.1 3.01
motor 3.06 -3.71 -7.05 -17.13 -8.45 -1.28 -24.11 -6.26 2.45 -46.83 -18.13 3.01
motor 3.07 -3.74 -7.06 -17.17 -8.47 -1.24 -24.18 -6.31 2.41 -46.9 -18.15 3.01
motor 3.08 -3.77 -7.06 -17.22 -8.5 -1.21 -24.25 -6.37 2.36 -46.97 -18.17 3.01
motor 3.09 -3.8 -7.07 -17.26 -8.52 -1.17 -24.32 -6.43 2.31 -47.03 -18.19 3.01
motor 3.09 -3.83 -7.08 -17.31 -8.54 -1.13 -24.39 -6.49 2.26 -47.1 -18.22 3.01
motor 3.1 -3.86 -7.09 -17.36 -8.56 -1.1 -24.46 -6.54 2.21 -47.17 -18.24 3.01
motor 3.11 -3.89 -7.1 -17.4 -8.58 -1.06 -24.54 -6.6 2.16 -47.23 -18.26 3.0
motor 3.12 -3.92 -7.11 -17.45 -8.61 -1.02 -24.6 -6.66 2.11 -47.3 -18.28 3.0
motor 3.12 -3.95 -7.12 -17.49 -8.63 -0.99 -24.67 -6.71 2.06 -47.36 -18.3 2.99
motor 3.13 -3.98 -7.12 -17.53 -8.65 -0.95 -24.74 -6.77 2.01 -47.42 -18.32 2.98
motor 3.14 -4.01 -7.13 -17.58 -8.68 -0.92 -24.81 -6.82 1.96 -47.49 -18.34 2.97
motor 3.15 -4.04 -7.14 -17.62 -8.7 -0.89 -24.88 -6.88 1.91 -47.55 -18.37 2.96
motor 3.15 -4.07 -7.15 -17.67 -8.73 -0.85 -24.95 -6.93 1.85 -47.61 -18.39 2.95
motor 3.16 -4.1 -7.15 -17.71 -8.75 -0.82 -25.01 -6.99 1.8 -47.67 -18.41 2.94
motor 3.17 -4.13 -7.16 -17.75 -8.78 -0.79 -25.08 -7.04 1.75 -47.73 -18.43 2.92
motor 3.18 -4.16 -7.17 -17.8 -8.8 -0.75 -25.15 -7.1 1.69 -47.79 -18.44 2.91
motor 3.18 -4.19 -7.17 -17.84 -8.82 -0.72 -25.21 -7.15 1.64 -47.84 -18.46 2.89
motor 3.19 -4.22 -7.18 -17.89 -8.85 -0.69 -25.28 -7.2 1.58 -47.9 -18.48 2.87
motor 3.2 -4.25 -7.19 -17.93 -8.88 -0.66 -25.34 -7.26 1.53 -47.95 -18.5 2.85
motor 3.21 -4.28 -7.19 -17.97 -8.9 -0.63 -25.4 -7.31 1.47 -48.01 -18.52 2.83
motor 3.21 -4.32 -7.2 -18.01 -8.93 -0.6 -25.47 -7.36 1.41 -48.06 -18.54 2.81
motor 3.22 -4.35 -7.2 -18.06 -8.95 -0.57 -25.53 -7.41 1.36 -48.12 -18.56 2.79
motor 3.23 -4.38 -7.21 -18.1 -8.98 -0.54 -25.59 -7.46 1.3 -48.17 -18.57 2.76
motor 3.24 -4.41 -7.22 -18.14 -9.01 -0.51 -25.65 -7.52 1.24 -48.22 -18.59 2.74
motor 3.24 -4.44 -7.22 -18.18 -9.03 -0.49 -25.71 -7.57 1.18 -48.27 -18.61 2.71
motor 3.25 -4.47 -7.23 -18.22 -9.06 -0.46 -25.78 -7.62 1.12 -48.32 -18.62 2.69
motor 3.26 -4.5 -7.23 -18.27 -9.09 -0.43 -25.84 -7.67 1.06 -48.37 -18.64 2.66
motor 3.27 -4.53 -7.23 -18.31 -9.11 -0.4 -25.89 -7.72 1.0 -48.41 -18.66 2.63
motor 3.27 -4.57 -7.24 -18.35 -9.14 -0.38 -25.95 -7.77 0.94 -48.46 -18.67 2.59
motor 3.28 -4.6 -7.24 -18.39 -9.17 -0.35 -26.01 -7.82 0.87 -48.51 -18.69 2.56
motor 3.29 -4.63 -7.25 -18.43 -9.2 -0.32 -26.07 -7.87 0.81 -48.55 -18.7 2.53
motor 3.3 -4.66 -7.25 -18.47 -9.23 -0.3 -26.13 -7.92 0.75 -48.6 -18.72 2.49
motor 3.3 -4.69 -7.25 -18.51 -9.25 -0.27 -26.18 -7.96 0.68 -48.64 -18.73 2.46
motor 3.31 -4.72 -7.26 -18.55 -9.28 -0.25 -26.24 -8.01 0.62 -48.68 -18.75 2.42
motor 3.32 -4.75 -7.26 -18.59 -9.31 -0.23 -26.3 -8.06 0.56 -48.72 -18.76 2.38
motor 3.33 -4.79 -7.26 -18.63 -9.34 -0.2 -26.35 -8.11 0.49 -48.76 -18.77 2.34
motor 3.33 -4.82 -7.27 -18.67 -9.37 -0.18 -26.4 -8.15 0.42 -48.8 -18.79 2.3
motor 3.34 -4.85 -7.27 -18.71 -9.4 -0.16 -26.46 -8.2 0.36 -48.84 -18.8 2.26
motor 3.35 -4.88 -7.27 -18.75 -9.43 -0.13 -26.51 -8.25 0.29 -48.88 -18.81 2.21
motor 3.36 -4.91 -7.27 -18.79 -9.46 -0.11 -26.56 -8.29 0.22 -48.92 -18.83 2.17
motor 3.37 -4.94 -7.28 -18.83 -9.49 -0.09 -26.62 -8.34 0.15 -48.95 -18.84 2.12
motor 3.37 -4.98 -7.28 -18.87 -9.52 -0.07 -26.67 -8.39 0.08 -48.99 -18.85 2.07
motor 3.38 -5.01 -7.28 -18.9 -9.55 -0.05 -26.72 -8.43 0.01 -49.02 -18.86 2.02
motor 3.39 -5.04 -7.28 -18.94 -9.58 -0.03 -26.77 -8.47 -0.06 -49.06 -18.87 1.97
motor 3.4 -5.07 -7.28 -18.98 -9.61 -0.01 -26.82 -8.52 -0.13 -49.09 -18.89 1.92
motor 3.4 -5.1 -7.28 -19.02 -9.64 0.01 -26.87 -8.56 -0.2 -49.12 -18.9 1.87
motor 3.41 -5.14 -7.28 -19.05 -9.67 0.03 -26.92 -8.61 -0.27 -49.15 -18.91 1.81
motor 3.42 -5.17 -7.28 -19.09 -9.7 0.05 -26.96 -8.65 -0.35 -49.18 -18.92 1.76
motor 3.43 -5.2 -7.28 -19.13 -9.73 0.07 -27.01 -8.69 -0.42 -49.21 -18.93 1.7
motor 3.43 -5.23 -7.28 -19.17 -9.76 0.09 -27.06 -8.74 -0.49 -49.23 -18.94 1.64
motor 3.44 -5.26 -7.28 -19.2 -9.79 0.11 -27.1 -8.78 -0.57 -49.26 -18.95 1.58
motor 3.45 -5.29 -7.28 -19.24 -9.82 0.13 -27.15 -8.82 -0.64 -49.29 -18.96 1.52
motor 3.46 -5.33 -7.28 -19.27 -9.85 0.14 -27.19 -8.86 -0.72 -49.31 -18.96 1.46
motor 3.46 -5.36 -7.28 -19.31 -9.88 0.16 -27.24 -8.9 -0.8 -49.34 -18.97 1.4
motor 3.47 -5.39 -7.28 -19.35 -9.91 0.18 -27.28 -8.95 -0.87 -49.36 -18.98 1.33
motor 3.48 -5.42 -7.28 -19.38 -9.94 0.19 -27.32 -8.99 -0.95 -49.38 -18.99 1.27
motor 3.49 -5.45 -7.28 -19.42 -9.98 0.21 -27.37 -9.03 -1.03 -49.4 -19.0 1.2
motor 3.49 -5.48 -7.28 -19.45 -10.01 0.23 -27.41 -9.07 -1.11 -49.42 -19.0 1.13
motor 3.5 -5.52 -7.27 -19.49 -10.04 0.24 -27.45 -9.11 -1.19 -49.44 -19.01 1.06
motor 3.51 -5.55 -7.27 -19.52 -10.07 0.26 -27.49 -9.15 -1.27 -49.46 -19.02 0.99
motor 3.52 -5.58 -7.27 -19.55 -10.1 0.27 -27.53 -9.18 -1.35 -49.48 -19.02 0.92
motor 3.52 -5.61 -7.27 -19.59 -10.13 0.29 -27.57 -9.22 -1.44 -49.49 -19.03 0.84
motor 3.53 -5.64 -7.26 -19.62 -10.17 0.3 -27.6 -9.26 -1.52 -49.51 -19.03 0.77
motor 3.54 -5.68 -7.26 -19.65 -10.2 0.31 -27.64 -9.3 -1.6 -49.52 -19.04 0.69
motor 3.55 -5.71 -7.26 -19.69 -10.23 0.33 -27.68 -9.34 -1.69 -49.53 -19.04 0.61
motor 3.55 -5.74 -7.25 -19.72 -10.26 0.34 -27.71 -9.37 -1.77 -49.55 -19.05 0.54
motor 3.56 -5.77 -7.25 -19.75 -10.29 0.35 -27.75 -9.41 -1.86 -49.56 -19.05 0.46
motor 3.57 -5.8 -7.25 -19.78 -10.33 0.37 -27.79 -9.45 -1.94 -49.57 -19.06 0.37
motor 3.58 -5.83 -7.24 -19.82 -10.36 0.38 -27.82 -9.48 -2.03 -49.58 -19.06 0.29
motor 3.58 -5.86 -7.24 -19.85 -10.39 0.39 -27.85 -9.52 -2.12 -49.59 -19.07 0.21
motor 3.59 -5.9 -7.23 -19.88 -10.42 0.4 -27.89 -9.56 -2.21 -49.59 -19.07 0.12
motor 3.6 -5.93 -7.23 -19.91 -10.46 0.41 -27.92 -9.59 -2.29 -49.6 -19.07 0.03
motor 3.61 -5.96 -7.23 -19.94 -10.49 0.42 -27.95 -9.63 -2.38 -49.6 -19.07 -0.05
motor 3.61 -5.99 -7.22 -19.97 -10.52 0.43 -27.98 -9.66 -2.47 -49.61 -19.08 -0.14
motor 3.62 -6.02 -7.22 -20.0 -10.55 0.44 -28.01 -9.69 -2.57 -49.61 -19.08 -0.23
motor 3.63 -6.05 -7.21 -20.03 -10.59 0.45 -28.04 -9.73 -2.66 -49.61 -19.08 -0.33
motor 3.64 -6.08 -7.2 -20.06 -10.62 0.46 -28.07 -9.76 -2.75 -49.62 -19.08 -0.42
motor 3.64 -6.12 -7.2 -20.09 -10.65 0.47 -28.1 -9.8 -2.84 -49.62 -19.08 -0.52
motor 3.65 -6.15 -7.19 -20.12 -10.68 0.48 -28.12 -9.83 -2.94 -49.62 -19.08 -0.61
motor 3.66 -6.18 -7.19 -20.15 -10.72 0.49 -28.15 -9.86 -3.03 -49.61 -19.08 -0.71
motor 3.66 -6.21 -7.18 -20.18 -10.75 0.5 -28.17 -9.89 -3.13 -49.61 -19.08 -0.81
motor 3.67 -6.24 -7.17 -20.21 -10.78 0.51 -28.2 -9.93 -3.23 -49.61 -19.08 -0.91
motor 3.68 -6.27 -7.17 -20.24 -10.82 0.51 -28.22 -9.96 -3.32 -49.6 -19.08 -1.01
motor 3.69 -6.3 -7.16 -20.26 -10.85 0.52 -28.25 -9.99 -3.42 -49.6 -19.08 -1.11
motor 3.69 -6.33 -7.15 -20.29 -10.88 0.53 -28.27 -10.02 -3.52 -49.59 -19.08 -1.22
motor 3.7 -6.36 -7.14 -20.32 -10.91 0.54 -28.29 -10.05 -3.62 -49.58 -19.08 -1.32
motor 3.71 -6.39 -7.14 -20.35 -10.95 0.54 -28.31 -10.08 -3.72 -49.57 -19.08 -1.43
motor 3.72 -6.43 -7.13 -20.37 -10.98 0.55 -28.33 -10.11 -3.82 -49.57 -19.08 -1.54
motor 3.72 -6.46 -7.12 -20.4 -11.01 0.56 -28.35 -10.14 -3.92 -49.55 -19.07 -1.65
motor 3.73 -6.49 -7.11 -20.42 -11.04 0.56 -28.37 -10.17 -4.02 -49.54 -19.07 -1.76
motor 3.74 -6.52 -7.1 -20.45 -11.08 0.57 -28.39 -10.2 -4.13 -49.53 -19.07 -1.87
motor 3.74 -6.55 -7.1 -20.48 -11.11 0.57 -28.41 -10.23 -4.23 -49.52 -19.06 -1.99
motor 3.75 -6.58 -7.09 -20.5 -11.14 0.58 -28.43 -10.26 -4.34 -49.5 -19.06 -2.1
motor 3.76 -6.61 -7.08 -20.53 -11.18 0.58 -28.44 -10.28 -4.44 -49.49 -19.06 -2.22
motor 3.77 -6.64 -7.07 -20.55 -11.21 0.59 -28.46 -10.31 -4.55 -49.47 -19.05 -2.33
motor 3.77 -6.67 -7.06 -20.58 -11.24 0.59 -28.47 -10.34 -4.66 -49.45 -19.05 -2.45
motor 3.78 -6.7 -7.05 -20.6 -11.27 0.6 -28.49 -10.37 -4.76 -49.43 -19.04 -2.57
motor 3.79 -6.73 -7.04 -20.62 -11.31 0.6 -28.5 -10.39 -4.87 -49.41 -19.04 -2.7
motor 3.79 -6.76 -7.03 -20.65 -11.34 0.6 -28.51 -10.42 -4.98 -49.39 -19.03 -2.82
motor 3.8 -6.79 -7.02 -20.67 -11.37 0.61 -28.52 -10.45 -5.09 -49.37 -19.03 -2.94
motor 3.81 -6.82 -7.01 -20.69 -11.4 0.61 -28.53 -10.47 -5.2 -49.35 -19.02 -3.07
motor 3.82 -6.85 -7.0 -20.71 -11.43 0.61 -28.54 -10.5 -5.32 -49.32 -19.02 -3.2
motor 3.82 -6.88 -6.99 -20.74 -11.47 0.62 -28.55 -10.52 -5.43 -49.3 -19.01 -3.33
motor 3.83 -6.91 -6.98 -20.76 -11.5 0.62 -28.56 -10.55 -5.54 -49.27 -19.0 -3.46
motor 3.84 -6.94 -6.97 -20.78 -11.53 0.62 -28.57 -10.57 -5.66 -49.25 -19.0 -3.59
motor 3.84 -6.97 -6.96 -20.8 -11.56 0.62 -28.58 -10.6 -5.77 -49.22 -18.99 -3.72
motor 3.85 -7.0 -6.94 -20.82 -11.6 0.62 -28.58 -10.62 -5.89 -49.19 -18.98 -3.85
motor 3.86 -7.03 -6.93 -20.84 -11.63 0.63 -28.59 -10.65 -6.01 -49.16 -18.97 -3.99
motor 3.86 -7.06 -6.92 -20.86 -11.66 0.63 -28.59 -10.67 -6.13 -49.13 -18.97 -4.13
motor 3.87 -7.09 -6.91 -20.88 -11.69 0.63 -28.6 -10.69 -6.24 -49.1 -18.96 -4.26
motor 3.88 -7.12 -6.9 -20.9 -11.72 0.63 -28.6 -10.72 -6.36 -49.06 -18.95 -4.4
motor 3.89 -7.14 -6.88 -20.92 -11.75 0.63 -28.6 -10.74 -6.48 -49.03 -18.94 -4.54
motor 3.89 -7.17 -6.87 -20.94 -11.79 0.63 -28.6 -10.76 -6.61 -48.99 -18.93 -4.69
motor 3.9 -7.2 -6.86 -20.96 -11.82 0.63 -28.6 -10.78 -6.73 -48.96 -18.92 -4.83
motor 3.91 -7.23 -6.85 -20.98 -11.85 0.63 -28.6 -10.81 -6.85 -48.92 -18.91 -4.97
motor 3.91 -7.26 -6.83 -20.99 -11.88 0.63 -28.6 -10.83 -6.98 -48.88 -18.9 -5.12
motor 3.92 -7.29 -6.82 -21.01 -11.91 0.63 -28.6 -10.85 -7.1 -48.84 -18.89 -5.27
motor 3.93 -7.32 -6.81 -21.03 -11.94 0.63 -28.6 -10.87 -7.23 -48.8 -18.88 -5.42
motor 3.93 -7.35 -6.8 -21.05 -11.97 0.63 -28.6 -10.89 -7.35 -48.76 -18.87 -5.57
motor 3.94 -7.37 -6.78 -21.06 -12.0 0.62 -28.59 -10.91 -7.48 -48.72 -18.86 -5.72
motor 3.95 -7.4 -6.77 -21.08 -12.04 0.62 -28.59 -10.93 -7.61 -48.68 -18.85 -5.87
motor 3.95 -7.43 -6.76 -21.1 -12.07 0.62 -28.58 -10.95 -7.74 -48.63 -18.84 -6.03
motor 3.96 -7.46 -6.74 -21.11 -12.1 0.62 -28.57 -10.97 -7.87 -48.59 -18.82 -6.18
motor 3.97 -7.49 -6.73 -21.13 -12.13 0.62 -28.57 -10.99 -8.0 -48.54 -18.81 -6.34
motor 3.97 -7.51 -6.71 -21.14 -12.16 0.62 -28.56 -11.01 -8.13 -48.49 -18.8 -6.5
motor 3.98 -7.54 -6.7 -21.16 -12.19 0.61 -28.55 -11.03 -8.26 -48.45 -18.79 -6.66
motor 3.99 -7.57 -6.69 -21.17 -12.22 0.61 -28.54 -11.05 -8.4 -48.4 -18.77 -6.82
motor 3.99 -7.6 -6.67 -21.18 -12.25 0.61 -28.53 -11.07 -8.53 -48.35 -18.76 -6.98
motor 4.0 -7.63 -6.66 -21.2 -12.28 0.6 -28.52 -11.09 -8.67 -48.29 -18.75 -7.14
motor 4.01 -7.65 -6.64 -21.21 -12.31 0.6 -28.51 -11.1 -8.81 -48.24 -18.73 -7.31
motor 4.01 -7.68 -6.63 -21.22 -12.34 0.6 -28.49 -11.12 -8.94 -48.19 -18.72 -7.48
motor 4.02 -7.71 -6.61 -21.23 -12.37 0.59 -28.48 -11.14 -9.08 -48.13 -18.71 -7.64
motor 4.03 -7.73 -6.6 -21.25 -12.4 0.59 -28.47 -11.16 -9.22 -48.08 -18.69 -7.81
motor 4.03 -7.76 -6.58 -21.26 -12.43 0.59 -28.45 -11.17 -9.36 -48.02 -18.68 -7.98
motor 4.04 -7.79 -6.57 -21.27 -12.45 0.58 -28.43 -11.19 -9.5 -47.96 -18.66 -8.15
motor 4.04 -7.81 -6.55 -21.28 -12.48 0.58 -28.42 -11.21 -9.65 -47.91 -18.65 -8.33
motor 4.05 -7.84 -6.54 -21.29 -12.51 0.57 -28.4 -11.23 -9.79 -47.85 -18.63 -8.5
motor 4.06 -7.87 -6.52 -21.3 -12.54 0.57 -28.38 -11.24 -9.93 -47.79 -18.62 -8.68
motor 4.06 -7.89 -6.5 -21.31 -12.57 0.56 -28.36 -11.26 -10.08 -47.72 -18.6 -8.86
motor 4.07 -7.92 -6.49 -21.32 -12.6 0.56 -28.34 -11.27 -10.22 -47.66 -18.59 -9.03
motor 4.08 -7.95 -6.47 -21.33 -12.63 0.55 -28.32 -11.29 -10.37 -47.6 -18.57 -9.21
motor 4.08 -7.97 -6.46 -21.34 -12.65 0.55 -28.3 -11.31 -10.52 -47.53 -18.55 -9.4
motor 4.09 -8.0 -6.44 -21.35 -12.68 0.54 -28.27 -11.32 -10.67 -47.47 -18.54 -9.58
motor 4.09 -8.02 -6.43 -21.36 -12.71 0.53 -28.25 -11.34 -10.82 -47.4 -18.52 -9.76
motor 4.1 -8.05 -6.41 -21.36 -12.74 0.53 -28.22 -11.35 -10.97 -47.33 -18.5 -9.95
motor 4.11 -8.08 -6.39 -21.37 -12.76 0.52 -28.2 -11.37 -11.12 -47.26 -18.49 -10.13
motor 4.11 -8.1 -6.38 -21.38 -12.79 0.51 -28.17 -11.38 -11.27 -47.19 -18.47 -10.32
motor 4.12 -8.13 -6.36 -21.38 -12.82 0.51 -28.15 -11.39 -11.43 -47.12 -18.45 -10.51
motor 4.12 -8.15 -6.34 -21.39 -12.84 0.5 -28.12 -11.41 -11.58 -47.05 -18.43 -10.7
motor 4.13 -8.18 -6.33 -21.4 -12.87 0.49 -28.09 -11.42 -11.74 -46.98 -18.42 -10.89
motor 4.14 -8.2 -6.31 -21.4 -12.9 0.49 -28.06 -11.44 -11.9 -46.91 -18.4 -11.09
motor 4.14 -8.23 -6.29 -21.41 -12.92 0.48 -28.03 -11.45 -12.05 -46.83 -18.38 -11.28
motor 4.15 -8.25 -6.28 -21.41 -12.95 0.47 -28.0 -11.46 -12.21 -46.76 -18.36 -11.48
motor 4.15 -8.28 -6.26 -21.42 -12.98 0.46 -27.96 -11.48 -12.37 -46.68 -18.34 -11.67
motor 4.16 -8.3 -6.24 -21.42 -13.0 0.46 -27.93 -11.49 -12.53 -46.6 -18.32 -11.87
motor 4.17 -8.32 -6.23 -21.42 -13.03 0.45 -27.9 -11.5 -12.69 -46.52 -18.31 -12.07
motor 4.17 -8.35 -6.21 -21.43 -13.05 0.44 -27.86 -11.52 -12.86 -46.44 -18.29 -12.27
motor 4.18 -8.37 -6.19 -21.43 -13.08 0.43 -27.83 -11.53 -13.02 -46.36 -18.27 -12.48
motor 4.18 -8.4 -6.18 -21.43 -13.1 0.42 -27.79 -11.54 -13.19 -46.28 -18.25 -12.68
motor 4.19 -8.42 -6.16 -21.44 -13.13 0.41 -27.75 -11.56 -13.35 -46.2 -18.23 -12.89
motor 4.19 -8.44 -6.14 -21.44 -13.15 0.41 -27.72 -11.57 -13.52 -46.11 -18.21 -13.09
motor 4.2 -8.47 -6.13 -21.44 -13.17 0.4 -27.68 -11.58 -13.69 -46.03 -18.19 -13.3
motor 4.21 -8.49 -6.11 -21.44 -13.2 0.39 -27.64 -11.59 -13.86 -45.94 -18.17 -13.51
motor 4.21 -8.51 -6.09 -21.44 -13.22 0.38 -27.6 -11.61 -14.03 -45.86 -18.15 -13.72
motor 4.22 -8.54 -6.08 -21.44 -13.25 0.37 -27.55 -11.62 -14.2 -45.77 -18.13 -13.93
motor 4.22 -8.56 -6.06 -21.44 -13.27 0.36 -27.51 -11.63 -14.37 -45.68 -18.11 -14.14
motor 4.23 -8.58 -6.04 -21.44 -13.29 0.35 -27.47 -11.64 -14.54 -45.59 -18.09 -14.36
motor 4.23 -8.61 -6.02 -21.44 -13.32 0.34 -27.42 -11.65 -14.72 -45.5 -18.07 -14.57
motor 4.24 -8.63 -6.01 -21.44 -13.34 0.33 -27.38 -11.66 -14.89 -45.41 -18.05 -14.79
motor 4.24 -8.65 -5.99 -21.44 -13.36 0.32 -27.33 -11.68 -15.07 -45.32 -18.02 -15.01
motor 4.25 -8.67 -5.97 -21.43 -13.38 0.31 -27.29 -11.69 -15.25 -45.22 -18.0 -15.23
motor 4.25 -8.7 -5.96 -21.43 -13.4 0.3 -27.24 -11.7 -15.42 -45.13 -17.98 -15.45
motor 4.26 -8.72 -5.94 -21.43 -13.43 0.29 -27.19 -11.71 -15.6 -45.03 -17.96 -15.67
motor 4.26 -8.74 -5.92 -21.43 -13.45 0.27 -27.14 -11.72 -15.78 -44.94 -17.94 -15.9
motor 4.27 -8.76 -5.91 -21.42 -13.47 0.26 -27.09 -11.73 -15.97 -44.84 -17.92 -16.12
motor 4.27 -8.78 -5.89 -21.42 -13.49 0.25 -27.04 -11.74 -16.15 -44.74 -17.89 -16.35
motor 4.28 -8.8 -5.87 -21.41 -13.51 0.24 -26.99 -11.75 -16.33 -44.64 -17.87 -16.57
motor 4.28 -8.83 -5.86 -21.41 -13.53 0.23 -26.94 -11.77 -16.52 -44.54 -17.85 -16.8
motor 4.29 -8.85 -5.84 -21.4 -13.55 0.22 -26.88 -11.78 -16.7 -44.44 -17.83 -17.03
motor 4.29 -8.87 -5.82 -21.4 -13.57 0.21 -26.83 -11.79 -16.89 -44.34 -17.81 -17.26
motor 4.3 -8.89 -5.81 -21.39 -13.59 0.19 -26.77 -11.8 -17.08 -44.24 -17.78 -17.5
motor 4.3 -8.91 -5.79 -21.39 -13.61 0.18 -26.72 -11.81 -17.27 -44.13 -17.76 -17.73
motor 4.31 -8.93 -5.77 -21.38 -13.63 0.17 -26.66 -11.82 -17.46 -44.03 -17.74 -17.96
motor 4.31 -8.95 -5.76 -21.37 -13.65 0.16 -26.6 -11.83 -17.65 -43.92 -17.72 -18.2
motor 4.32 -8.97 -5.74 -21.36 -13.67 0.14 -26.54 -11.84 -17.84 -43.82 -17.69 -18.44
motor 4.32 -8.99 -5.72 -21.36 -13.69 0.13 -26.48 -11.85 -18.04 -43.71 -17.67 -18.68
motor 4.33 -9.01 -5.71 -21.35 -13.71 0.12 -26.42 -11.86 -18.23 -43.6 -17.65 -18.92
motor 4.33 -9.03 -5.69 -21.34 -13.72 0.11 -26.36 -11.87 -18.43 -43.49 -17.63 -19.16
motor 4.34 -9.05 -5.67 -21.33 -13.74 0.09 -26.3 -11.88 -18.62 -43.38 -17.6 -19.4
motor 4.34 -9.07 -5.66 -21.32 -13.76 0.08 -26.24 -11.89 -18.82 -43.27 -17.58 -19.64
motor 4.35 -9.09 -5.64 -21.31 -13.78 0.06 -26.17 -11.9 -19.02 -43.16 -17.56 -19.89
motor 4.35 -9.11 -5.63 -21.3 -13.79 0.05 -26.11 -11.91 -19.22 -43.04 -17.53 -20.14
motor 4.36 -9.13 -5.61 -21.29 -13.81 0.04 -26.04 -11.92 -19.42 -42.93 -17.51 -20.38
motor 4.36 -9.15 -5.6 -21.28 -13.83 0.02 -25.98 -11.94 -19.62 -42.81 -17.49 -20.63
motor 4.36 -9.17 -5.58 -21.27 -13.84 0.01 -25.91 -11.95 -19.83 -42.7 -17.46 -20.88
motor 4.37 -9.18 -5.56 -21.26 -13.86 -0.01 -25.84 -11.96 -20.03 -42.58 -17.44 -21.13
motor 4.37 -9.2 -5.55 -21.24 -13.87 -0.02 -25.77 -11.97 -20.24 -42.46 -17.42 -21.39
motor 4.38 -9.22 -5.53 -21.23 -13.89 -0.03 -25.7 -11.98 -20.45 -42.35 -17.39 -21.64
motor 4.38 -9.24 -5.52 -21.22 -13.9 -0.05 -25.63 -11.99 -20.65 -42.23 -17.37 -21.89
motor 4.39 -9.26 -5.5 -21.21 -13.92 -0.06 -25.56 -12.0 -20.86 -42.11 -17.35 -22.15
motor 4.39 -9.27 -5.49 -21.19 -13.93 -0.08 -25.49 -12.01 -21.07 -41.98 -17.32 -22.41
motor 4.39 -9.29 -5.47 -21.18 -13.95 -0.09 -25.42 -12.02 -21.28 -41.86 -17.3 -22.67
motor 4.4 -9.31 -5.46 -21.16 -13.96 -0.11 -25.34 -12.03 -21.5 -41.74 -17.28 -22.93
motor 4.4 -9.33 -5.45 -21.15 -13.97 -0.13 -25.27 -12.04 -21.71 -41.62 -17.25 -23.19
motor 4.41 -9.34 -5.43 -21.13 -13.99 -0.14 -25.19 -12.05 -21.93 -41.49 -17.23 -23.45
motor 4.41 -9.36 -5.42 -21.12 -14.0 -0.16 -25.11 -12.06 -22.14 -41.37 -17.21 -23.71
motor 4.41 -9.38 -5.4 -21.1 -14.01 -0.17 -25.04 -12.08 -22.36 -41.24 -17.18 -23.98
motor 4.42 -9.4 -5.39 -21.08 -14.03 -0.19 -24.96 -12.09 -22.58 -41.11 -17.16 -24.24
motor 4.42 -9.41 -5.38 -21.07 -14.04 -0.21 -24.88 -12.1 -22.8 -40.98 -17.14 -24.51
motor 4.43 -9.43 -5.36 -21.05 -14.05 -0.22 -24.8 -12.11 -23.02 -40.86 -17.11 -24.78
motor 4.43 -9.44 -5.35 -21.03 -14.06 -0.24 -24.72 -12.12 -23.24 -40.73 -17.09 -25.05
motor 4.43 -9.46 -5.34 -21.01 -14.07 -0.26 -24.64 -12.13 -23.46 -40.59 -17.07 -25.32
motor 4.44 -9.48 -5.33 -21.0 -14.09 -0.27 -24.56 -12.14 -23.69 -40.46 -17.04 -25.59
motor 4.44 -9.49 -5.31 -20.98 -14.1 -0.29 -24.47 -12.16 -23.91 -40.33 -17.02 -25.86
motor 4.44 -9.51 -5.3 -20.96 -14.11 -0.31 -24.39 -12.17 -24.14 -40.2 -17.0 -26.14
motor 4.45 -9.52 -5.29 -20.94 -14.12 -0.32 -24.3 -12.18 -24.37 -40.06 -16.97 -26.41
motor 4.45 -9.54 -5.28 -20.92 -14.13 -0.34 -24.22 -12.19 -24.59 -39.93 -16.95 -26.69
motor 4.45 -9.55 -5.27 -20.9 -14.14 -0.36 -24.13 -12.2 -24.82 -39.79 -16.93 -26.96
motor 4.46 -9.57 -5.25 -20.88 -14.15 -0.38 -24.05 -12.22 -25.05 -39.66 -16.9 -27.24
motor 4.46 -9.58 -5.24 -20.85 -14.15 -0.4 -23.96 -12.23 -25.29 -39.52 -16.88 -27.52
motor 4.46 -9.6 -5.23 -20.83 -14.16 -0.41 -23.87 -12.24 -25.52 -39.38 -16.86 -27.8
motor 4.47 -9.61 -5.22 -20.81 -14.17 -0.43 -23.78 -12.25 -25.75 -39.24 -16.84 -28.08
motor 4.47 -9.63 -5.21 -20.79 -14.18 -0.45 -23.69 -12.27 -25.99 -39.1 -16.81 -28.37
motor 4.47 -9.64 -5.2 -20.77 -14.19 -0.47 -23.6 -12.28 -26.23 -38.96 -16.79 -28.65
motor 4.48 -9.66 -5.19 -20.74 -14.2 -0.49 -23.51 -12.29 -26.46 -38.82 -16.77 -28.94
motor 4.48 -9.67 -5.18 -20.72 -14.2 -0.51 -23.41 -12.31 -26.7 -38.68 -16.74 -29.22
motor 4.48 -9.68 -5.17 -20.69 -14.21 -0.53 -23.32 -12.32 -26.94 -38.54 -16.72 -29.51
motor 4.49 -9.7 -5.16 -20.67 -14.22 -0.55 -23.23 -12.33 -27.19 -38.39 -16.7 -29.8
motor 4.49 -9.71 -5.15 -20.65 -14.22 -0.57 -23.13 -12.35 -27.43 -38.25 -16.68 -30.09
motor 4.49 -9.73 -5.14 -20.62 -14.23 -0.58 -23.03 -12.36 -27.67 -38.1 -16.66 -30.38
motor 4.49 -9.74 -5.14 -20.59 -14.23 -0.6 -22.94 -12.38 -27.92 -37.96 -16.63 -30.67
motor 4.5 -9.75 -5.13 -20.57 -14.24 -0.63 -22.84 -12.39 -28.16 -37.81 -16.61 -30.97
motor 4.5 -9.76 -5.12 -20.54 -14.24 -0.65 -22.74 -12.41 -28.41 -37.67 -16.59 -31.26
motor 4.5 -9.78 -5.11 -20.52 -14.25 -0.67 -22.64 -12.42 -28.66 -37.52 -16.57 -31.55
motor 4.5 -9.79 -5.11 -20.49 -14.25 -0.69 -22.54 -12.44 -28.91 -37.37 -16.55 -31.85
motor 4.51 -9.8 -5.1 -20.46 -14.26 -0.71 -22.44 -12.45 -29.16 -37.22 -16.53 -32.15
motor 4.51 -9.81 -5.09 -20.43 -14.26 -0.73 -22.34 -12.47 -29.41 -37.07 -16.5 -32.45
motor 4.51 -9.83 -5.09 -20.41 -14.27 -0.75 -22.24 -12.48 -29.66 -36.92 -16.48 -32.75
motor 4.51 -9.84 -5.08 -20.38 -14.27 -0.77 -22.14 -12.5 -29.92 -36.77 -16.46 -33.05
motor 4.52 -9.85 -5.08 -20.35 -14.27 -0.79 -22.03 -12.52 -30.17 -36.61 -16.44 -33.35
motor 4.52 -9.86 -5.07 -20.32 -14.28 -0.81 -21.93 -12.53 -30.43 -36.46 -16.42 -33.65
motor 4.52 -9.87 -5.07 -20.29 -14.28 -0.84 -21.82 -12.55 -30.69 -36.31 -16.4 -33.95
motor 4.52 -9.89 -5.06 -20.26 -14.28 -0.86 -21.72 -12.57 -30.95 -36.15 -16.38 -34.26
motor 4.53 -9.9 -5.06 -20.23 -14.28 -0.88 -21.61 -12.58 -31.21 -36.0 -16.36 -34.57
motor 4.53 -9.91 -5.05 -20.2 -14.28 -0.9 -21.5 -12.6 -31.47 -35.84 -16.34 -34.87
motor 4.53 -9.92 -5.05 -20.17 -14.28 -0.93 -21.39 -12.62 -31.73 -35.69 -16.32 -35.18
motor 4.53 -9.93 -5.05 -20.13 -14.29 -0.95 -21.28 -12.64 -31.99 -35.53 -16.3 -35.49
motor 4.53 -9.94 -5.05 -20.1 -14.29 -0.97 -21.17 -12.66 -32.26 -35.37 -16.28 -35.8
motor 4.54 -9.95 -5.04 -20.07 -14.29 -1.0 -21.06 -12.67 -32.52 -35.21 -16.26 -36.11
motor 4.54 -9.96 -5.04 -20.04 -14.29 -1.02 -20.95 -12.69 -32.79 -35.05 -16.24 -36.42
motor 4.54 -9.97 -5.04 -20.0 -14.29 -1.04 -20.84 -12.71 -33.06 -34.89 -16.22 -36.73
motor 4.54 -9.98 -5.04 -19.97 -14.29 -1.07 -20.73 -12.73 -33.33 -34.73 -16.2 -37.05
motor 4.54 -9.99 -5.04 -19.94 -14.28 -1.09 -20.61 -12.75 -33.6 -34.57 -16.19 -37.36
motor 4.54 -10.0 -5.04 -19.9 -14.28 -1.12 -20.5 -12.77 -33.87 -34.41 -16.17 -37.68
motor 4.55 -10.01 -5.04 -19.87 -14.28 -1.14 -20.39 -12.79 -34.14 -34.25 -16.15 -37.99
motor 4.55 -10.02 -5.04 -19.83 -14.28 -1.17 -20.27 -12.81 -34.42 -34.08 -16.13 -38.31
motor 4.55 -10.03 -5.04 -19.8 -14.28 -1.19 -20.15 -12.84 -34.69 -33.92 -16.11 -38.63
motor 4.55 -10.04 -5.04 -19.76 -14.28 -1.22 -20.04 -12.86 -34.97 -33.76 -16.1 -38.95
motor 4.55 -10.05 -5.05 -19.72 -14.27 -1.24 -19.92 -12.88 -35.25 -33.59 -16.08 -39.27
motor 4.55 -10.06 -5.05 -19.69 -14.27 -1.27 -19.8 -12.9 -35.53 -33.43 -16.06 -39.59
motor 4.55 -10.06 -5.05 -19.65 -14.27 -1.29 -19.68 -12.92 -35.8 -33.26 -16.05 -39.91
motor 4.56 -10.07 -5.06 -19.61 -14.26 -1.32 -19.56 -12.95 -36.09 -33.09 -16.03 -40.24
motor 4.56 -10.08 -5.06 -19.58 -14.26 -1.35 -19.44 -12.97 -36.37 -32.93 -16.01 -40.56
motor 4.56 -10.09 -5.06 -19.54 -14.26 -1.37 -19.32 -12.99 -36.65 -32.76 -16.0 -40.89
motor 4.56 -10.1 -5.07 -19.5 -14.25 -1.4 -19.2 -13.02 -36.94 -32.59 -15.98 -41.21
motor 4.56 -10.11 -5.07 -19.46 -14.25 -1.43 -19.08 -13.04 -37.22 -32.42 -15.97 -41.54
motor 4.56 -10.11 -5.08 -19.42 -14.24 -1.45 -18.95 -13.07 -37.51 -32.25 -15.95 -41.87
motor 4.56 -10.12 -5.09 -19.38 -14.24 -1.48 -18.83 -13.09 -37.8 -32.08 -15.94 -42.19
motor 4.56 -10.13 -5.09 -19.34 -14.23 -1.51 -18.7 -13.12 -38.08 -31.91 -15.92 -42.52
motor 4.56 -10.14 -5.1 -19.3 -14.23 -1.54 -18.58 -13.14 -38.37 -31.74 -15.91 -42.85
motor 4.56 -10.14 -5.11 -19.26 -14.22 -1.57 -18.45 -13.17 -38.67 -31.57 -15.9 -43.19
motor 4.56 -10.15 -5.12 -19.22 -14.21 -1.6 -18.33 -13.2 -38.96 -31.4 -15.88 -43.52
motor 4.57 -10.16 -5.13 -19.18 -14.21 -1.63 -18.2 -13.23 -39.25 -31.23 -15.87 -43.85
motor 4.57 -10.16 -5.14 -19.14 -14.2 -1.65 -18.07 -13.25 -39.55 -31.05 -15.86 -44.18
motor 4.57 -10.17 -5.15 -19.1 -14.19 -1.68 -17.94 -13.28 -39.84 -30.88 -15.84 -44.52
motor 4.57 -10.18 -5.16 -19.06 -14.19 -1.71 -17.81 -13.31 -40.14 -30.71 -15.83 -44.85
motor 4.57 -10.18 -5.17 -19.01 -14.18 -1.74 -17.69 -13.34 -40.44 -30.53 -15.82 -45.19
motor 4.57 -10.19 -5.18 -18.97 -14.17 -1.77 -17.56 -13.37 -40.74 -30.36 -15.81 -45.53
motor 4.57 -10.2 -5.19 -18.93 -14.16 -1.81 -17.42 -13.4 -41.04 -30.18 -15.8 -45.87
motor 4.57 -10.2 -5.21 -18.89 -14.15 -1.84 -17.29 -13.43 -41.34 -30.01 -15.79 -46.2
motor 4.57 -10.21 -5.22 -18.84 -14.14 -1.87 -17.16 -13.46 -41.64 -29.83 -15.77 -46.54
motor 4.57 -10.22 -5.23 -18.8 -14.13 -1.9 -17.03 -13.49 -41.94 -29.65 -15.76 -46.88
motor 4.57 -10.22 -5.25 -18.75 -14.13 -1.93 -16.89 -13.52 -42.25 -29.48 -15.75 -47.22
motor 4.57 -10.23 -5.27 -18.71 -14.12 -1.96 -16.76 -13.55 -42.55 -29.3 -15.75 -47.57
motor 4.57 -10.23 -5.28 -18.66 -14.11 -2.0 -16.63 -13.59 -42.86 -29.12 -15.74 -47.91
motor 4.57 -10.24 -5.3 -18.62 -14.1 -2.03 -16.49 -13.62 -43.17 -28.94 -15.73 -48.25
motor 4.57 -10.24 -5.31 -18.57 -14.09 -2.06 -16.36 -13.65 -43.48 -28.76 -15.72 -48.6
motor 4.57 -10.25 -5.33 -18.53 -14.08 -2.1 -16.22 -13.69 -43.79 -28.58 -15.71 -48.94
motor 4.57 -10.25 -5.35 -18.48 -14.06 -2.13 -16.08 -13.72 -44.1 -28.4 -15.7 -49.29
motor 4.57 -10.26 -5.37 -18.43 -14.05 -2.16 -15.95 -13.76 -44.41 -28.22 -15.7 -49.63
motor 4.57 -10.26 -5.39 -18.39 -14.04 -2.2 -15.81 -13.79 -44.73 -28.04 -15.69 -49.98
motor 4.57 -10.27 -5.41 -18.34 -14.03 -2.23 -15.67 -13.83 -45.04 -27.86 -15.68 -50.33
motor 4.57 -10.27 -5.43 -18.29 -14.02 -2.27 -15.53 -13.87 -45.36 -27.68 -15.68 -50.67
motor 4.56 -10.28 -5.45 -18.24 -14.01 -2.3 -15.39 -13.9 -45.67 -27.5 -15.67 -51.02
motor 4.56 -10.28 -5.48 -18.2 -13.99 -2.34 -15.25 -13.94 -45.99 -27.32 -15.67 -51.37
motor 4.56 -10.28 -5.5 -18.15 -13.98 -2.38 -15.11 -13.98 -46.31 -27.14 -15.66 -51.72
motor 4.56 -10.29 -5.52 -18.1 -13.97 -2.41 -14.97 -14.02 -46.63 -26.95 -15.66 -52.07
motor 4.56 -10.29 -5.55 -18.05 -13.96 -2.45 -14.83 -14.06 -46.95 -26.77 -15.65 -52.43
motor 4.56 -10.3 -5.57 -18.0 -13.94 -2.49 -14.69 -14.1 -47.27 -26.59 -15.65 -52.78
motor 4.56 -10.3 -5.6 -17.95 -13.93 -2.52 -14.54 -14.14 -47.59 -26.4 -15.65 -53.13
motor 4.56 -10.3 -5.63 -17.9 -13.92 -2.56 -14.4 -14.18 -47.92 -26.22 -15.64 -53.49
motor 4.56 -10.31 -5.65 -17.85 -13.9 -2.6 -14.26 -14.22 -48.24 -26.04 -15.64 -53.84
motor 4.56 -10.31 -5.68 -17.8 -13.89 -2.64 -14.11 -14.26 -48.57 -25.85 -15.64 -54.19
motor 4.56 -10.31 -5.71 -17.75 -13.87 -2.68 -13.97 -14.31 -48.89 -25.67 -15.64 -54.55
motor 4.55 -10.32 -5.74 -17.7 -13.86 -2.72 -13.83 -14.35 -49.22 -25.48 -15.64 -54.91
motor 4.55 -10.32 -5.77 -17.65 -13.85 -2.76 -13.68 -14.39 -49.55 -25.3 -15.64 -55.26
motor 4.55 -10.32 -5.8 -17.6 -13.83 -2.8 -13.53 -14.44 -49.88 -25.11 -15.64 -55.62
motor 4.55 -10.33 -5.83 -17.54 -13.82 -2.84 -13.39 -14.48 -50.21 -24.93 -15.64 -55.98
motor 4.55 -10.33 -5.87 -17.49 -13.8 -2.88 -13.24 -14.53 -50.54 -24.74 -15.64 -56.34
motor 4.55 -10.33 -5.9 -17.44 -13.78 -2.92 -13.09 -14.58 -50.88 -24.56 -15.64 -56.69
motor 4.54 -10.34 -5.93 -17.39 -13.77 -2.96 -12.95 -14.62 -51.21 -24.37 -15.64 -57.05
motor 4.54 -10.34 -5.97 -17.33 -13.75 -3.01 -12.8 -14.67 -51.55 -24.18 -15.64 -57.41
motor 4.54 -10.34 -6.0 -17.28 -13.74 -3.05 -12.65 -14.72 -51.88 -24.0 -15.65 -57.77
motor 4.54 -10.34 -6.04 -17.23 -13.72 -3.09 -12.5 -14.77 -52.22 -23.81 -15.65 -58.13
motor 4.54 -10.35 -6.08 -17.17 -13.71 -3.14 -12.35 -14.82 -52.56 -23.62 -15.65 -58.5
motor 4.54 -10.35 -6.12 -17.12 -13.69 -3.18 -12.2 -14.87 -52.9 -23.43 -15.66 -58.86
motor 4.53 -10.35 -6.15 -17.07 -13.67 -3.23 -12.05 -14.92 -53.24 -23.25 -15.66 -59.22
motor 4.53 -10.35 -6.19 -17.01 -13.66 -3.27 -11.9 -14.97 -53.58 -23.06 -15.67 -59.58
motor 4.53 -10.35 -6.24 -16.96 -13.64 -3.32 -11.75 -15.02 -53.92 -22.87 -15.67 -59.95
motor 4.53 -10.36 -6.28 -16.9 -13.62 -3.36 -11.6 -15.07 -54.26 -22.68 -15.68 -60.31
motor 4.53 -10.36 -6.32 -16.85 -13.6 -3.41 -11.45 -15.13 -54.6 -22.5 -15.69 -60.67
motor 4.52 -10.36 -6.36 -16.79 -13.59 -3.46 -11.3 -15.18 -54.95 -22.31 -15.7 -61.04
motor 4.52 -10.36 -6.41 -16.74 -13.57 -3.5 -11.15 -15.23 -55.29 -22.12 -15.7 -61.4
motor 4.52 -10.36 -6.45 -16.68 -13.55 -3.55 -10.99 -15.29 -55.64 -21.93 -15.71 -61.77
motor 4.52 -10.36 -6.5 -16.63 -13.53 -3.6 -10.84 -15.35 -55.99 -21.74 -15.72 -62.14
motor 4.51 -10.37 -6.54 -16.57 -13.52 -3.65 -10.69 -15.4 -56.33 -21.56 -15.73 -62.5
motor 4.51 -10.37 -6.59 -16.51 -13.5 -3.7 -10.54 -15.46 -56.68 -21.37 -15.74 -62.87
motor 4.51 -10.37 -6.64 -16.46 -13.48 -3.75 -10.38 -15.52 -57.03 -21.18 -15.75 -63.24
motor 4.51 -10.37 -6.69 -16.4 -13.46 -3.8 -10.23 -15.58 -57.38 -20.99 -15.76 -63.6
motor 4.5 -10.37 -6.74 -16.34 -13.44 -3.85 -10.07 -15.64 -57.73 -20.8 -15.78 -63.97
motor 4.5 -10.37 -6.79 -16.29 -13.42 -3.9 -9.92 -15.7 -58.09 -20.61 -15.79 -64.34
motor 4.5 -10.37 -6.84 -16.23 -13.41 -3.95 -9.77 -15.76 -58.44 -20.42 -15.8 -64.71
motor 4.49 -10.38 -6.89 -16.17 -13.39 -4.01 -9.61 -15.82 -58.79 -20.24 -15.82 -65.08
motor 4.49 -10.38 -6.95 -16.11 -13.37 -4.06 -9.46 -15.88 -59.15 -20.05 -15.83 -65.45
motor 4.49 -10.38 -7.0 -16.06 -13.35 -4.11 -9.3 -15.94 -59.5 -19.86 -15.85 -65.82
motor 4.48 -10.38 -7.06 -16.0 -13.33 -4.17 -9.15 -16.01 -59.86 -19.67 -15.86 -66.19
motor 4.48 -10.38 -7.12 -15.94 -13.31 -4.22 -8.99 -16.07 -60.22 -19.48 -15.88 -66.56
motor 4.48 -10.38 -7.17 -15.88 -13.29 -4.28 -8.83 -16.14 -60.58 -19.29 -15.89 -66.93
motor 4.47 -10.38 -7.23 -15.82 -13.27 -4.34 -8.68 -16.2 -60.93 -19.1 -15.91 -67.3
motor 4.47 -10.38 -7.29 -15.76 -13.25 -4.39 -8.52 -16.27 -61.29 -18.92 -15.93 -67.67
motor 4.47 -10.38 -7.35 -15.7 -13.23 -4.45 -8.36 -16.33 -61.65 -18.73 -15.95 -68.04
motor 4.46 -10.38 -7.41 -15.65 -13.21 -4.51 -8.21 -16.4 -62.01 -18.54 -15.97 -68.41
motor 4.46 -10.38 -7.48 -15.59 -13.2 -4.57 -8.05 -16.47 -62.38 -18.35 -15.99 -68.78
motor 4.46 -10.39 -7.54 -15.53 -13.18 -4.63 -7.89 -16.54 -62.74 -18.16 -16.01 -69.15
motor 4.45 -10.39 -7.6 -15.47 -13.16 -4.69 -7.74 -16.61 -63.1 -17.97 -16.03 -69.52
motor 4.45 -10.39 -7.67 -15.41 -13.14 -4.75 -7.58 -16.68 -63.47 -17.79 -16.05 -69.9
motor 4.45 -10.39 -7.74 -15.35 -13.12 -4.81 -7.42 -16.75 -63.83 -17.6 -16.07 -70.27
motor 4.44 -10.39 -7.8 -15.29 -13.1 -4.87 -7.26 -16.83 -64.2 -17.41 -16.1 -70.64
motor 4.44 -10.39 -7.87 -15.23 -13.08 -4.93 -7.11 -16.9 -64.56 -17.22 -16.12 -71.01
motor 4.43 -10.39 -7.94 -15.17 -13.06 -4.99 -6.95 -16.97 -64.93 -17.04 -16.14 -71.39
motor 4.43 -10.39 -8.01 -15.11 -13.04 -5.06 -6.79 -17.05 -65.3 -16.85 -16.17 -71.76
motor 4.43 -10.39 -8.08 -15.05 -13.02 -5.12 -6.63 -17.12 -65.66 -16.66 -16.19 -72.13
motor 4.42 -10.39 -8.16 -14.99 -13.0 -5.19 -6.48 -17.2 -66.03 -16.48 -16.22 -72.51
motor 4.42 -10.39 -8.23 -14.93 -12.98 -5.25 -6.32 -17.28 -66.4 -16.29 -16.25 -72.88
motor 4.41 -10.39 -8.3 -14.87 -12.96 -5.32 -6.16 -17.35 -66.77 -16.1 -16.27 -73.25
motor 4.41 -10.39 -8.38 -14.81 -12.94 -5.39 -6.0 -17.43 -67.14 -15.92 -16.3 -73.63
motor 4.4 -10.39 -8.46 -14.74 -12.92 -5.46 -5.84 -17.51 -67.51 -15.73 -16.33 -74.0
motor 4.4 -10.39 -8.54 -14.68 -12.9 -5.52 -5.69 -17.59 -67.88 -15.55 -16.36 -74.37
motor 4.4 -10.39 -8.62 -14.62 -12.88 -5.59 -5.53 -17.67 -68.26 -15.36 -16.39 -74.75
motor 4.39 -10.39 -8.7 -14.56 -12.86 -5.66 -5.37 -17.76 -68.63 -15.18 -16.42 -75.12
motor 4.39 -10.39 -8.78 -14.5 -12.84 -5.73 -5.21 -17.84 -69.0 -14.99 -16.45 -75.49
motor 4.38 -10.4 -8.86 -14.44 -12.82 -5.81 -5.05 -17.92 -69.38 -14.81 -16.49 -75.87
motor 4.38 -10.4 -8.94 -14.38 -12.81 -5.88 -4.9 -18.01 -69.75 -14.62 -16.52 -76.24
motor 4.37 -10.4 -9.03 -14.32 -12.79 -5.95 -4.74 -18.09 -70.12 -14.44 -16.55 -76.61
motor 4.37 -10.4 -9.11 -14.25 -12.77 -6.03 -4.58 -18.18 -70.5 -14.25 -16.59 -76.99
motor 4.36 -10.4 -9.2 -14.19 -12.75 -6.1 -4.42 -18.26 -70.88 -14.07 -16.62 -77.36
motor 4.36 -10.4 -9.29 -14.13 -12.73 -6.18 -4.26 -18.35 -71.25 -13.89 -16.66 -77.73
motor 4.35 -10.4 -9.38 -14.07 -12.71 -6.25 -4.11 -18.44 -71.63 -13.71 -16.7 -78.11
motor 4.35 -10.4 -9.47 -14.01 -12.69 -6.33 -3.95 -18.53 -72.01 -13.52 -16.73 -78.48
motor 4.34 -10.4 -9.56 -13.95 -12.67 -6.41 -3.79 -18.62 -72.38 -13.34 -16.77 -78.85
motor 4.34 -10.4 -9.65 -13.88 -12.66 -6.49 -3.63 -18.71 -72.76 -13.16 -16.81 -79.23
motor 4.33 -10.4 -9.75 -13.82 -12.64 -6.57 -3.48 -18.8 -73.14 -12.98 -16.85 -79.6
motor 4.33 -10.4 -9.84 -13.76 -12.62 -6.65 -3.32 -18.89 -73.52 -12.8 -16.89 -79.97
motor 4.32 -10.4 -9.94 -13.7 -12.6 -6.73 -3.16 -18.99 -73.9 -12.62 -16.93 -80.34
motor 4.31 -10.41 -10.04 -13.64 -12.58 -6.81 -3.01 -19.08 -74.28 -12.44 -16.97 -80.72
motor 4.31 -10.41 -10.13 -13.58 -12.57 -6.89 -2.85 -19.17 -74.66 -12.26 -17.01 -81.09
motor 4.3 -10.41 -10.23 -13.51 -12.55 -6.98 -2.69 -19.27 -75.04 -12.08 -17.06 -81.46
motor 4.3 -10.41 -10.33 -13.45 -12.53 -7.06 -2.54 -19.37 -75.42 -11.9 -17.1 -81.83
motor 4.29 -10.41 -10.44 -13.39 -12.51 -7.15 -2.38 -19.46 -75.8 -11.73 -17.15 -82.2
motor 4.29 -10.41 -10.54 -13.33 -12.5 -7.24 -2.23 -19.56 -76.18 -11.55 -17.19 -82.57
motor 4.28 -10.41 -10.65 -13.27 -12.48 -7.32 -2.07 -19.66 -76.56 -11.37 -17.24 -82.94
motor 4.27 -10.41 -10.75 -13.21 -12.46 -7.41 -1.92 -19.76 -76.95 -11.2 -17.28 -83.32
motor 4.27 -10.42 -10.86 -13.14 -12.45 -7.5 -1.76 -19.86 -77.33 -11.02 -17.33 -83.69
motor 4.26 -10.42 -10.97 -13.08 -12.43 -7.59 -1.61 -19.96 -77.71 -10.84 -17.38 -84.06
motor 4.26 -10.42 -11.08 -13.02 -12.42 -7.68 -1.45 -20.07 -78.09 -10.67 -17.43 -84.43
motor 4.25 -10.42 -11.19 -12.96 -12.4 -7.78 -1.3 -20.17 -78.48 -10.5 -17.48 -84.79
motor 4.24 -10.42 -11.3 -12.9 -12.39 -7.87 -1.14 -20.27 -78.86 -10.32 -17.53 -85.16
motor 4.24 -10.42 -11.41 -12.84 -12.37 -7.97 -0.99 -20.38 -79.24 -10.15 -17.58 -85.53
motor 4.23 -10.43 -11.53 -12.78 -12.36 -8.06 -0.84 -20.48 -79.62 -9.98 -17.63 -85.9
motor 4.22 -10.43 -11.64 -12.71 -12.34 -8.16 -0.69 -20.59 -80.01 -9.81 -17.69 -86.27
motor 4.22 -10.43 -11.76 -12.65 -12.33 -8.25 -0.53 -20.7 -80.39 -9.64 -17.74 -86.64
motor 4.21 -10.43 -11.88 -12.59 -12.31 -8.35 -0.38 -20.81 -80.78 -9.47 -17.8 -87.0
motor 4.2 -10.44 -12.0 -12.53 -12.3 -8.45 -0.23 -20.92 -81.16 -9.3 -17.85 -87.37
motor 4.2 -10.44 -12.12 -12.47 -12.29 -8.55 -0.08 -21.03 -81.54 -9.13 -17.91 -87.74
motor 4.19 -10.44 -12.24 -12.41 -12.27 -8.66 0.07 -21.14 -81.93 -8.96 -17.96 -88.1
motor 4.18 -10.44 -12.37 -12.35 -12.26 -8.76 0.22 -21.25 -82.31 -8.79 -18.02 -88.47
motor 4.18 -10.45 -12.49 -12.29 -12.25 -8.86 0.37 -21.36 -82.7 -8.62 -18.08 -88.83
motor 4.17 -10.45 -12.62 -12.23 -12.24 -8.97 0.52 -21.48 -83.08 -8.46 -18.14 -89.2
motor 4.16 -10.45 -12.75 -12.17 -12.23 -9.07 0.67 -21.59 -83.46 -8.29 -18.2 -89.56
motor 4.16 -10.46 -12.88 -12.11 -12.21 -9.18 0.82 -21.71 -83.85 -8.13 -18.26 -89.93
motor 4.15 -10.46 -13.01 -12.05 -12.2 -9.29 0.96 -21.82 -84.23 -7.96 -18.32 -90.29
motor 4.14 -10.46 -13.14 -11.99 -12.19 -9.4 1.11 -21.94 -84.62 -7.8 -18.38 -90.65
motor 4.14 -10.47 -13.27 -11.93 -12.18 -9.51 1.26 -22.06 -85.0 -7.64 -18.45 -91.01
motor 4.13 -10.47 -13.41 -11.87 -12.17 -9.62 1.4 -22.18 -85.38 -7.48 -18.51 -91.37
motor 4.12 -10.47 -13.54 -11.81 -12.16 -9.73 1.55 -22.3 -85.77 -7.32 -18.57 -91.74
motor 4.11 -10.48 -13.68 -11.75 -12.16 -9.85 1.7 -22.42 -86.15 -7.16 -18.64 -92.1
motor 4.11 -10.48 -13.82 -11.69 -12.15 -9.96 1.84 -22.54 -86.53 -7.0 -18.71 -92.46
motor 4.1 -10.49 -13.96 -11.63 -12.14 -10.08 1.98 -22.66 -86.92 -6.84 -18.77 -92.81
motor 4.09 -10.49 -14.1 -11.57 -12.13 -10.2 2.13 -22.78 -87.3 -6.68 -18.84 -93.17
motor 4.08 -10.5 -14.24 -11.52 -12.12 -10.32 2.27 -22.91 -87.68 -6.53 -18.91 -93.53
motor 4.08 -10.5 -14.39 -11.46 -12.12 -10.44 2.41 -23.03 -88.07 -6.37 -18.98 -93.89
motor 4.07 -10.51 -14.53 -11.4 -12.11 -10.56 2.55 -23.16 -88.45 -6.22 -19.05 -94.24
motor 4.06 -10.51 -14.68 -11.34 -12.11 -10.68 2.69 -23.28 -88.83 -6.06 -19.12 -94.6
motor 4.05 -10.52 -14.83 -11.29 -12.1 -10.81 2.83 -23.41 -89.21 -5.91 -19.19 -94.95
motor 4.04 -10.52 -14.98 -11.23 -12.1 -10.93 2.97 -23.54 -89.59 -5.76 -19.27 -95.31
motor 4.04 -10.53 -15.13 -11.17 -12.09 -11.06 3.11 -23.67 -89.98 -5.61 -19.34 -95.66
motor 4.03 -10.53 -15.28 -11.11 -12.09 -11.19 3.25 -23.8 -90.36 -5.46 -19.41 -96.01
motor 4.02 -10.54 -15.44 -11.06 -12.09 -11.32 3.38 -23.93 -90.74 -5.31 -19.49 -96.36
motor 4.01 -10.55 -15.59 -11.0 -12.08 -11.45 3.52 -24.06 -91.12 -5.16 -19.57 -96.71
motor 4.0 -10.55 -15.75 -10.95 -12.08 -11.58 3.66 -24.19 -91.5 -5.01 -19.64 -97.06
motor 4.0 -10.56 -15.91 -10.89 -12.08 -11.71 3.79 -24.33 -91.88 -4.87 -19.72 -97.41
motor 3.99 -10.57 -16.07 -10.83 -12.08 -11.85 3.92 -24.46 -92.25 -4.72 -19.8 -97.76
motor 3.98 -10.57 -16.23 -10.78 -12.08 -11.98 4.06 -24.59 -92.63 -4.58 -19.88 -98.11
motor 3.97 -10.58 -16.4 -10.73 -12.08 -12.12 4.19 -24.73 -93.01 -4.44 -19.96 -98.45
motor 3.96 -10.59 -16.56 -10.67 -12.08 -12.26 4.32 -24.87 -93.39 -4.3 -20.04 -98.8
motor 3.95 -10.6 -16.73 -10.62 -12.08 -12.4 4.45 -25.0 -93.76 -4.16 -20.12 -99.14
motor 3.95 -10.61 -16.89 -10.56 -12.09 -12.54 4.58 -25.14 -94.14 -4.02 -20.2 -99.49
motor 3.94 -10.61 -17.06 -10.51 -12.09 -12.69 4.71 -25.28 -94.52 -3.88 -20.29 -99.83
motor 3.93 -10.62 -17.23 -10.46 -12.09 -12.83 4.83 -25.42 -94.89 -3.74 -20.37 -100.17
motor 3.92 -10.63 -17.4 -10.4 -12.1 -12.98 4.96 -25.56 -95.27 -3.61 -20.45 -100.51
motor 3.91 -10.64 -17.58 -10.35 -12.1 -13.13 5.09 -25.7 -95.64 -3.47 -20.54 -100.85
motor 3.9 -10.65 -17.75 -10.3 -12.11 -13.28 5.21 -25.85 -96.01 -3.34 -20.63 -101.19
motor 3.89 -10.66 -17.93 -10.25 -12.12 -13.43 5.33 -25.99 -96.39 -3.21 -20.71 -101.53
motor 3.89 -10.67 -18.11 -10.2 -12.12 -13.58 5.46 -26.13 -96.76 -3.07 -20.8 -101.86
motor 3.88 -10.68 -18.29 -10.15 -12.13 -13.73 5.58 -26.28 -97.13 -2.94 -20.89 -102.2
motor 3.87 -10.69 -18.47 -10.1 -12.14 -13.89 5.7 -26.43 -97.5 -2.82 -20.98 -102.53
motor 3.86 -10.7 -18.65 -10.05 -12.15 -14.05 5.82 -26.57 -97.87 -2.69 -21.07 -102.87
motor 3.85 -10.71 -18.84 -10.0 -12.16 -14.2 5.94 -26.72 -98.24 -2.56 -21.16 -103.2
motor 3.84 -10.72 -19.02 -9.95 -12.17 -14.36 6.05 -26.87 -98.6 -2.44 -21.26 -103.53
motor 3.83 -10.74 -19.21 -9.9 -12.18 -14.53 6.17 -27.02 -98.97 -2.31 -21.35 -103.86
motor 3.82 -10.75 -19.4 -9.85 -12.2 -14.69 6.28 -27.17 -99.34 -2.19 -21.44 -104.19
motor 3.81 -10.76 -19.59 -9.8 -12.21 -14.86 6.4 -27.32 -99.7 -2.07 -21.54 -104.51
motor 3.8 -10.77 -19.78 -9.75 -12.23 -15.02 6.51 -27.47 -100.06 -1.95 -21.63 -104.84
motor 3.8 -10.78 -19.97 -9.71 -12.24 -15.19 6.62 -27.62 -100.43 -1.83 -21.73 -105.16
motor 3.79 -10.8 -20.17 -9.66 -12.26 -15.36 6.73 -27.77 -100.79 -1.72 -21.83 -105.49
motor 3.78 -10.81 -20.37 -9.61 -12.28 -15.53 6.84 -27.93 -101.15 -1.6 -21.92 -105.81
motor 3.77 -10.82 -20.56 -9.57 -12.29 -15.71 6.95 -28.08 -101.51 -1.49 -22.02 -106.13
motor 3.76 -10.84 -20.76 -9.52 -12.31 -15.88 7.06 -28.24 -101.87 -1.38 -22.12 -106.45
motor 3.75 -10.85 -20.96 -9.48 -12.33 -16.06 7.16 -28.39 -102.23 -1.27 -22.22 -106.77
motor 3.74 -10.87 -21.17 -9.44 -12.35 -16.24 7.26 -28.55 -102.58 -1.16 -22.32 -107.09
motor 3.73 -10.88 -21.37 -9.39 -12.38 -16.42 7.37 -28.71 -102.94 -1.05 -22.42 -107.4
motor 3.72 -10.9 -21.58 -9.35 -12.4 -16.6 7.47 -28.87 -103.29 -0.94 -22.53 -107.71
motor 3.71 -10.91 -21.79 -9.31 -12.42 -16.79 7.57 -29.02 -103.65 -0.84 -22.63 -108.03
motor 3.7 -10.93 -22.0 -9.26 -12.45 -16.97 7.67 -29.18 -104.0 -0.73 -22.73 -108.34
motor 3.69 -10.95 -22.21 -9.22 -12.47 -17.16 7.76 -29.34 -104.35 -0.63 -22.84 -108.65
motor 3.68 -10.96 -22.42 -9.18 -12.5 -17.35 7.86 -29.51 -104.7 -0.53 -22.94 -108.96
motor 3.67 -10.98 -22.63 -9.14 -12.53 -17.54 7.95 -29.67 -105.05 -0.43 -23.05 -109.26
motor 3.66 -11.0 -22.85 -9.1 -12.56 -17.74 8.05 -29.83 -105.39 -0.33 -23.16 -109.57
motor 3.65 -11.02 -23.07 -9.06 -12.59 -17.93 8.14 -29.99 -105.74 -0.24 -23.27 -109.87
motor 3.64 -11.03 -23.29 -9.03 -12.62 -18.13 8.23 -30.16 -106.08 -0.15 -23.37 -110.17
motor 3.63 -11.05 -23.51 -8.99 -12.65 -18.33 8.31 -30.32 -106.42 -0.05 -23.48 -110.47
motor 3.62 -11.07 -23.73 -8.95 -12.68 -18.53 8.4 -30.49 -106.76 0.04 -23.59 -110.77
motor 3.61 -11.09 -23.95 -8.91 -12.72 -18.73 8.49 -30.66 -107.1 0.13 -23.71 -111.07
motor 3.6 -11.11 -24.18 -8.88 -12.76 -18.94 8.57 -30.82 -107.44 0.21 -23.82 -111.37
motor 3.59 -11.13 -24.41 -8.84 -12.79 -19.15 8.65 -30.99 -107.78 0.3 -23.93 -111.66
motor 3.58 -11.15 -24.64 -8.81 -12.83 -19.36 8.73 -31.16 -108.11 0.38 -24.04 -111.95
motor 3.57 -11.17 -24.87 -8.78 -12.87 -19.57 8.81 -31.33 -108.45 0.47 -24.16 -112.24
motor 3.56 -11.19 -25.1 -8.74 -12.91 -19.78 8.89 -31.5 -108.78 0.55 -24.27 -112.53
motor 3.55 -11.22 -25.33 -8.71 -12.95 -20.0 8.96 -31.67 -109.11 0.63 -24.39 -112.82
motor 3.54 -11.24 -25.57 -8.68 -12.99 -20.22 9.04 -31.84 -109.43 0.7 -24.5 -113.11
motor 3.53 -11.26 -25.81 -8.65 -13.04 -20.44 9.11 -32.01 -109.76 0.78 -24.62 -113.39
motor 3.52 -11.29 -26.04 -8.62 -13.08 -20.66 9.18 -32.18 -110.08 0.85 -24.74 -113.67
motor 3.51 -11.31 -26.28 -8.59 -13.13 -20.88 9.25 -32.35 -110.41 0.92 -24.86 -113.95
motor 3.5 -11.33 -26.53 -8.56 -13.18 -21.11 9.31 -32.53 -110.73 0.99 -24.98 -114.23
motor 3.49 -11.36 -26.77 -8.53 -13.23 -21.34 9.38 -32.7 -111.05 1.06 -25.1 -114.51
motor 3.48 -11.38 -27.02 -8.5 -13.28 -21.57 9.44 -32.88 -111.36 1.13 -25.22 -114.78
motor 3.46 -11.41 -27.26 -8.48 -13.33 -21.8 9.5 -33.05 -111.68 1.19 -25.34 -115.05
motor 3.45 -11.43 -27.51 -8.45 -13.38 -22.04 9.56 -33.23 -111.99 1.25 -25.46 -115.32
motor 3.44 -11.46 -27.76 -8.43 -13.44 -22.27 9.62 -33.4 -112.3 1.31 -25.58 -115.59
motor 3.43 -11.49 -28.02 -8.4 -13.5 -22.51 9.67 -33.58 -112.61 1.37 -25.71 -115.86
motor 3.42 -11.52 -28.27 -8.38 -13.55 -22.75 9.73 -33.76 -112.92 1.43 -25.83 -116.12
motor 3.41 -11.54 -28.53 -8.36 -13.61 -23.0 9.78 -33.94 -113.22 1.48 -25.96 -116.39
motor 3.4 -11.57 -28.78 -8.34 -13.67 -23.25 9.83 -34.12 -113.53 1.54 -26.08 -116.65
motor 3.39 -11.6 -29.04 -8.32 -13.74 -23.49 9.88 -34.29 -113.83 1.59 -26.21 -116.91
motor 3.38 -11.63 -29.3 -8.3 -13.8 -23.75 9.92 -34.47 -114.12 1.63 -26.33 -117.16
motor 3.37 -11.66 -29.57 -8.28 -13.86 -24.0 9.97 -34.65 -114.42 1.68 -26.46 -117.42
motor 3.36 -11.69 -29.83 -8.26 -13.93 -24.25 10.01 -34.84 -114.71 1.73 -26.59 -117.67
motor 3.35 -11.72 -30.1 -8.24 -14.0 -24.51 10.05 -35.02 -115.0 1.77 -26.72 -117.92
motor 3.34 -11.76 -30.37 -8.23 -14.07 -24.77 10.08 -35.2 -115.29 1.81 -26.85 -118.17
motor 3.32 -11.79 -30.63 -8.21 -14.14 -25.04 10.12 -35.38 -115.58 1.85 -26.98 -118.42
motor 3.31 -11.82 -30.91 -8.2 -14.21 -25.3 10.15 -35.56 -115.86 1.88 -27.11 -118.66
motor 3.3 -11.85 -31.18 -8.18 -14.29 -25.57 10.18 -35.75 -116.15 1.92 -27.24 -118.9
motor 3.29 -11.89 -31.45 -8.17 -14.36 -25.84 10.21 -35.93 -116.42 1.95 -27.37 -119.14
motor 3.28 -11.92 -31.73 -8.16 -14.44 -26.12 10.24 -36.11 -116.7 1.98 -27.51 -119.38
motor 3.27 -11.96 -32.01 -8.15 -14.52 -26.39 10.26 -36.3 -116.97 2.0 -27.64 -119.61
motor 3.26 -11.99 -32.29 -8.14 -14.6 -26.67 10.28 -36.48 -117.25 2.03 -27.77 -119.85
motor 3.25 -12.03 -32.57 -8.13 -14.68 -26.95 10.3 -36.67 -117.51 2.05 -27.91 -120.08
motor 3.24 -12.07 -32.85 -8.12 -14.77 -27.23 10.32 -36.85 -117.78 2.07 -28.04 -120.3
motor 3.22 -12.1 -33.14 -8.12 -14.86 -27.52 10.34 -37.04 -118.04 2.09 -28.18 -120.53
motor 3.21 -12.14 -33.42 -8.11 -14.94 -27.81 10.35 -37.23 -118.3 2.11 -28.31 -120.75
motor 3.2 -12.18 -33.71 -8.11 -15.03 -28.1 10.36 -37.41 -118.56 2.12 -28.45 -120.97
motor 3.19 -12.22 -34.0 -8.1 -15.12 -28.4 10.37 -37.6 -118.82 2.13 -28.59 -121.19
motor 3.18 -12.26 -34.3 -8.1 -15.22 -28.69 10.37 -37.79 -119.07 2.14 -28.73 -121.41
motor 3.17 -12.3 -34.59 -8.1 -15.31 -28.99 10.37 -37.98 -119.32 2.15 -28.86 -121.62
motor 3.16 -12.34 -34.88 -8.1 -15.41 -29.29 10.37 -38.16 -119.56 2.15 -29.0 -121.83
motor 3.15 -12.38 -35.18 -8.1 -15.51 -29.6 10.37 -38.35 -119.81 2.16 -29.14 -122.04
motor 3.13 -12.43 -35.48 -8.1 -15.61 -29.91 10.37 -38.54 -120.04 2.16 -29.28 -122.25
motor 3.12 -12.47 -35.78 -8.11 -15.71 -30.22 10.36 -38.73 -120.28 2.15 -29.42 -122.45
motor 3.11 -12.51 -36.08 -8.11 -15.82 -30.53 10.35 -38.92 -120.52 2.15 -29.57 -122.65
motor 3.1 -12.56 -36.39 -8.12 -15.93 -30.85 10.34 -39.11 -120.75 2.14 -29.71 -122.85
motor 3.09 -12.6 -36.69 -8.12 -16.03 -31.17 10.32 -39.3 -120.97 2.13 -29.85 -123.04
motor 3.08 -12.65 -37.0 -8.13 -16.14 -31.49 10.31 -39.49 -121.2 2.12 -29.99 -123.24
motor 3.07 -12.7 -37.31 -8.14 -16.26 -31.82 10.29 -39.68 -121.42 2.1 -30.14 -123.43
motor 3.05 -12.74 -37.62 -8.15 -16.37 -32.14 10.26 -39.87 -121.63 2.09 -30.28 -123.61
motor 3.04 -12.79 -37.93 -8.16 -16.49 -32.47 10.24 -40.06 -121.85 2.07 -30.42 -123.8
motor 3.03 -12.84 -38.25 -8.17 -16.61 -32.81 10.21 -40.25 -122.06 2.04 -30.57 -123.98
motor 3.02 -12.89 -38.57 -8.19 -16.73 -33.15 10.18 -40.44 -122.27 2.02 -30.71 -124.16
motor 3.01 -12.94 -38.88 -8.2 -16.85 -33.49 10.14 -40.64 -122.47 1.99 -30.86 -124.34
motor 3.0 -12.99 -39.2 -8.22 -16.98 -33.83 10.1 -40.83 -122.67 1.96 -31.0 -124.51
motor 2.99 -13.04 -39.53 -8.24 -17.11 -34.17 10.06 -41.02 -122.86 1.93 -31.15 -124.68
motor 2.97 -13.09 -39.85 -8.26 -17.24 -34.52 10.02 -41.21 -123.06 1.89 -31.3 -124.85
motor 2.96 -13.15 -40.17 -8.28 -17.37 -34.88 9.98 -41.4 -123.25 1.85 -31.45 -125.01
motor 2.95 -13.2 -40.5 -8.3 -17.5 -35.23 9.93 -41.59 -123.43 1.81 -31.59 -125.17
motor 2.94 -13.26 -40.83 -8.32 -17.64 -35.59 9.87 -41.79 -123.61 1.77 -31.74 -125.33
motor 2.93 -13.31 -41.16 -8.35 -17.78 -35.95 9.82 -41.98 -123.79 1.72 -31.89 -125.49
motor 2.92 -13.37 -41.49 -8.37 -17.92 -36.32 9.76 -42.17 -123.96 1.67 -32.04 -125.64
motor 2.91 -13.42 -41.83 -8.4 -18.06 -36.69 9.7 -42.36 -124.13 1.62 -32.19 -125.79
motor 2.89 -13.48 -42.16 -8.43 -18.21 -37.06 9.64 -42.55 -124.3 1.56 -32.34 -125.94
motor 2.88 -13.54 -42.5 -8.46 -18.35 -37.43 9.57 -42.75 -124.46 1.51 -32.49 -126.08
motor 2.87 -13.6 -42.84 -8.49 -18.5 -37.81 9.5 -42.94 -124.62 1.45 -32.64 -126.22
motor 2.86 -13.66 -43.18 -8.52 -18.66 -38.19 9.43 -43.13 -124.77 1.38 -32.79 -126.36
motor 2.85 -13.72 -43.52 -8.56 -18.81 -38.58 9.35 -43.32 -124.92 1.32 -32.94 -126.49
motor 2.84 -13.78 -43.87 -8.59 -18.97 -38.96 9.27 -43.51 -125.07 1.25 -33.09 -126.62
motor 2.83 -13.85 -44.21 -8.63 -19.13 -39.35 9.19 -43.7 -125.21 1.18 -33.24 -126.75
motor 2.81 -13.91 -44.56 -8.67 -19.29 -39.75 9.1 -43.9 -125.34 1.1 -33.39 -126.87
motor 2.8 -13.97 -44.91 -8.71 -19.46 -40.15 9.01 -44.09 -125.48 1.02 -33.54 -127.0
motor 2.79 -14.04 -45.26 -8.75 -19.63 -40.55 8.92 -44.28 -125.6 0.94 -33.7 -127.11
motor 2.78 -14.11 -45.61 -8.8 -19.8 -40.95 8.82 -44.47 -125.73 0.86 -33.85 -127.23
motor 2.77 -14.17 -45.97 -8.84 -19.97 -41.36 8.72 -44.66 -125.85 0.77 -34.0 -127.34
motor 2.76 -14.24 -46.33 -8.89 -20.14 -41.78 8.62 -44.85 -125.96 0.68 -34.15 -127.45
motor 2.75 -14.31 -46.68 -8.94 -20.32 -42.19 8.51 -45.04 -126.07 0.59 -34.31 -127.55
motor 2.73 -14.38 -47.04 -8.99 -20.5 -42.61 8.4 -45.23 -126.17 0.5 -34.46 -127.65
motor 2.72 -14.45 -47.4 -9.04 -20.69 -43.03 8.29 -45.42 -126.27 0.4 -34.61 -127.75
motor 2.71 -14.52 -47.77 -9.09 -20.87 -43.46 8.17 -45.61 -126.37 0.29 -34.77 -127.84
motor 2.7 -14.59 -48.13 -9.14 -21.06 -43.89 8.05 -45.8 -126.46 0.19 -34.92 -127.93
motor 2.69 -14.67 -48.5 -9.2 -21.25 -44.32 7.93 -45.99 -126.55 0.08 -35.07 -128.02
motor 2.68 -14.74 -48.87 -9.26 -21.45 -44.76 7.8 -46.18 -126.63 -0.03 -35.23 -128.11
motor 2.67 -14.82 -49.24 -9.32 -21.65 -45.2 7.67 -46.37 -126.7 -0.14 -35.38 -128.19
motor 2.65 -14.89 -49.61 -9.38 -21.85 -45.65 7.53 -46.56 -126.77 -0.26 -35.54 -128.26
motor 2.64 -14.97 -49.99 -9.44 -22.05 -46.1 7.39 -46.74 -126.84 -0.38 -35.69 -128.33
motor 2.63 -15.05 -50.36 -9.51 -22.26 -46.55 7.25 -46.93 -126.9 -0.51 -35.84 -128.4
motor 2.62 -15.13 -50.74 -9.57 -22.46 -47.01 7.1 -47.12 -126.96 -0.63 -36.0 -128.47
motor 2.61 -15.21 -51.12 -9.64 -22.68 -47.47 6.95 -47.3 -127.01 -0.76 -36.15 -128.53
motor 2.6 -15.29 -51.5 -9.71 -22.89 -47.93 6.8 -47.49 -127.05 -0.9 -36.31 -128.59
motor 2.59 -15.37 -51.88 -9.78 -23.11 -48.4 6.64 -47.67 -127.09 -1.03 -36.46 -128.64
motor 2.58 -15.45 -52.26 -9.86 -23.33 -48.87 6.48 -47.86 -127.13 -1.17 -36.62 -128.69
motor 2.56 -15.54 -52.65 -9.93 -23.55 -49.35 6.31 -48.04 -127.15 -1.32 -36.77 -128.74
motor 2.55 -15.62 -53.04 -10.01 -23.78 -49.83 6.14 -48.23 -127.18 -1.46 -36.92 -128.78
motor 2.54 -15.71 -53.43 -10.09 -24.01 -50.31 5.97 -48.41 -127.19 -1.62 -37.08 -128.82
motor 2.53 -15.8 -53.82 -10.17 -24.24 -50.8 5.79 -48.59 -127.21 -1.77 -37.23 -128.85
motor 2.52 -15.88 -54.21 -10.25 -24.48 -51.29 5.61 -48.78 -127.21 -1.93 -37.39 -128.89
motor 2.51 -15.97 -54.6 -10.34 -24.72 -51.79 5.42 -48.96 -127.21 -2.09 -37.54 -128.91
motor 2.5 -16.06 -55.0 -10.43 -24.96 -52.29 5.23 -49.14 -127.21 -2.25 -37.7 -128.94
motor 2.49 -16.15 -55.4 -10.51 -25.21 -52.79 5.04 -49.32 -127.2 -2.42 -37.85 -128.95
motor 2.48 -16.25 -55.79 -10.6 -25.46 -53.3 4.84 -49.5 -127.18 -2.59 -38.0 -128.97
motor 2.46 -16.34 -56.2 -10.7 -25.71 -53.82 4.64 -49.68 -127.16 -2.76 -38.16 -128.98
motor 2.45 -16.44 -56.6 -10.79 -25.96 -54.33 4.43 -49.85 -127.13 -2.94 -38.31 -128.99
motor 2.44 -16.53 -57.0 -10.89 -26.22 -54.85 4.22 -50.03 -127.09 -3.12 -38.46 -128.99
motor 2.43 -16.63 -57.41 -10.99 -26.49 -55.38 4.0 -50.21 -127.05 -3.31 -38.62 -128.99
motor 2.42 -16.73 -57.81 -11.09 -26.75 -55.91 3.78 -50.38 -127.01 -3.5 -38.77 -128.98
motor 2.41 -16.83 -58.22 -11.19 -27.02 -56.44 3.56 -50.56 -126.95 -3.69 -38.92 -128.97
motor 2.4 -16.93 -58.63 -11.3 -27.29 -56.98 3.33 -50.73 -126.89 -3.89 -39.07 -128.96
motor 2.39 -17.03 -59.05 -11.4 -27.57 -57.53 3.1 -50.9 -126.83 -4.08 -39.23 -128.94
motor 2.38 -17.13 -59.46 -11.51 -27.85 -58.07 2.86 -51.07 -126.75 -4.29 -39.38 -128.92
motor 2.37 -17.23 -59.88 -11.62 -28.13 -58.63 2.62 -51.25 -126.67 -4.5 -39.53 -128.89
motor 2.36 -17.34 -60.29 -11.74 -28.42 -59.18 2.37 -51.42 -126.59 -4.71 -39.68 -128.86
motor 2.35 -17.44 -60.71 -11.85 -28.71 -59.74 2.12 -51.58 -126.5 -4.92 -39.83 -128.82
motor 2.34 -17.55 -61.13 -11.97 -29.0 -60.31 1.86 -51.75 -126.4 -5.14 -39.98 -128.78
motor 2.33 -17.66 -61.55 -12.09 -29.3 -60.88 1.6 -51.92 -126.29 -5.36 -40.13 -128.73
motor 2.32 -17.77 -61.98 -12.21 -29.6 -61.45 1.34 -52.09 -126.18 -5.59 -40.28 -128.69
motor 2.3 -17.88 -62.4 -12.34 -29.91 -62.03 1.07 -52.25 -126.06 -5.82 -40.43 -128.63
motor 2.29 -17.99 -62.83 -12.46 -30.22 -62.62 0.79 -52.41 -125.93 -6.05 -40.58 -128.57
motor 2.28 -18.11 -63.26 -12.59 -30.53 -63.21 0.52 -52.58 -125.8 -6.29 -40.73 -128.51
motor 2.27 -18.22 -63.69 -12.72 -30.84 -63.8 0.23 -52.74 -125.66 -6.53 -40.88 -128.44
motor 2.26 -18.34 -64.12 -12.86 -31.16 -64.4 -0.06 -52.9 -125.51 -6.77 -41.03 -128.37
motor 2.25 -18.45 -64.55 -12.99 -31.49 -65.0 -0.35 -53.06 -125.36 -7.02 -41.17 -128.29
motor 2.24 -18.57 -64.99 -13.13 -31.82 -65.61 -0.65 -53.21 -125.19 -7.27 -41.32 -128.21
motor 2.23 -18.69 -65.42 -13.27 -32.15 -66.22 -0.95 -53.37 -125.03 -7.53 -41.47 -128.12
motor 2.22 -18.81 -65.86 -13.41 -32.48 -66.84 -1.26 -53.52 -124.85 -7.79 -41.61 -128.03
motor 2.21 -18.93 -66.3 -13.56 -32.82 -67.46 -1.58 -53.68 -124.66 -8.06 -41.76 -127.94
motor 2.2 -19.06 -66.74 -13.71 -33.17 -68.09 -1.9 -53.83 -124.47 -8.33 -41.9 -127.84
motor 2.19 -19.18 -67.18 -13.86 -33.51 -68.72 -2.22 -53.98 -124.27 -8.6 -42.04 -127.73
motor 2.19 -19.31 -67.63 -14.01 -33.87 -69.36 -2.55 -54.13 -124.07 -8.88 -42.19 -127.62
motor 2.18 -19.44 -68.07 -14.16 -34.22 -70.0 -2.88 -54.28 -123.85 -9.16 -42.33 -127.5
motor 2.17 -19.57 -68.52 -14.32 -34.58 -70.65 -3.22 -54.42 -123.63 -9.44 -42.47 -127.38
motor 2.16 -19.7 -68.97 -14.48 -34.95 -71.3 -3.57 -54.57 -123.4 -9.73 -42.61 -127.26
motor 2.15 -19.83 -69.42 -14.64 -35.31 -71.96 -3.92 -54.71 -123.16 -10.02 -42.75 -127.13
motor 2.14 -19.96 -69.87 -14.81 -35.69 -72.62 -4.27 -54.85 -122.91 -10.32 -42.89 -126.99
motor 2.13 -20.09 -70.32 -14.98 -36.06 -73.29 -4.63 -54.99 -122.66 -10.62 -43.03 -126.85
motor 2.12 -20.23 -70.77 -15.15 -36.44 -73.96 -5.0 -55.13 -122.4 -10.93 -43.17 -126.71
motor 2.11 -20.37 -71.23 -15.32 -36.83 -74.64 -5.37 -55.27 -122.12 -11.24 -43.31 -126.56
motor 2.1 -20.51 -71.69 -15.49 -37.22 -75.32 -5.75 -55.4 -121.85 -11.55 -43.44 -126.4
motor 2.09 -20.65 -72.15 -15.67 -37.61 -76.01 -6.13 -55.53 -121.56 -11.87 -43.58 -126.24
motor 2.08 -20.79 -72.61 -15.85 -38.01 -76.7 -6.52 -55.66 -121.26 -12.2 -43.71 -126.07
motor 2.07 -20.93 -73.07 -16.04 -38.42 -77.4 -6.91 -55.79 -120.96 -12.52 -43.85 -125.9
motor 2.07 -21.07 -73.53 -16.22 -38.82 -78.11 -7.31 -55.92 -120.64 -12.85 -43.98 -125.72
