specialmove
motor1 -11.0 -97.0 269.0 29.0 -50.0 316.0
motor2 -11.0 -36.0 -7.0 -2.0 -44.0 62.0
motor1 -10.8346547272 -93.453476104 260.229398486 28.2243584119 -47.7666331751 305.400829234
motor2 -10.4053075874 -35.2833872018 -8.76691583819 -2.30458577971 -43.421610412 58.4695801881
motor1 -10.6714956204 -90.0039039327 251.617380081 27.4574297617 -45.6057801615 295.006698279
motor2 -9.82283460066 -34.6094053299 -10.5602906638 -2.60206442595 -42.8686971492 54.9522418677
motor1 -10.5104933208 -86.6499914336 243.162413492 26.699155137 -43.5164218974 284.815374289
motor2 -9.25245649854 -33.9773130153 -12.3787987906 -2.89251917067 -42.3408960385 51.4487344485
motor1 -10.3516187579 -83.3904537474 234.862973984 25.9494758394 -41.4975451333 274.824635734
motor2 -8.6940492349 -33.3863735874 -14.221127321 -3.17603280298 -41.8378447044 47.9597983971
motor1 -10.1948431484 -80.2240132075 226.717543386 25.2083333843 -39.548142432 265.032272401
motor2 -8.1474892586 -32.8358550743 -16.0859761459 -3.45268766912 -41.3591825698 44.4861652369
motor1 -10.0401379973 -77.1493993406 218.724610085 24.4756695014 -37.6672121686 255.436085388
motor2 -7.61265351347 -32.3250302026 -17.9720579446 -3.72256567251 -40.9045508556 41.0285575481
motor1 -9.88747509693 -74.165348866 210.882669031 23.7514261339 -35.8537585306 246.033887115
motor2 -7.08941943834 -31.8531763973 -19.8780981849 -3.98574827371 -40.4735925809 37.5876889675
motor1 -9.73682652772 -71.2706056964 203.190221736 23.0355454392 -34.1067915177 236.823501311
motor2 -6.57766496703 -31.4195757819 -21.8028351231 -4.24231649044 -40.0659525627 34.1642641889
motor1 -9.58816465776 -68.463920937 195.64577627 22.3279697886 -32.4253269421 227.802763025
motor2 -6.07726852837 -31.0235151786 -23.7450198041 -4.49235089757 -39.6812774163 30.7589789628
motor1 -9.44146214291 -65.7440528864 188.247847268 21.6286417673 -30.8083864282 218.969518621
motor2 -5.58810904617 -30.664286108 -25.7034160612 -4.73593162712 -39.3192155548 27.3725200964
motor1 -9.29669192684 -63.1097670359 180.994955922 20.9375041747 -29.2549974127 210.321625775
motor2 -5.11006593925 -30.341184789 -27.6768005161 -4.97313836828 -38.9794171897 24.0055654539
motor1 -9.15382724099 -60.5598360699 173.885629987 20.2545000237 -27.7641931446 201.856953483
motor2 -4.64301912141 -30.0535121395 -29.6639625791 -5.20405036737 -38.6615343304 20.6587839561
motor1 -9.01284160458 -58.0930398658 166.918403781 19.5795725415 -26.3350126854 193.573382054
motor2 -4.18684900146 -29.8005737756 -31.663704449 -5.42874642789 -38.3652207844 17.3328355806
motor1 -8.87370882462 -55.7081654937 160.091818179 18.9126651692 -24.9665009088 185.468803113
motor2 -3.74143648319 -29.5816800118 -33.674841113 -5.64730491048 -38.0901321575 14.0283713619
motor1 -8.73640299589 -53.404007217 153.40442062 18.2537215616 -23.6577085009 177.5411196
motor2 -3.30666296539 -29.3961458614 -35.696200347 -5.85980373293 -37.8359258533 10.7460333911
motor1 -8.60089850095 -51.179366492 146.854765104 17.6026855878 -22.4076919599 169.788245772
motor2 -2.88241034186 -29.243291036 -37.726622715 -6.0663203702 -37.6022610736 7.48645481627
motor1 -8.46717001015 -49.0330519678 140.44141219 16.9595013307 -21.2155135966 162.208107201
motor2 -2.46856100137 -29.122439946 -39.76496157 -6.26693185438 -37.3887988184 4.25025984213
motor1 -8.33519248161 -46.9638794866 134.162928999 16.324113087 -20.0802415339 154.798640772
motor2 -2.0649978277 -29.0329216999 -41.810083053 -6.46171477474 -37.1952018856 1.03806373025
motor1 -8.20494116124 -44.9706720836 128.017889215 15.6964653675 -19.0009497073 147.557794689
motor2 -1.67160419963 -28.9740701051 -43.8608660938 -6.65074527769 -37.0211348714 -2.14952720102
motor1 -8.07639158272 -43.052259987 122.004873081 15.0765028969 -17.9767178643 140.483528471
motor2 -1.28826399093 -28.9452236673 -45.9162024105 -6.83409906679 -36.8662641699 -5.31191557657
motor1 -7.94951956753 -41.2074806177 116.122467401 14.464170614 -17.006631565 133.573812949
motor2 -0.91486157035 -28.9457255907 -47.97499651 -7.01185140276 -36.7302579733 -8.44851296448
motor1 -7.8243012249 -39.43517859 110.369265542 13.8594136714 -16.0897821816 126.826630274
motor2 -0.551281801662 -28.9749237782 -50.0361656873 -7.18407710349 -36.6127862721 -11.5587398761
motor1 -7.70071295187 -37.7342057108 104.743867428 13.2621774355 -15.2252668987 120.239973911
motor2 -0.197410043615 -29.032170831 -52.0986400262 -7.35085054399 -36.5135208547 -14.6420257659
motor1 -7.57873143325 -36.1034209802 99.2448795492 12.672407487 -14.4121887134 113.811848639
motor2 0.146867850041 -29.1168240489 -54.1613623987 -7.51224565644 -36.4321353076 -17.6978090316
motor1 -7.45833364162 -34.5416905911 93.8709149534 12.0900496202 -13.6496564349 107.540270553
motor2 0.481665530563 -29.2282454304 -56.2232884655 -7.6683359302 -36.3683050155 -20.7255370143
motor1 -7.33949683735 -33.0478879296 88.6205932504 11.5150498437 -12.9367846847 101.423267066
motor2 0.807096154209 -29.3658016722 -58.2833866759 -7.81919441174 -36.321707161 -23.724665998
motor1 -7.22219856861 -31.6208935745 83.4925406114 10.9473543796 -12.2726938968 95.4588769029
motor2 1.12327238225 -29.5288641697 -60.3406382673 -7.96489370471 -36.292020725 -26.6946612102
motor1 -7.1064166713 -30.2595952977 78.4853897683 10.3869096644 -11.6565103175 89.6451501067
motor2 1.43030638094 -29.7168090167 -62.394037266 -8.10550596991 -36.2789264864 -29.6349968215
motor1 -6.99212926916 -28.9628880641 73.5977800141 9.83366234835 -11.0873660052 83.9801480349
motor2 1.72830982158 -29.9290170058 -64.4425904864 -8.24110292529 -36.2821070222 -32.5451559457
motor1 -6.87931477367 -27.7296740317 68.8283572029 9.28755929555 -10.5643988309 78.4619433606
motor2 2.01739388043 -30.1648736277 -66.4853175319 -8.37175584596 -36.3012467074 -35.4246306399
motor1 -6.7679518841 -26.5588625511 64.17577375 8.74854758419 -10.0867524778 73.0886200723
motor2 2.29766923878 -30.4237690719 -68.5212507938 -8.49753556418 -36.3360317152 -38.2729219042
motor1 -6.6580195875 -25.4493701662 59.6386886315 8.21657450636 -9.65357644146 67.8582734743
motor2 2.56924608291 -30.7050982263 -70.5494354523 -8.61851246936 -36.3861500169 -41.0895396823
motor1 -6.54949715872 -24.4001206137 55.2157673847 7.69158756809 -9.26402602967 62.7690101861
motor2 2.83223410413 -31.0082606774 -72.568929476 -8.73475650808 -36.4512913818 -43.8740028606
motor1 -6.44236416037 -23.4100448234 50.9056821081 7.17353448938 -8.91726236264 57.818948143
motor2 3.08674249874 -31.3326607102 -74.5788036219 -8.84633718405 -36.5311473773 -46.6258392693
motor1 -6.33660044283 -22.478080918 46.707111461 6.66236320417 -8.61245237287 53.0062165956
motor2 3.33287996803 -31.6777073081 -76.5781414356 -8.95332355815 -36.6254113691 -49.3445856813
motor1 -6.23218614429 -21.6031742131 42.6187406639 6.15802186032 -8.34876880519 48.32895611
motor2 3.57075471831 -32.0428141532 -78.5660392511 -9.05578424842 -36.7337785206 -52.0297878131
motor1 -6.1291016907 -20.7842772174 38.6392614983 5.66045881968 -8.12539021675 43.7853185679
motor2 3.8004744609 -32.4273996259 -80.541606191 -9.15378743004 -36.8559457937 -54.6810003241
motor1 -6.02732779581 -20.0203496326 34.767372307 5.16962265802 -7.94150097701 39.3734671665
motor2 4.02214641212 -32.8308868053 -82.5039641662 -9.24740083535 -36.9916119481 -57.2977868172
motor1 -5.92684546112 -19.3103583531 31.0017779935 4.68546216506 -7.79629126779 35.0915764184
motor2 4.23587729329 -33.2527034689 -84.4522478763 -9.33669175383 -37.1404775417 -59.8797198383
motor1 -5.82763597594 -18.6532774667 27.3411900225 4.20792634448 -7.68895708318 30.9378321519
motor2 4.44177333074 -33.6922820929 -86.3856048093 -9.42172703215 -37.3022449305 -62.4263808767
motor1 -5.72968091734 -18.0480882537 23.78432642 3.73696441389 -7.61870022965 26.9104315106
motor2 4.63994025579 -34.1490598517 -88.3031952416 -9.5025730741 -37.4766182685 -64.9373603647
motor1 -5.63296215019 -17.4937791878 20.3299117727 3.27252580487 -7.58472832595 23.0075829537
motor2 4.8304833048 -34.6224786185 -90.2041922383 -9.57929584063 -37.663303508 -67.412257678
motor1 -5.53746182712 -16.9893459354 16.9766772286 2.81456016293 -7.58625480317 19.2275062559
motor2 5.01350721909 -35.1119849648 -92.0877816528 -9.65196084985 -37.8620083991 -69.8506811354
motor1 -5.44316238855 -16.5337913559 13.7233604967 2.36301734752 -7.62249890473 15.5684325073
motor2 5.18911624502 -35.6170301609 -93.953162127 -9.72063317704 -38.0724424902 -72.2522479991
motor1 -5.3500465627 -16.1261255018 10.5687058469 1.91784743206 -7.69268568636 12.0286041138
motor2 5.35741413394 -36.1370701753 -95.7995450915 -9.7853774546 -38.2943171278 -74.6165844742
motor1 -5.25809736553 -15.7653656185 7.51146411055 1.47900070391 -7.79604601611 8.60627479656
motor2 5.51850414221 -36.6715656752 -97.6261547652 -9.84625787211 -38.5273454563 -76.9433257094
motor1 -5.16729810081 -15.4505361442 4.55039267966 1.04642766436 -7.93181657438 5.29970959221
motor2 5.67248903118 -37.2199820262 -99.4322281554 -9.90333817629 -38.7712424184 -79.2321157962
motor1 -5.07763236008 -15.1806687105 1.68425550752 0.620079028681 -8.09923985387 2.10718485301
motor2 5.81947106723 -37.7817892926 -101.217015058 -9.95668167103 -39.0257247547 -81.4826077697
motor1 -4.98908402267 -14.9548021415 -1.08817689157 0.199905726058 -8.2975641596 -0.973011753319
motor2 5.95955202172 -38.356462237 -102.979778058 -10.0063512174 -39.2905110041 -83.6944636079
motor1 -4.90163725568 -14.7719824545 -3.76812744225 -0.214141100357 -8.52604360893 -3.94258124354
motor2 6.09283317103 -38.9434803207 -104.719792527 -10.0524092334 -39.5653215034 -85.8673542323
motor1 -4.815276514 -14.6312628599 -6.35681250808 -0.622110093472 -8.78393813153 -6.80321331892
motor2 6.21941529655 -39.5423277034 -106.436346628 -10.0949176947 -39.8498783877 -88.0009595075
motor1 -4.72998654029 -14.5317037607 -8.85544189158 -1.02404968225 -9.0705134694 -9.55658636521
motor2 6.33939868465 -40.1524932433 -108.12874131 -10.1339381335 -40.1439055899 -90.0949682412
motor1 -4.645752365 -14.4723727533 -11.2652188342 -1.42000808169 -9.38504117686 -12.2043674527
motor2 6.45288312673 -40.7734704973 -109.796290311 -10.1695316396 -40.4471288412 -92.1490781844
motor1 -4.56255930635 -14.4523446268 -13.5873400163 -1.81003329286 -9.72679862056 -14.7482123361
motor2 6.55996791919 -41.4047577205 -111.438320159 -10.2017588597 -40.7592756709 -94.1629960314
motor1 -4.48039297036 -14.4707013633 -15.8229955572 -2.19417310288 -10.0950689795 -17.1897654546
motor2 6.66075186341 -42.0458578668 -113.054170168 -10.2306799979 -41.0800754063 -96.1364374196
motor1 -4.3992392508 -14.5265321379 -17.9733690152 -2.57247508492 -10.4891412449 -19.5306599321
motor2 6.75533326582 -42.6962785884 -114.643192443 -10.2563548152 -41.4092591728 -98.0691269296
motor1 -4.31908432925 -14.6189333187 -20.0396373875 -2.9449865982 -10.9083102204 -21.7725175767
motor2 6.84380993782 -43.3555322363 -116.204751875 -10.27884263 -41.7465598939 -99.9607980855
motor1 -4.23991467505 -14.7470084668 -22.0229711102 -3.31175478799 -11.3518765219 -23.9169488811
motor2 6.92627919581 -44.0231358597 -117.738226147 -10.2982023175 -42.0917122913 -101.811193354
motor1 -4.16171704534 -14.9098683362 -23.9245340584 -3.67282658561 -11.8191465778 -25.9655530227
motor2 7.00283786124 -44.6986112065 -119.243005726 -10.3144923104 -42.4444528845 -103.620064146
motor1 -4.08447848503 -15.1066308739 -25.745483546 -4.02824870846 -12.3094326286 -27.9199178631
motor2 7.0735822605 -45.381484723 -120.718493871 -10.3277705985 -42.8045199915 -105.387170815
motor1 -4.00818632681 -15.3364212198 -27.4869703261 -4.37806765995 -12.8220527272 -29.7816199485
motor2 7.13860822505 -46.0712875542 -122.164106628 -10.3380947286 -43.171653728 -107.112282657
motor1 -3.93282819114 -15.5983717069 -29.1501385905 -4.72232972957 -13.3563307388 -31.5522245096
motor2 7.1980110913 -46.7675555435 -123.579272832 -10.3455218047 -43.5455960081 -108.795177912
motor1 -3.85839198628 -15.8916218611 -30.73612597 -5.06108099286 -13.911596341 -33.2332854616
motor2 7.2518857007 -47.4698292327 -124.963434106 -10.3501084881 -43.9260905438 -110.435643764
motor1 -3.78486590827 -16.2153184012 -32.2460635344 -5.39436731141 -14.4871850236 -34.8263454043
motor2 7.30032639969 -48.1776538623 -126.316044862 -10.351910997 -44.3128828451 -112.033476339
motor1 -3.71223844091 -16.5686152392 -33.6810757923 -5.72223433286 -15.082438089 -36.3329356219
motor2 7.34342703972 -48.8905793713 -127.6365723 -10.350985107 -44.7057202205 -113.588480706
motor1 -3.64049835581 -16.9506734799 -35.0422806915 -6.0447274909 -15.6967026515 -37.7545760829
motor2 7.38128097725 -49.6081603971 -128.924496409 -10.3473861508 -45.1043517761 -115.100470879
motor1 -3.56963471232 -17.360661421 -36.3307896185 -6.36189200528 -16.3293316381 -39.0927754407
motor2 7.41398107373 -50.3299562757 -130.179309966 -10.3411690181 -45.5085284164 -116.569269813
motor1 -3.49963685762 -17.7977545534 -37.5477073987 -6.6737728818 -16.9796837878 -40.3490310328
motor2 7.44161969562 -51.0555310415 -131.400518537 -10.3323881559 -45.9180028439 -117.994709408
motor1 -3.43049442663 -18.2611355607 -38.6941322966 -6.98041491231 -17.6471236523 -41.5248288815
motor2 7.46428871439 -51.7844534276 -132.587640476 -10.3210975683 -46.3325295592 -119.376630506
motor1 -3.36219734207 -18.7499943197 -39.7711560157 -7.28186267472 -18.3310215953 -42.6216436934
motor2 7.48207950651 -52.5162968656 -133.740206925 -10.3073508166 -46.751864861 -120.714882893
motor1 -3.29473581444 -19.2635279 -40.7798636982 -7.57816053297 -19.0307537929 -43.6409388596
motor2 7.49508295347 -53.2506394853 -134.857761817 -10.2912010192 -47.175766846 -122.009325298
motor1 -3.22810034201 -19.8009405644 -41.7213339253 -7.86935263709 -19.7457022337 -44.584166456
motor2 7.50338944174 -53.9870641155 -135.93986187 -10.2727008517 -47.6039954091 -123.259825393
motor1 -3.16228171085 -20.3614437684 -42.5966387173 -8.15548292313 -20.4752547184 -45.4527672425
motor2 7.50708886281 -54.7251582832 -136.986076593 -10.2519025467 -48.0363122433 -124.466259792
motor1 -3.09727099478 -20.9442561607 -43.4068435333 -8.4365951132 -21.2188048601 -46.2481706639
motor2 7.50627061317 -55.4645142139 -137.995988282 -10.2288578943 -48.4724808396 -125.628514056
motor1 -3.03305955544 -21.5486035827 -44.1530072714 -8.71273271548 -21.9757520843 -46.9717948492
motor2 7.50102359432 -56.2047288318 -138.969192023 -10.2036182415 -48.9122664871 -126.746482685
motor1 -2.96963904222 -22.1737190691 -44.8361822685 -8.98393902419 -22.7455016286 -47.6250466122
motor2 7.49143621276 -56.9454037595 -139.905295689 -10.1762344924 -49.3554362731 -127.820069125
motor1 -2.9070013923 -22.8188428474 -45.4574143006 -9.25025711958 -23.5274645433 -48.2093214509
motor2 7.47759638 -57.686145318 -140.803919943 -10.1467571083 -49.8017590829 -128.849185763
motor1 -2.84513883064 -23.4832223381 -46.0177425826 -9.511729868 -24.3210576907 -48.726003548
motor2 7.45959151254 -58.4265645272 -141.664698234 -10.1152361078 -50.2510055998 -129.833753931
motor1 -2.78404386998 -24.1661121545 -46.5181997683 -9.76839992182 -25.1257037455 -49.1764657707
motor2 7.4375085319 -59.166277105 -142.487276803 -10.0817210666 -50.7029483055 -130.773703905
motor1 -2.72370931085 -24.8667741032 -46.9598119505 -10.0203097195 -25.9408311947 -49.5620696704
motor2 7.4114338646 -59.9049034682 -143.271314676 -10.0462611174 -51.1573614793 -131.668974901
motor1 -2.66412824154 -25.5844771835 -47.3435986607 -10.2675014854 -26.7658743378 -49.8841654834
motor2 7.38145344218 -60.642068732 -144.01648367 -10.0089049502 -51.6140211991 -132.51951508
motor1 -2.60529403815 -26.3184975878 -47.6705728698 -10.5100172302 -27.6002732864 -50.1440921302
motor2 7.34765270115 -61.3774027102 -144.72246839 -9.9697008122 -52.0727053406 -133.325281548
motor1 -2.54720036453 -27.0681187015 -47.9417409871 -10.7478987504 -28.4434739646 -50.343177216
motor2 7.31011658305 -62.1105399148 -145.388966228 -9.92869650755 -52.5331935776 -134.086240351
motor1 -2.48984117233 -27.8326311028 -48.1581028613 -10.9811876287 -29.2949281087 -50.4827370304
motor2 7.26892953443 -62.8411195567 -146.015687365 -9.88593939773 -52.9952673822 -134.80236648
motor1 -2.43321070098 -28.6113325631 -48.3206517797 -11.2099252338 -30.1540932674 -50.5640765473
motor2 7.22417550683 -63.5687855451 -146.602354773 -9.84147640131 -53.4587100242 -135.47364387
motor1 -2.37730347767 -29.4035280466 -48.4303744688 -11.4341527203 -31.0204328016 -50.5884894255
motor2 7.17593795679 -64.2931864878 -147.14870421 -9.79535399404 -53.9233065719 -136.100065396
motor1 -2.32211431741 -30.2085297105 -48.4882510938 -11.6539110292 -31.8934158847 -50.557258008
motor2 7.12429984588 -65.0139756911 -147.654484222 -9.74761820879 -54.3888438915 -136.68163288
motor1 -2.26763832294 -31.025656905 -48.4952552591 -11.8692408872 -32.7725175023 -50.4716533224
motor2 7.06934364064 -65.7308111597 -148.119456145 -9.69831463561 -54.8551106472 -137.218357086
motor1 -2.21387088483 -31.8542361734 -48.4523540077 -12.0801828073 -33.6572184524 -50.3329350807
motor2 7.01115131265 -66.4433555971 -148.543394104 -9.6474884217 -55.3218973015 -137.71025772
motor1 -2.16080768139 -32.6936012518 -48.3605078218 -12.2867770884 -34.5470053452 -50.1423516796
motor2 6.94980433848 -67.1512764049 -148.92608501 -9.5951842714 -55.7889961149 -138.157363431
motor1 -2.10844467875 -33.5430930692 -48.2206706225 -12.4890638155 -35.4413706034 -49.9011402
motor2 6.88538369969 -67.8542456836 -149.267328564 -9.54144644622 -56.2562011459 -138.559711814
motor1 -2.05677813078 -34.4020597477 -48.0337897697 -12.6870828597 -36.3398124618 -49.6105264076
motor2 6.81796988286 -68.5519402321 -149.566937257 -9.48631876482 -56.7233082511 -138.917349405
motor1 -2.00580457915 -35.2698566025 -47.8008060625 -12.8808738781 -37.2418349678 -49.2717247523
motor2 6.74764287959 -69.2440415476 -149.824736366 -9.42984460301 -57.1901150854 -139.230331682
motor1 -1.95552085332 -36.1458461415 -47.5226537387 -13.0704763138 -38.1469479809 -48.8859383688
motor2 6.67448218645 -69.9302358262 -150.040563957 -9.37206689376 -57.6564211016 -139.498723071
motor1 -1.90592407053 -37.0293980658 -47.200260475 -13.2559293961 -39.054667173 -48.4543590761
motor2 6.59856680503 -70.6102139621 -150.214270886 -9.31302812719 -58.1220275507 -139.722596935
motor1 -1.85701163577 -37.9198892693 -46.8345473873 -13.4372721403 -39.9645140284 -47.9781673777
motor2 6.51997524195 -71.2836715484 -150.345720796 -9.25277035056 -58.5867374815 -139.902035585
motor1 -1.80878124184 -38.816703839 -46.4264290301 -13.6145433476 -40.8760158435 -47.4585324617
motor2 6.4387855088 -71.9503088765 -150.434790119 -9.19133516832 -59.0503557414 -140.037130274
motor1 -1.76123086932 -39.7192330548 -45.9768133973 -13.7877816055 -41.7887057273 -46.8966122005
motor2 6.35507512218 -72.6098309363 -150.481368075 -9.12876374204 -59.5126889754 -140.127981196
motor1 -1.71435878656 -40.6268753895 -45.4866019212 -13.9570252874 -42.7021226009 -46.2935531512
motor2 6.26892110371 -73.2619474163 -150.485356674 -9.06509679045 -59.9735456269 -140.174697491
motor1 -1.66816354969 -41.5390365091 -44.9566894734 -14.1223125527 -43.6158111978 -45.6504905554
motor2 6.18039998001 -73.9063727035 -150.446670712 -9.00037458946 -60.4327359372 -140.177397241
motor1 -1.62264400262 -42.4551292724 -44.3879643644 -14.2836813469 -44.529322064 -44.9685483389
motor2 6.08958778269 -74.5428258834 -150.365237775 -8.93463697211 -60.8900719458 -140.136207472
motor1 -1.57779927706 -43.3745737311 -43.7813083435 -14.4411694018 -45.4422115574 -44.2488391124
motor2 5.99656004839 -75.1710307399 -150.240998239 -8.86792332858 -61.3453674904 -140.051264152
motor1 -1.53362879248 -44.2967971301 -43.1375965989 -14.5948142349 -46.3540418488 -43.4924641708
motor2 5.90139181873 -75.7907157558 -150.073905265 -8.80027260624 -61.7984382065 -139.922712193
motor1 -1.49013225613 -45.2212339071 -42.4576977581 -14.7446531498 -47.2643809207 -42.7005134937
motor2 5.80415764035 -76.4016141119 -149.863924805 -8.7317233096 -62.2491015279 -139.750705449
motor1 -1.44730966306 -46.1473256928 -41.742473887 -14.8907232364 -48.1728025685 -41.8740657449
motor2 5.7049315649 -77.0034636878 -149.611035599 -8.66231350031 -62.6971766865 -139.53540672
motor1 -1.40516129607 -47.0745213109 -40.992780491 -15.0330613705 -49.0788863995 -41.0141882731
motor2 5.60378714902 -77.5960070617 -149.315229176 -8.59208079719 -63.1424847121 -139.276987746
motor1 -1.36368772577 -48.0022767781 -40.2094665139 -15.1717042138 -49.9822178335 -40.1219371111
motor2 5.50079745435 -78.17899151 -148.976509852 -8.52106237621 -63.5848484327 -138.975629213
motor1 -1.32288981054 -48.930055304 -39.3933743388 -15.3066882143 -50.8823881026 -39.1983569765
motor2 5.39603504756 -78.752169008 -148.594894732 -8.44929497049 -64.0240924746 -138.631520748
motor1 -1.28276869653 -49.8573272911 -38.5453397877 -15.438049606 -51.7789942512 -38.2444812713
motor2 5.2895720003 -79.3152962293 -148.17041371 -8.37681487031 -64.4600432618 -138.244860923
motor1 -1.24332581769 -50.7835703352 -37.6661921214 -15.5658244088 -52.6716391361 -37.2613320818
motor2 5.18147988924 -79.868134546 -147.703109469 -8.30365792309 -64.8925290167 -137.815857251
motor1 -1.20456289573 -51.7082692247 -36.7567540397 -15.6900484288 -53.5599314264 -36.2499201791
motor2 5.07182979605 -80.4104500286 -147.19303748 -8.22985953344 -65.3213797597 -137.34472619
motor1 -1.16648194016 -52.6309159412 -35.8178416814 -15.8107572581 -54.4434856034 -35.2112450186
motor2 4.96069230741 -80.9420134466 -146.640266001 -8.15545466308 -65.7464273092 -136.831693141
motor1 -1.12908524826 -53.5510096591 -34.8502646241 -15.9279862749 -55.3219219609 -34.1462947402
motor2 4.84813751499 -81.4626002674 -146.044876081 -8.0804778309 -66.1675052817 -136.276992449
motor1 -1.0923754051 -54.4680567459 -33.8548258845 -16.0417706434 -56.1948666049 -33.0560461685
motor2 4.73423501548 -81.9719906573 -145.406961555 -8.00496311297 -66.584449092 -135.6808674
motor1 -1.0563552835 -55.381570762 -32.8323219181 -16.1521453139 -57.0619514537 -31.9414648123
motor2 4.61905391056 -82.469969481 -144.726629049 -7.92894414247 -66.9970959527 -135.043570224
motor1 -1.02102804411 -56.291072461 -31.7835426193 -16.2591450226 -57.9228142381 -30.8035048651
motor2 4.50266280694 -82.9563263018 -144.003997975 -7.85245410976 -67.4052848747 -134.365362095
motor1 -0.986397135317 -57.196089789 -30.7092713217 -16.362804292 -58.7770985011 -29.6431092048
motor2 4.3851298163 -83.4308553814 -143.239200536 -7.77552576235 -67.8088566669 -133.646513131
motor1 -0.952466293312 -58.0961578855 -29.6102847976 -16.4631574305 -59.624453598 -28.4612093938
motor2 4.26652255536 -83.8933556801 -142.432381721 -7.69819140492 -68.2076539363 -132.887302391
motor1 -0.91923954206 -58.9908190828 -28.4873532584 -16.5602385326 -60.4645346964 -27.2587256791
motor2 4.14690814582 -84.3436308566 -141.58369931 -7.62048289926 -68.601521088 -132.088017878
motor1 -0.886721193307 -59.8796229062 -27.3412403541 -16.6540814787 -61.2970027764 -26.0365669921
motor2 4.0263532144 -84.7814892682 -140.69332387 -7.54243166436 -68.9903043252 -131.24895654
motor1 -0.854915846578 -60.762126074 -26.1727031741 -16.7447199356 -62.1215246302 -24.7956309486
motor2 3.90492389281 -85.2067439708 -139.761438755 -7.46406867634 -69.3738516491 -130.370424265
motor1 -0.823828389182 -61.6378924973 -24.9824922464 -16.8321873557 -62.9377728625 -23.5368038492
motor2 3.78268581777 -85.6192127187 -138.788240111 -7.38542446849 -69.7520128592 -129.452735887
motor1 -0.793463996206 -62.5064932805 -23.7713515381 -16.9165169778 -63.7454258902 -22.2609606786
motor2 3.65970413103 -86.0187179646 -137.773936871 -7.30652913123 -70.1246395529 -128.496215181
motor1 -0.763828130519 -63.3675067206 -22.5400184551 -16.9977418267 -64.5441679426 -20.9689651063
motor2 3.53604347929 -86.4050868601 -136.718750754 -7.22741231215 -70.4915851258 -127.501194868
motor1 -0.734926542769 -64.2205183079 -21.2892238425 -17.0758947132 -65.3336890613 -19.6616694861
motor2 3.41176801431 -86.7781512548 -135.622916272 -7.148103216 -70.8527047714 -126.468016609
motor1 -0.706765271386 -65.0651207254 -20.0196919841 -17.151008234 -66.1136851002 -18.3399148566
motor2 3.28694139283 -87.1377476973 -134.486680721 -7.06863060468 -71.2078554816 -125.397031011
motor1 -0.67935064258 -65.9009138493 -18.7321406026 -17.2231147721 -66.8838577255 -17.0045309404
motor2 3.16162677659 -87.4837174345 -133.310304189 -6.98902279722 -71.556896046 -124.288597623
motor1 -0.652689270342 -66.7275047486 -17.4272808598 -17.2922464964 -67.6439144159 -15.6563361451
motor2 3.03588683234 -87.8159064116 -132.094059552 -6.90930766984 -71.8996870528 -123.143084936
motor1 -0.626788056443 -67.5445076853 -16.1058173564 -17.358435362 -68.3935684621 -14.2961375624
motor2 2.90978373185 -88.1341652728 -130.838232471 -6.8295126559 -72.2360908877 -121.960870386
motor1 -0.601654190435 -68.3515441145 -14.768448132 -17.4217131098 -69.1325389675 -12.9247309688
motor2 2.78337915186 -88.4383493603 -129.5431214 -6.7496647459 -72.565971735 -120.742340353
motor1 -0.577295149651 -69.1482426842 -13.4158646652 -17.4821112671 -69.8605508476 -11.5429008251
motor2 2.65673427416 -88.7283187153 -128.209037579 -6.66979048752 -72.8891955768 -119.487890157
motor1 -0.553718699204 -69.9342392352 -12.0487518734 -17.539661147 -70.5773348301 -10.1514202766
motor2 2.52990978551 -89.0039380771 -126.836305038 -6.58991598557 -73.2056301934 -118.197924064
motor1 -0.530932891987 -70.7091768016 -10.6677881131 -17.5943938486 -71.2826274554 -8.75105115323
motor2 2.40296587768 -89.2650768837 -125.425260593 -6.51006690203 -73.5151451631 -116.872855282
motor1 -0.508946068675 -71.4727056102 -9.27364517955 -17.6463402573 -71.9761710759 -7.34254396931
motor2 2.27596224746 -89.5116092718 -123.976253851 -6.43026845602 -73.8176118624 -115.513105963
motor1 -0.487766857723 -72.2244830808 -7.86698830716 -17.6955310443 -72.6577138564 -5.92663792367
motor2 2.14895809663 -89.7434140762 -122.489647206 -6.35054542384 -74.1129034658 -114.119107201
motor1 -0.467404175366 -72.9641738264 -6.44847616913 -17.7419966671 -73.327009774 -4.50406089965
motor2 2.02201213198 -89.9603748306 -120.965815842 -6.27092213891 -74.400894946 -112.691299034
motor1 -0.447867225621 -73.6914496527 -5.01876087764 -17.785767369 -73.9838186184 -3.07552946508
motor2 1.89518256532 -90.1623797669 -119.40514773 -6.19142249184 -74.6814630737 -111.230130445
motor1 -0.429165500283 -74.4059895586 -3.57848798378 -17.8268731796 -74.6279059912 -1.64174887229
motor2 1.76852711342 -90.3493218158 -117.80804363 -6.11206993035 -74.9544864176 -109.736059356
motor1 -0.411308778932 -75.1074797357 -2.12829647762 -17.8653439144 -75.2590433066 -0.203413058078
motor2 1.64210299812 -90.5210986064 -116.17491709 -6.03288745936 -75.2198453448 -108.209552636
motor1 -0.394307128923 -75.7956135688 -0.668818788141 -17.9012091749 -75.877007791 1.23879535623
motor2 1.5159669462 -90.6776124662 -114.506194448 -5.95389764091 -75.4774220201 -106.651086095
motor1 -0.378170905396 -76.4700916356 0.799319216739 -17.9344983488 -76.4815824833 2.68420506482
motor2 1.39017518949 -90.8187704214 -112.802314829 -5.87512259421 -75.7271004066 -105.061144487
motor1 -0.362910751271 -77.1306217068 2.27549823016 -17.9652406098 -77.0725562344 4.1321560774
motor2 1.2647834648 -90.9444841966 -111.063730147 -5.79658399562 -75.9687662656 -103.440221511
motor1 -0.348537597246 -77.7769187459 3.75910550632 -17.9934649175 -77.6497237078 5.58199971917
motor2 1.13984701396 -91.0546702149 -109.290905105 -5.71830307866 -76.2023071563 -101.788819805
motor1 -0.335062661801 -78.4087049097 5.24953486049 -18.0192000179 -78.2128853793 7.03309863083
motor2 1.01542058381 -91.149249598 -107.484317193 -5.640300634 -76.427612436 -100.107450954
motor1 -0.322497451199 -79.0257095477 6.74618666899 -18.0424744428 -78.7618475368 8.48482676859
motor2 0.89155842616 -91.2281481662 -105.644456691 -5.56259700946 -76.6445732602 -98.3966354854
motor1 -0.31085375948 -79.6276692024 8.24846786922 -18.06331651 -79.2964222809 9.93656940418
motor2 0.768314297864 -91.291296438 -103.771826666 -5.48521211002 -76.8530825824 -96.6569028684
motor1 -0.300143668466 -80.2143276094 9.75579195964 -18.0817543235 -79.8164275242 11.3877231248
motor2 0.645741460763 -91.3386296307 -101.866942976 -5.4081653978 -77.0530351542 -94.8887915166
motor1 -0.290379547761 -80.7854356972 11.2675789997 -18.0978157733 -80.3216869917 12.8376958332
motor2 0.523892681703 -91.37008766 -99.9303342651 -5.3314758921 -77.2443275253 -93.0928487866
motor1 -0.281574054747 -81.3407515872 12.7832556101 -18.1115285354 -80.8120302208 14.2859067476
motor2 0.402820232538 -91.3856151402 -97.9625419668 -5.25516216936 -77.4268580436 -91.2696309781
motor1 -0.273740134588 -81.880040594 14.3022549724 -18.122920072 -81.2872925611 15.7317864018
motor2 0.282575890125 -91.385161384 -95.964120303 -5.17924236316 -77.600526855 -89.4197033342
motor1 -0.266891020228 -82.4030752248 15.8240168294 -18.1320176313 -81.7473151747 17.1747766449
motor2 0.163210936328 -91.3686804027 -93.9356362841 -5.10373416425 -77.7652359033 -87.543640041
motor1 -0.261040232394 -82.9096351801 17.3479874847 -18.1388482473 -82.1919450359 18.6143306418
motor2 0.0447761580136 -91.336130906 -91.877669709 -5.02865482054 -77.9208889308 -85.6420242279
motor1 -0.256201579589 -83.3995073533 18.8736198032 -18.1434387405 -82.6210349314 20.0499128726
motor2 -0.0726781529462 -91.2874763024 -89.790813165 -4.95402113709 -78.0673914774 -83.7154479677
motor1 -0.252389158102 -83.8724858306 20.4003732109 -18.1458157171 -83.03444346 21.4809991332
motor2 -0.189102199674 -91.2226846985 -87.6756720281 -4.87984947609 -78.2046508816 -81.7645122761
motor1 -0.249617351998 -84.3283718914 21.9277136946 -18.1460055695 -83.4320350332 22.9070765348
motor2 -0.304446680289 -91.1417288998 -85.5328644626 -4.80615575692 -78.3325762796 -79.7898271122
motor1 -0.247900833125 -84.766974008 23.4551138025 -18.1440344761 -83.8136798745 24.3276435042
motor2 -0.418662787903 -91.04458641 -83.3630214213 -4.7329554561 -78.4510786059 -77.7920113784
motor1 -0.247254561111 -85.1881078456 24.9820526435 -18.1399284014 -84.1792540198 25.7422097836
motor2 -0.531702210625 -90.9312394316 -81.1667866455 -4.66026360729 -78.560070593 -75.77169292
motor1 -0.247693783364 -85.5915962623 26.5080158878 -18.1337130959 -84.5286393175 27.1502964308
motor2 -0.643517131559 -90.8016748654 -78.9448166651 -4.58809480132 -78.6594667715 -73.7295085259
motor1 -0.249234035075 -85.9772693095 28.0324957666 -18.1254140961 -84.8617234281 28.5514358191
motor2 -0.754060228804 -90.6558843108 -76.6977807984 -4.51646318617 -78.7491834701 -71.6661039279
motor1 -0.251891139212 -86.3449642312 29.5549910723 -18.1150567249 -85.1783998245 29.9451716374
motor2 -0.863284675453 -90.4938640657 -74.4263611522 -4.44538246698 -78.8291388156 -69.5821338012
motor1 -0.255681206527 -86.6945254645 31.075007158 -18.1026660907 -85.478567792 31.3310588898
motor2 -0.971144139597 -90.3156151266 -72.1312526219 -4.37486590603 -78.8992527328 -67.4782617641
motor1 -0.260620635549 -87.0258046397 32.5920559383 -18.0882670884 -85.7621324281 32.7086638962
motor2 -1.07759278432 -90.1211431883 -69.8131628911 -4.30492632277 -78.9594469449 -65.3551603784
motor1 -0.266726112592 -87.3386605797 34.1056558886 -18.0718843987 -86.0290046427 34.0775642918
motor2 -1.1825852677 -89.9104586444 -67.4728124321 -4.2355760938 -79.0096449727 -63.2135111486
motor1 -0.274014611746 -87.6329593006 35.6153320453 -18.0535424885 -86.279101158 35.4373490276
motor2 -1.28607674281 -89.6835765869 -65.1109345058 -4.16682715285 -79.0497721355 -61.054004523
motor1 -0.282503394886 -87.9085740114 37.1206160062 -18.0332656107 -86.5123445086 36.7876183698
motor2 -1.38802285773 -89.4405168061 -62.7282751613 -4.09869099084 -79.0797555505 -58.8773398926
motor1 -0.292210011664 -88.1653851142 38.6210459298 -18.0110778042 -86.7286630412 38.1279839002
motor2 -1.48837975552 -89.1813037911 -60.3255932364 -4.03117865583 -79.0995241331 -56.684225592
motor1 -0.303152299514 -88.4032802037 40.1161665358 -17.9870028941 -86.927990915 39.4580685162
motor2 -1.58710407423 -88.9059667295 -57.9036603574 -3.96430075302 -79.1090085966 -54.4753788987
motor1 -0.315348383651 -88.6221540681 41.605529105 -17.9610644913 -87.1102681017 40.7775064305
motor2 -1.68415294693 -88.6145395072 -55.463260939 -3.89806744479 -79.1081414527 -52.2515260338
motor1 -0.32881667707 -88.8219086882 43.0886914793 -17.933285993 -87.2754403849 42.0859431715
motor2 -1.77948400166 -88.3070607088 -53.0051921843 -3.83248845066 -79.0968570108 -50.0134021612
motor1 -0.343575880547 -89.0024532378 44.5652180616 -17.9036905824 -87.4234593608 43.3830355831
motor2 -1.87305536147 -87.9835736174 -50.5302640852 -3.76757304729 -79.0750913786 -47.7617513883
motor1 -0.359644982638 -89.1637040839 46.0346798157 -17.8723012286 -87.5542824378 44.6684518246
motor2 -1.9648256444 -87.6441262145 -48.0392994217 -3.70333006852 -79.0427824621 -45.4973267657
motor1 -0.377043259681 -89.3055847861 47.4966542668 -17.8391406869 -87.6678728369 45.9418713709
motor2 -2.0547539635 -87.2887711803 -45.5331337626 -3.63976790534 -78.999869965 -43.2208902869
motor1 -0.395790275793 -89.4280260975 48.9507255009 -17.8042314987 -87.7641995911 47.2029850122
motor2 -2.14279992678 -86.9175658934 -43.0126154651 -3.57689450587 -78.9462953892 -40.9332128892
motor1 -0.415905882871 -89.5309659635 50.3964841651 -17.7675959913 -87.8432375457 48.4514948545
motor2 -2.22892363728 -86.5305724308 -40.4786056748 -3.51471737541 -78.882002035 -38.6350744525
motor1 -0.437410220596 -89.6143495231 51.8335274678 -17.7292562781 -87.9049673587 49.6871143191
motor2 -2.31308569301 -86.1278575682 -37.9319783258 -3.45324357641 -78.8069350003 -36.3272638003
motor1 -0.460323716426 -89.678129108 53.2614591781 -17.6892342586 -87.9493755 50.9095681429
motor2 -2.395247187 -85.7094927798 -35.3736201408 -3.39247972846 -78.7210411814 -34.0105786991
motor1 -0.484667085601 -89.7222642427 54.6798896263 -17.6475516184 -87.9764542521 52.1185923783
motor2 -2.47536970726 -85.2755542383 -32.804430631 -3.33243200831 -78.6242692727 -31.685825859
motor1 -0.510461331142 -89.7467216449 56.088435704 -17.6042298289 -87.9862017096 53.3139343931
motor2 -2.55341533679 -84.8261228148 -30.225322096 -3.27310614988 -78.5165697666 -29.3538209327
motor1 -0.53772774385 -89.7514752254 57.4867208635 -17.5592901479 -87.9786217798 54.4953528707
motor2 -2.6293466536 -84.3612840791 -27.6372196238 -3.21450744423 -78.3978949535 -27.0153885167
motor1 -0.566487902307 -89.7365060875 58.8743751184 -17.512753619 -87.9537241818 55.66261781
motor2 -2.70312673068 -83.8811282993 -25.0410610911 -3.15664073956 -78.2681989221 -24.6713621504
motor1 -0.596763672875 -89.701802528 60.2510350432 -17.4646410719 -87.9115244475 56.8155105255
motor2 -2.77471913604 -83.3857504422 -22.437797163 -3.09951044125 -78.1274375591 -22.3225843165
motor1 -0.628577209697 -89.6473600364 61.6163437737 -17.4149731225 -87.8520439209 57.9538236469
motor2 -2.84408793264 -82.875250173 -19.8283912931 -3.04312051182 -77.9755685491 -19.9699064409
motor1 -0.661950954697 -89.573181295 62.9699510065 -17.3637701726 -87.7753097582 59.0773611198
motor2 -2.91119767849 -82.3497318555 -17.2138197234 -2.98747447096 -77.8125513752 -17.6141888927
motor1 -0.696907637579 -89.4792761796 64.3115129994 -17.31105241 -87.6813549282 60.185938205
motor2 -2.97601342655 -81.809304552 -14.5950714846 -2.93257539548 -77.6383473182 -15.2563009842
motor1 -0.733470275827 -89.3656617583 65.6406925712 -17.2568398088 -87.5702182119 61.279381479
motor2 -3.03850072481 -81.2540820233 -11.9731483956 -2.87842591939 -77.4529194572 -12.8971209711
motor1 -0.771662174707 -89.2323622928 66.9571591019 -17.2011521289 -87.4419442025 62.3575288335
motor2 -3.09862561622 -80.6841827287 -9.34906506396 -2.8250282338 -77.2562326693 -10.537536052
motor1 -0.811506927266 -89.0794092374 68.2605885324 -17.1440089164 -87.2965833058 63.4202294762
motor2 -3.15635463876 -80.099729826 -6.72384888581 -2.77238408703 -77.0482536298 -8.17844236903
motor1 -0.853028414328 -88.9068412395 69.5506633648 -17.0854295034 -87.1341917396 64.4673439299
motor2 -3.21165482538 -79.5008511716 -4.09854004562 -2.72049478452 -76.8289508119 -5.8207450073
motor1 -0.896250804502 -88.7147041393 70.827072662 -17.025433008 -86.9548315343 65.498744033
motor2 -3.26449370404 -78.8876793203 -1.47419151642 -2.66936118886 -76.5982944871 -3.46535799526
motor1 -0.941198554176 -88.5030509702 72.0895120484 -16.9640383344 -86.7585705325 66.5143129396
motor2 -3.31483929769 -78.2603515254 1.14813094029 -2.61898371982 -76.3562567249 -1.11320430455
motor1 -0.987896407517 -88.2719419585 73.337683709 -16.901264173 -86.545482389 67.5139451189
motor2 -3.36266012427 -77.6190097389 3.76734877452 -2.56936235431 -76.1028113928 1.23478414998
motor1 -1.03636939647 -88.0214445234 74.5712963903 -16.837129 -86.3156465713 68.4975463561
motor2 -3.40792519672 -76.9638006112 6.38237064778 -2.52049662639 -75.8379341566 3.57766651026
motor1 -1.08664284078 -87.7516332772 75.7900653994 -16.7716510777 -86.0691483587 69.4650337514
motor2 -3.45060402297 -76.2948754912 8.99209243309 -2.47238562727 -75.5616024799 5.91449297501
motor1 -1.13874234794 -87.462590025 76.9937126049 -16.7048484547 -85.8060788433 70.416335721
motor2 -3.49066660597 -75.6123904264 11.595397215 -2.42502800533 -75.2737956247 8.24430479972
motor1 -1.19269381324 -87.154403765 78.1819664361 -16.6367389654 -85.5265349293 71.3513919962
motor2 -3.52808344362 -74.9165061626 14.1911552895 -2.37842196609 -74.9744946508 10.5661342967
motor1 -1.24852341977 -86.8271706884 79.3545618837 -16.5673402302 -85.2306193331 72.2701536241
motor2 -3.56282552886 -74.2073881443 16.7782241643 -2.33256527225 -74.6636824164 12.879004835
motor1 -1.30625763837 -86.4809941792 80.5112404992 -16.4966696558 -84.9184405838 73.1725829671
motor2 -3.5948643496 -73.4852065146 19.3554485582 -2.28745524362 -74.3413435776 15.1819308404
motor1 -1.36592322766 -86.1159848146 81.6517503953 -16.4247444349 -84.5901130224 74.0586537032
motor2 -3.62417188875 -72.7501361148 21.921660402 -2.2430887572 -74.0074645885 17.4739177957
motor1 -1.42754723408 -85.7322603645 82.7758462456 -16.351581546 -84.2457568025 74.9283508258
motor2 -3.65072062422 -72.0023564851 24.4756788378 -2.19946224712 -73.6620337015 19.7539622401
motor1 -1.4911569918 -85.329945792 83.883289285 -16.277197754 -83.88549789 75.781670644
motor2 -3.6744835289 -71.242051864 27.016310219 -2.1565717047 -73.305040967 22.02105177
motor1 -1.55678012281 -84.9091732531 84.9738473093 -16.2016096096 -83.509468063 76.6186207823
motor2 -3.6954340707 -70.4694111885 29.5423481108 -2.11441267837 -72.9364782334 24.2741650383
motor1 -1.62444453685 -84.4700820968 86.0472946755 -16.1248334496 -83.1178049119 77.4392201806
motor2 -3.7135462125 -69.6846280941 32.0525732899 -2.07298027375 -72.5563391474 26.5122717547
motor1 -1.69417843147 -84.012818865 87.1034123014 -16.046885397 -82.7106518397 78.2434990945
motor2 -3.7287944122 -68.8879009149 34.5457537443 -2.03226915358 -72.1646191536 28.7343326859
motor1 -1.76601029198 -83.5375372926 88.1419876661 -15.9677813607 -82.2881580614 79.031499095
motor2 -3.74115362267 -68.0794326835 37.0206446737 -1.99227353779 -71.7613154947 30.9392996552
motor1 -1.83996889148 -83.0443983075 89.1628148098 -15.8875370356 -81.8504786044 79.8032730686
motor2 -3.75059929179 -67.2594311311 39.4759884893 -1.95298720343 -71.3464272117 33.1261155426
motor1 -1.91608329084 -82.5335700305 90.1656943335 -15.8061679029 -81.3977743087 80.5588852172
motor2 -3.75710736244 -66.4281086872 41.9105148136 -1.91440348474 -70.9199551433 35.2937142851
motor1 -1.99438283872 -82.0052277756 91.1504333995 -15.7236892296 -80.9302118262 81.2984110586
motor2 -3.76065427248 -65.5856824799 44.3229404808 -1.87651527308 -70.4819019268 37.4410208764
motor1 -2.07489717157 -81.4595540493 92.1168457311 -15.640116069 -80.4479636215 82.0219374256
motor2 -3.76121695478 -64.732374336 46.7119695367 -1.83931501698 -70.0322719972 39.566951367
motor1 -2.15765621359 -80.8967385517 93.0647516126 -15.5554632601 -79.9512079712 82.7295624668
motor2 -3.75877283719 -63.8684107805 49.0762932384 -1.80279472213 -69.5710715876 41.670412864
motor1 -2.24269017679 -80.3169781753 93.9939778894 -15.4697454283 -79.4401289644 83.4213956463
motor2 -3.75329984257 -62.9940230372 51.4145900546 -1.76694595136 -69.0983087294 43.7503035316
motor1 -2.33002956096 -79.7204770058 94.904357968 -15.3829769849 -78.9149165026 84.0975577435
motor2 -3.74477638876 -62.1094470283 53.7255256655 -1.73175982467 -68.613993252 45.8055125906
motor1 -2.41970515364 -79.1074463221 95.795731816 -15.2951721272 -78.3757662994 84.7581808536
motor2 -3.73318138861 -61.2149233744 56.0077529628 -1.6972270192 -68.1181367829 47.8349203185
motor1 -2.51174803019 -78.4781045956 96.6679459618 -15.2063448386 -77.8228798809 85.4034083872
motor2 -3.71849424996 -60.3106973949 58.2599120497 -1.66333776924 -67.6107527476 49.8373980498
motor1 -2.60618955371 -77.8326774911 97.5208534953 -15.1165088887 -77.2564645854 86.0333950701
motor2 -3.70069487564 -59.3970191073 60.4806302411 -1.63008186626 -67.0918563698 51.8118081757
motor1 -2.70306137513 -77.1713978662 98.3543140671 -15.0256778329 -76.6767335637 86.6483069442
motor2 -3.67976366348 -58.4741432281 62.668522063 -1.59744865886 -66.5614646712 53.757004144
motor1 -2.80239543311 -76.4945057714 99.168193889 -14.9338650129 -76.0839057788 87.2483213663
motor2 -3.65568150631 -57.5423291719 64.8221892533 -1.56542705279 -66.0195964717 55.6718304596
motor1 -2.90422395413 -75.8022484502 99.9623657338 -14.8410835562 -75.478206006 87.8336270091
motor2 -3.62842979194 -56.6018410521 66.9402207613 -1.53400551098 -65.4662723892 57.5551226839
motor1 -3.00857945243 -75.0948803392 100.736708935 -14.7473463766 -74.8598648329 88.4044238607
motor2 -3.59799040319 -55.6529476804 69.0211927477 -1.5031720535 -64.9015148397 59.4057074353
motor1 -3.11549473003 -74.3726630678 101.491109389 -14.6526661737 -74.2291186596 88.9609232246
motor2 -3.56434571786 -54.6959225672 71.0636685847 -1.47291425757 -64.3253480373 61.2224023889
motor1 -3.22500287674 -73.6358654586 102.22545955 -14.5570554333 -73.5862096983 89.50334772
motor2 -3.52747860878 -53.7310439214 73.0661988563 -1.44321925756 -63.7377979943 63.0040162765
motor1 -3.33713727014 -72.8847635269 102.939658437 -14.4605264274 -72.9313859737 90.0319312814
motor2 -3.48737244372 -52.7585946501 75.0273213576 -1.41407374501 -63.1388925208 64.7493488869
motor1 -3.45193157561 -72.1196404811 103.633611626 -14.3630912137 -72.2649013227 90.5469191589
motor2 -3.4440110855 -51.7788623594 76.9455610956 -1.3854639686 -62.5286612254 66.4571910653
motor1 -3.56941974629 -71.3407867226 104.307231258 -14.2647616363 -71.5870153947 91.0485679182
motor2 -3.39737889189 -50.7921393536 78.8194302885 -1.35737573417 -61.9071355144 68.1263247142
motor1 -3.6896360231 -70.5484998458 104.960436032 -14.165549325 -70.8979936511 91.5371454404
motor2 -3.34746071569 -49.7987226356 80.6474283661 -1.32979440472 -61.2743485924 69.7555227924
motor1 -3.81261493476 -69.7430846379 105.593151211 -14.0654656961 -70.198107366 92.012930922
motor2 -3.29424190468 -48.7989139069 82.4280419699 -1.3027049004 -60.6303354621 71.3435493159
motor1 -3.93839129775 -68.9248530793 106.205308616 -13.9645219515 -69.4876336256 92.4762148753
motor2 -3.23770830164 -47.7930195672 84.1597449526 -1.2760916985 -59.9751329242 72.8891593571
motor1 -4.06700021635 -68.0941243431 106.79684663 -13.8627290794 -68.7668553284 92.9272991278
motor2 -3.17784624432 -46.7813507151 85.8409983786 -1.24993883349 -59.3087795776 74.3910990454
motor1 -4.1984770826 -67.2512247957 107.3677102 -13.760097854 -68.0360611853 93.3664968226
motor2 -3.11464256551 -45.7642231476 87.4702505238 -1.22422989696 -58.6313158191 75.848105567
motor1 -4.33285757634 -66.3964879963 107.917850829 -13.6566388357 -67.2955457197 93.7941324184
motor2 -3.04808459296 -44.7419573601 89.0459368757 -1.19894803769 -57.9427838438 77.2589071648
motor1 -4.47017766518 -65.5302546969 108.447226585 -13.5523623706 -66.5456092669 94.2105416894
motor2 -2.97816014943 -43.7148785466 90.5664801329 -1.1740759616 -57.2432276447 78.6222231385
motor1 -4.61047360451 -64.6528728428 108.955802095 -13.4472785912 -65.7865579748 94.6160717252
motor2 -2.90485755267 -42.6833165996 92.0302902061 -1.14959593175 -56.5326930131 79.9367638447
motor1 -4.7537819375 -63.764697572 109.443548548 -13.3413974158 -65.0187038038 95.0110809309
motor2 -2.82816561543 -41.6476061101 93.4357642171 -1.12548976838 -55.8112275382 81.2012306966
motor1 -4.90013949511 -62.8660912157 109.910443695 -13.234728549 -64.2423645261 95.3959390272
motor2 -2.74807364545 -40.6080863676 94.7812864992 -1.10173884886 -55.0788806074 82.4143161642
motor1 -5.04958339607 -61.9574232979 110.356471845 -13.1272814813 -63.4578637268 95.7710270503
motor2 -2.66457144547 -39.5651013603 96.0652285976 -1.07832410772 -54.3357034062 83.5747037745
motor1 -5.20215104689 -61.0390705356 110.781623872 -13.0190654891 -62.6655308029 96.1367373518
motor2 -2.57764931322 -38.5189997746 97.2859492685 -1.05522603666 -53.5817489181 84.681068111
motor1 -5.35788014188 -60.1114168388 111.185897207 -12.9100896353 -61.8657009639 96.4934735989
motor2 -2.48729804143 -37.4701349957 98.4417944799 -1.03242468452 -52.8170719247 85.7320748141
motor1 -5.5168086631 -59.1748533106 111.569295845 -12.8003627684 -61.0587152316 96.8416507743
motor2 -2.39350891783 -36.4188651071 99.5310974114 -1.00989965729 -52.0417290059 86.7263805812
motor1 -5.67897488041 -58.2297782468 111.931830342 -12.6898935232 -60.2449204402 97.1816951762
motor2 -2.29627372512 -35.365552891 100.552178454 -0.98763011813 -51.2557785393 87.6626331661
motor1 -5.84441735145 -57.2765971364 112.273517813 -12.5786903204 -59.4246692361 97.5140444182
motor2 -2.19558474103 -34.310565828 101.50334521 -0.965594787337 -50.459280701 88.5394713796
motor1 -6.01317492164 -56.3157226612 112.594381936 -12.4667613669 -58.5983200781 97.8391474296
motor2 -2.09143473826 -33.2542760972 102.382892493 -0.943771942372 -49.6522974648 89.3555250893
motor1 -6.18528672417 -55.3475746962 112.894452949 -12.3541146556 -57.7662372372 98.157464455
motor2 -1.98381698452 -32.1970605763 103.189102329 -0.922139417848 -48.834892603 90.1094152196
motor1 -6.36079218003 -54.3725803091 113.173767652 -12.2407579654 -56.9287907969 98.4694670547
motor2 -1.87272524251 -31.1393008414 103.920243956 -0.900674605532 -48.0071316857 90.7997537514
motor1 -6.53973099796 -53.3911737608 113.432369405 -12.1266988613 -56.0863566529 98.7756381043
motor2 -1.75815376992 -30.0813831673 104.57457382 -0.879354454344 -47.1690820811 91.4251437228
motor1 -6.72214317453 -52.403796505 113.670308129 -12.0119446944 -55.2393165133 99.0764717951
motor2 -1.64009731943 -29.0236985271 105.150335584 -0.858155470359 -46.3208129556 91.9841792285
motor1 -6.90806899403 -51.4108971885 113.887640307 -11.8965026017 -54.3880578985 99.3724736338
motor2 -1.51855113875 -27.9666425927 105.645760117 -0.837053716807 -45.4623952737 92.4754454198
motor1 -7.09754902858 -50.4129316509 114.084428984 -11.7803795065 -53.5329741412 99.6641604426
motor2 -1.39351097053 -26.9106157341 106.059065504 -0.816024814069 -44.593901798 92.8975185051
motor1 -7.29062413806 -49.4103629251 114.260743762 -11.6635821179 -52.6744643864 99.9520603593
motor2 -1.26497305247 -25.8560230201 106.388457038 -0.795043939684 -43.7154070889 93.2489657494
motor1 -7.48733547013 -48.4036612365 114.416660809 -11.5461169311 -51.8129335915 100.236712837
motor2 -1.13293411722 -24.8032742181 106.632127226 -0.774085828343 -42.8269875054 93.5283454744
motor1 -7.68772446022 -47.393304004 114.552262852 -11.4279902275 -50.9487925261 100.518668645
motor2 -0.997391392464 -23.7527837938 106.788255785 -0.75312477189 -41.9287212041 93.734207059
motor1 -7.89183283158 -46.379775839 114.667639177 -11.3092080745 -50.0824577724 100.798489866
motor2 -0.85834260085 -22.7049709115 106.855009645 -0.732134619324 -41.0206881399 93.8650909383
motor1 -8.09970259519 -45.3635685462 114.762885635 -11.1897763254 -49.2143517245 101.076749902
motor2 -0.715785960037 -21.660259434 106.830542945 -0.7110887768 -40.102970066 93.9195286046
motor1 -8.31137604985 -44.3451811231 114.838104635 -11.0697006197 -48.3449025891 101.354033466
motor2 -0.569720182676 -20.6190779226 106.712997039 -0.689960207624 -39.1756505333 93.8960426068
motor1 -8.52689578211 -43.3251197602 114.893405148 -10.948986383 -47.4745443853 101.63093659
motor2 -0.420144476413 -19.5818596372 106.50050049 -0.668721432258 -38.238814891 93.7931465508
motor1 -8.74630466634 -42.303897841 114.928902707 -10.8276388268 -46.6037169443 101.908066621
motor2 -0.26705854389 -18.5490425361 106.191169073 -0.647344528316 -37.2925502864 93.6093450989
motor1 -8.96964586464 -41.282035942 114.944719404 -10.7056629488 -45.7328659098 102.186042219
motor2 -0.110462582743 -17.5210692763 105.783105774 -0.62580113057 -36.3369456649 93.3431339706
motor1 -9.19696282693 -40.2600618326 114.940983894 -10.5830635325 -44.8624427376 102.465493363
motor2 0.0496427143966 -16.498387213 105.274400792 -0.604062430942 -35.3720917698 92.9929999419
motor1 -9.4282992909 -39.2385104752 114.917831393 -10.4598451478 -43.9929046961 102.747061344
motor2 0.213256159902 -15.4814484003 104.663131536 -0.58209917851 -34.3980811428 92.5574208457
motor1 -9.66369928201 -38.2179240253 114.875403676 -10.3360121504 -43.1247148658 103.031398771
motor2 0.380376071151 -14.4707095904 103.947362627 -0.559881679505 -33.4150081233 92.0348655716
motor1 -9.90320711352 -37.198851831 114.813849082 -10.2115686822 -42.2583421397 103.319169569
motor2 0.551000270526 -13.4666322345 103.125145899 -0.537379797313 -32.4229688493 91.4237940661
motor1 -10.1468673865 -36.1818504338 114.733322508 -10.0865186711 -41.3942612229 103.611048976
motor2 0.725126085415 -12.4696824818 102.194520396 -0.514562952475 -31.4220612563 90.7226573325
motor1 -10.3947249896 -35.167483568 114.633985415 -9.96086583088 -40.5329526331 103.907723546
motor2 0.902750348211 -11.4803311804 101.153512372 -0.491400122683 -30.4123850784 89.9298974307
motor1 -10.6468250996 -34.1563221608 114.516005822 -9.83461366168 -39.6749027002 104.209891152
motor2 1.08386939631 -10.4990538767 100.000135296 -0.467859842786 -29.3940418476 89.0439474775
motor1 -10.9032131808 -33.1489443324 114.379558313 -9.7077654495 -38.8206035663 104.518260977
motor2 1.26847907212 -9.52633081584 98.7323898457 -0.443910204786 -28.3671348938 88.0632316465
motor1 -11.1639349853 -32.1459353961 114.224824029 -9.58032426644 -37.970553186 104.833553524
motor2 1.45657472303 -8.5626469412 97.3482639118 -0.419518857839 -27.3317693453 86.9861651681
motor1 -11.4290365531 -31.147887858 114.051990675 -9.45229297065 -37.1252553261 105.156500609
motor2 1.64815120148 -7.60849189485 95.8457325959 -0.394653008254 -26.2880521283 85.8111543294
motor1 -11.6985642119 -30.1554014173 113.861252515 -9.32367420634 -36.2852195658 105.487845365
motor2 1.84320286486 -6.66436001733 94.2227582113 -0.369279419497 -25.2360919672 84.5365964744
motor1 -11.9725645772 -29.1690829661 113.652810376 -9.19447040375 -35.4509612966 105.82834224
motor2 2.04172357561 -5.7307503477 92.4772902827 -0.343364412184 -24.1759993844 83.1608800037
motor1 -12.2510845523 -28.1895465896 113.426871643 -9.0646837792 -34.6230017223 106.178756996
motor2 2.24370670114 -4.80816662354 90.6072655464 -0.316873864089 -23.1078867003 81.6823843749
motor1 -12.5341713282 -27.2174135657 113.183650267 -8.93431633504 -33.8018678591 106.539866713
motor2 2.4491451139 -3.89711728092 88.6106079502 -0.289773210137 -22.0318680338 80.0994801022
motor1 -12.8218723837 -26.2533123655 112.923366755 -8.80336985969 -32.9880925355 106.912459785
motor2 2.6580311913 -2.99811545446 86.4852286533 -0.26202744241 -20.9480593013 78.4105287568
motor1 -13.1142354855 -25.297878653 112.646248178 -8.67184592761 -32.1822143922 107.297335922
motor2 2.87035681581 -2.11167897727 84.2290260267 -0.233601110141 -19.8565782178 76.6138829664
motor1 -13.4113086879 -24.3517552852 112.352528167 -8.53974589932 -31.3847778824 107.695306149
motor2 3.08611337486 -1.238330381 81.8398856525 -0.204458319719 -18.757544296 74.7078864157
motor1 -13.7131403332 -23.415592312 112.042446915 -8.40707092139 -30.5963332714 108.107192807
motor2 3.30529176089 -0.378596895782 79.3156803247 -0.174562734686 -17.6510788471 72.6908738461
motor1 -14.0197790513 -22.4900469765 111.716251175 -8.27382192644 -29.8174366371 108.533829552
motor2 3.52788237138 0.466989549706 76.6542700485 -0.14387757574 -16.53730498 70.5611710559
motor1 -14.3312737599 -21.5757837143 111.374194262 -8.13999963315 -29.0486498695 108.976061357
motor2 3.75387510877 1.29789232829 73.8535020408 -0.112365620729 -15.4163476019 68.3170948999
motor1 -14.6476736646 -20.6734741546 111.01653605 -8.00560454625 -28.2905406711 109.434744508
motor2 3.98325938053 2.11357011426 70.9112107299 -0.0799892046607 -14.2883334181 65.95695329
motor1 -14.9690282587 -19.7837971189 110.643542978 -7.8706369565 -27.5436825566 109.91074661
motor2 4.21602409914 2.91347688342 67.8252177558 -0.0467102196921 -13.1533909318 63.4790451947
motor1 -15.2953873231 -18.9074386223 110.255488041 -7.73509694076 -26.808654853 110.404946579
motor2 4.45215768206 3.69706191303 64.5933319697 -0.0124901151363 -12.0116504446 60.8816606394
motor1 -15.6268009269 -18.0450918724 109.8526508 -7.5989843619 -26.0860426998 110.918234649
motor2 4.69164805177 4.46376978186 61.2133494345 0.0227101025397 -10.8632440559 58.1630807061
motor1 -15.9633194266 -17.19745727 109.435317374 -7.46229886886 -25.3764370485 111.451512372
motor2 4.93448263576 5.21304037014 57.6830534247 0.058929869715 -9.70830566326 55.3215775338
motor1 -16.3049934667 -16.3652424089 109.003780443 -7.32503989663 -24.6804346634 112.00569261
motor2 5.18064836652 5.9443088596 54.0002144262 0.0962090656147 -8.54697096248 52.3554143182
motor1 -16.6518739793 -15.5491620757 108.558339251 -7.18720666625 -23.9986381206 112.581699545
motor2 5.43013168154 6.65700573346 50.1625901363 0.13458801231 -7.37937744731 49.2628453117
motor1 -17.0040121845 -14.7499382501 108.099299598 -7.04879818482 -23.3316558088 113.180468672
motor2 5.68291852332 7.3505567764 46.167925464 0.174107474717 -6.20566440961 46.0421158236
motor1 -17.36145959 -13.9683001048 107.626973851 -6.90981324549 -22.6801019292 113.802946803
motor2 5.93899433936 8.0243830746 42.0139525296 0.214808660599 -5.02597293936 42.6914622199
motor1 -17.7242679914 -13.2049840053 107.141680934 -6.77025042746 -22.0445964949 114.450092065
motor2 6.19834408217 8.67790101574 37.6983906653 0.256733220565 -3.84044592461 39.2091119235
motor1 -18.0924894719 -12.4607335102 106.643746332 -6.63010809598 -21.4257653317 115.1228739
motor2 6.46095220926 9.31052228896 33.2189464143 0.29992324807 -2.64922805151 35.593283414
motor1 -18.4661764027 -11.7362993711 106.133502094 -6.48938440235 -20.8242400774 115.822273066
motor2 6.72680268316 9.9216538849 28.5733135318 0.344421279414 -1.4524658043 31.8421862276
motor1 -18.8453814427 -11.0324395325 105.611286827 -6.34807728394 -20.2406581824 116.549281637
motor2 6.99587897138 10.5106980957 23.759172984 0.390270293744 -0.250307465287 27.9540209578
motor1 -19.2301575385 -10.349919132 105.077445702 -6.20618446415 -19.6756629093 117.304903002
motor2 7.26816404645 11.0770525149 18.7741929491 0.437513713052 0.957096885098 23.9269792542
motor1 -19.6205579246 -9.68951049991 104.532330448 -6.06370345245 -19.1299033331 118.090151864
motor2 7.5436403859 11.6201100376 13.6160288164 0.486195402178 2.16959536835 19.7592438239
motor1 -20.0166361233 -9.05199315976 103.976299356 -5.92063154436 -18.6040343409 118.906054245
motor2 7.82228997227 12.1392588604 8.28232318713 0.536359668805 3.38703430788 15.4489884301
motor1 -20.4184459444 -8.43815382795 103.40971728 -5.77696582143 -18.0987166324 119.753647478
motor2 8.10409429311 12.6338824814 2.77070587364 0.588051263463 4.609258229 10.9943778933
motor1 -20.8260414859 -7.84878641385 102.832955634 -5.6327031513 -17.6146167195 120.633980217
motor2 8.38903434095 13.1033597001 -2.92120610002 0.64131537953 5.83610985893 6.39356809056
motor1 -21.2394771332 -7.28469201983 102.24639239 -5.48784018764 -17.1524069263 121.548112425
motor2 8.67709061335 13.5470646175 -8.7958084983 0.696197653227 7.06743012681 1.64470595574
motor1 -21.6588075598 -6.74667894121 101.650412087 -5.34237337017 -16.7127653895 122.497115387
motor2 8.96824311287 13.9643666361 -14.8555098742 0.752744163623 8.30305816367 -3.2540705205
motor1 -22.0840877267 -6.23556266629 101.04540582 -5.19629892467 -16.296376058 123.482071699
motor2 9.26247134707 14.35463046 -21.1027315691 0.811001432632 9.54283130248 -8.30463229072
motor1 -22.5153728829 -5.75216587635 100.431771246 -5.04961286297 -15.9039286928 124.504075274
motor2 9.5597543285 14.7172160945 -27.539907713 0.871016425014 10.7865850781 -13.5088592507
motor1 -22.9527185651 -5.29731844562 99.8099125863 -4.90231098296 -15.5361188677 125.564231341
motor2 9.86007057476 15.0514788467 -34.1694852242 0.932836548375 12.0341532273 -18.8686402394
motor1 -23.3961805977 -4.87185744131 99.1802406194 -4.75438886856 -15.1936479683 126.663656444
motor2 10.1633981084 15.3567693251 -40.9939238098 0.996509653167 13.2853676887 -24.385873039
motor1 -23.845815093 -4.47662712363 98.5431726866 -4.60584188978 -14.8772231928 127.803478442
motor2 10.469714457 15.6324334395 -48.0156959652 1.06208403269 14.5400586031 -30.062464375
motor1 -24.301678451 -4.11247894571 97.89913269 -4.45666520265 -14.5875575518 128.98483651
motor2 10.7789966532 15.8778124014 -55.2372869742 1.12960842308 15.7980543127 -35.900329916
motor1 -24.7638273596 -3.78027155369 97.2485510929 -4.30685374926 -14.3253698681 130.208881139
motor2 11.0912212345 16.0922427236 -62.6611949092 1.19913200334 17.0591813622 -41.9013942738
motor1 -25.2323187943 -3.48087078667 96.5918649195 -4.15640225777 -14.0913847767 131.476774135
motor2 11.4063642435 16.2750562206 -70.289930631 1.27070439529 18.3232644977 -48.0675910036
motor1 -25.7072100186 -3.21514967672 95.9295177551 -4.00530524236 -13.8863327253 132.789688619
motor2 11.7244012279 16.4255800083 -78.1260177892 1.34437566363 19.5901266676 -54.4008626036
motor1 -26.1885585834 -2.98398844889 95.2619597461 -3.85355700329 -13.7109499734 134.148809028
motor2 12.0453072402 16.5431365039 -86.1719928215 1.42019631587 20.8595890219 -60.9031605152
motor1 -26.6764223279 -2.78827452119 94.5896475999 -3.70115162687 -13.5659785934 135.555331115
motor2 12.3690568381 16.6270434264 -94.4304049543 1.49821730239 22.1314709128 -67.5764451233
motor1 -27.1708593788 -2.62890250461 93.9130445851 -3.54808298545 -13.4521664695 137.010461948
motor2 12.6956240842 16.676613796 -102.903816202 1.57849001642 23.4055898941 -74.4226857558
motor1 -27.6719281504 -2.5067742031 93.2326205311 -3.39434473744 -13.3702672985 138.51541991
motor2 13.024982546 16.6911559346 -111.594801369 1.66106629401 24.6817617218 -81.4438606838
motor1 -28.1796873451 -2.4227986136 92.5488518285 -3.23993032731 -13.3210405896 140.071434701
motor2 13.3571052963 16.6699734655 -120.505948046 1.74599841408 25.9598003537 -88.6419571216
motor1 -28.694195953 -2.37789192601 91.8622214292 -3.08483298555 -13.305251664 141.679747335
motor2 13.6919649125 16.6123653134 -129.639856614 1.83333909839 27.2395179493 -96.0189712269
motor1 -29.2155132519 -2.3729775232 91.1732188458 -2.92904572875 -13.3236716557 143.341610142
motor2 14.0295334775 16.5176257046 -138.999140242 1.92314151153 28.5207248704 -103.576908101
motor1 -29.7436988075 -2.40898598101 90.4823401521 -2.77256135952 -13.3770775104 145.058286767
motor2 14.3697825787 16.3850441669 -148.586424886 2.01545926096 29.8032296805 -111.317781786
motor1 -30.278812473 -2.48685506827 89.7900879831 -2.61537246654 -13.4662519868 146.831052172
motor2 14.712683309 16.2139055294 -158.404349293 2.11034639697 31.0868391449 -119.243615272
motor1 -30.8209143897 -2.60752974676 89.0969715346 -2.45747142452 -13.5919836554 148.661192633
motor2 15.0582062658 16.003489923 -168.455564997 2.20785741271 32.371358231 -127.356440487
motor1 -31.3700649867 -2.77196217124 88.4035065636 -2.29885039424 -13.7550668993 150.550005743
motor2 15.4063215518 15.7530727797 -178.742736321 2.30804724416 33.6565901081 -135.658298306
motor1 -31.9263249805 -2.98111168945 87.7102153883 -2.13950132254 -13.9563019137 152.498800408
motor2 15.7569987748 15.4619248334 -189.268540376 2.41097127016 34.9423361472 -144.151238545
motor1 -32.4897553757 -3.23594484208 87.0176268877 -1.97941594229 -14.1964947065 154.508896853
motor2 16.1102070473 15.1293121192 -200.035667061 2.51668531237 36.2283959215 -152.837319965
motor1 -33.0604174647 -3.53743536281 86.326276502 -1.81858577244 -14.4764570974 156.581626614
motor2 16.4659149871 14.7544959736 -211.046819065 2.62524563534 37.5145672059 -161.718610269
motor1 -33.6383728275 -3.88656417829 85.6367062325 -1.65700211795 -14.797006719 158.718332548
motor2 16.8240907168 14.3367330349 -222.304711865 2.73670894642 38.8006459773 -170.797186104
motor1 -34.223683332 -4.28431940813 84.9494646415 -1.49465606989 -15.1589670157 160.920368823
motor2 17.1847018641 13.8752752428 -233.812073725 2.85113239584 40.0864264146 -180.075133058
motor1 -34.8164111338 -4.73169636492 84.2651068524 -1.33153850533 -15.5631672446 163.189100924
motor2 17.5477155617 13.3693698382 -245.5716457 2.96857357666 41.3717008983 -189.554545666
motor1 -35.4166186764 -5.22969755424 83.5841945496 -1.16764008742 -16.010442475 165.525905652
motor2 17.9130984472 12.8182593638 -257.586181632 3.08909052479 42.6562600111 -199.237527403
motor1 -36.0243686909 -5.7793326746 82.9072959785 -1.00295126536 -16.5016335884 167.932171123
motor2 18.2808166633 12.2211816637 -269.858448151 3.21274171898 43.9398925375 -209.126190689
motor1 -36.6397241964 -6.38161861751 82.2349859459 -0.837462274404 -17.0375872787 170.409296769
motor2 18.6508358578 11.5773698834 -282.391224677 3.33958608083 45.2223854641 -219.222656886
motor1 -37.2627484996 -7.03757946746 81.5678458192 -0.671163135845 -17.6191560522 172.958693337
motor2 19.0231211833 10.8860524701 -295.187303417 3.46968297479 46.503523979 -229.5290563
motor1 -37.8935051951 -7.74824650188 80.9064635273 -0.504043657042 -18.2471982276 175.581782889
motor2 19.3976372976 10.1464531721 -308.249489368 3.60309220815 47.7830914725 -240.047528181
motor1 -38.5320581652 -8.51465819119 80.2514335597 -0.336093431401 -18.9225779356 178.279998804
motor2 19.7743483634 9.3577910396 -321.580600313 3.73987403105 49.0608695369 -250.78022072
motor1 -39.17847158 -9.3378601988 79.6033569675 -0.167301838382 -19.6461651195 181.054785775
motor2 20.1532180483 8.51928042403 -335.183466827 3.88008913648 50.3366379661 -261.729291053
motor1 -39.8328098973 -10.2189053811 78.9628413624 0.00234195650199 -20.4188355348 183.907599811
motor2 20.5342095251 7.63013097839 -349.06093227 4.02379866026 51.6101747563 -272.896905258
motor1 -40.495137863 -11.1588537873 78.3305009173 0.172849001687 -21.2414707495 186.839908237
motor2 20.9172854715 6.68954765715 -363.215852793 4.17106418107 52.8812561051 -284.285238358
motor1 -41.1655205104 -12.1587726598 77.7069563663 0.344230559554 -22.1149581436 189.853189694
motor2 21.3024080703 5.69673071626 -377.651097335 4.32194772043 54.1496564125 -295.896474318
motor1 -41.8440231607 -13.2197364339 77.0928350045 0.516498106435 -23.0401909098 192.948934136
motor2 21.6895390092 4.65087571318 -392.369547622 4.47651174272 55.4151482802 -307.732806046
motor1 -42.530711423 -14.3428267378 76.488770688 0.689663332607 -24.0180680528 196.128642836
motor2 22.0786394808 3.55117350681 -407.37409817 4.63481915514 56.6775025117 -319.796435393
motor1 -43.2256511941 -15.5291323928 75.8954038339 0.863738142295 -25.0494943898 199.393828379
motor2 22.4696701831 2.39681025758 -422.667656284 4.79693330775 57.9364881127 -332.089573154
motor1 -43.9289086585 -16.779749413 75.3133814205 1.03873465367 -26.1353805503 202.746014667
motor2 22.8625913186 1.18696742738 -438.253142055 4.96291799347 59.1918722905 -344.614439068
motor1 -44.6405502886 -18.0957810055 74.7433569872 1.21466519886 -27.2766429761 206.18673692
motor2 23.2573625953 -0.0791782204188 -454.133488365 5.13283744804 60.4434204545 -357.373261816
motor1 -45.3606428445 -19.4783375706 74.1859906343 1.39154232391 -28.4742039213 209.717541669
motor2 23.6539432257 -1.40245462095 -470.311640884 5.30675635006 61.690896216 -370.368279021
motor1 -46.0892533742 -20.9285367014 73.6419490233 1.56937878887 -29.7289914524 213.339986763
motor2 24.0522919278 -2.78369440785 -486.790558069 5.48473982098 62.934061388 -383.601737252
motor1 -46.8264492133 -22.4475031838 73.1119053767 1.74818756767 -31.0419394481 217.055641367
motor2 24.4523669242 -4.22373491331 -503.573211167 5.66685342508 64.1726759858 -397.075892019
